2.000000000000000e+10 2.440308321354318e+01 -9.006230991430105e+01
2.033000000000000e+10 2.397622738675019e+01 -9.006331846546149e+01
2.066000000000000e+10 2.356251136532761e+01 -9.006432765613245e+01
2.099000000000000e+10 2.316131534606329e+01 -9.006533720990456e+01
2.132000000000000e+10 2.277205794489334e+01 -9.006634693118299e+01
2.165000000000000e+10 2.239419324463584e+01 -9.006735674735424e+01
2.198000000000000e+10 2.202720810467905e+01 -9.006836671316844e+01
2.231000000000000e+10 2.167061971340350e+01 -9.006937697817951e+01
2.264000000000000e+10 2.132397336482427e+01 -9.007038772835078e+01
2.297000000000000e+10 2.098684043993040e+01 -9.007139911951218e+01
2.330000000000000e+10 2.065881657166560e+01 -9.007241122167513e+01
2.363000000000000e+10 2.033951997158073e+01 -9.007342398917366e+01
2.396000000000000e+10 2.002858989667269e+01 -9.007443726363486e+01
2.429000000000000e+10 1.972568523707036e+01 -9.007545080732628e+01
2.462000000000000e+10 1.943048320877312e+01 -9.007646435617831e+01
2.495000000000000e+10 1.914267813989601e+01 -9.007747767696040e+01
2.528000000000000e+10 1.886198034297074e+01 -9.007849061284449e+01
2.561000000000000e+10 1.858811506899848e+01 -9.007950310572019e+01
2.594000000000000e+10 1.832082154064599e+01 -9.008051519073365e+01
2.627000000000000e+10 1.805985206212513e+01 -9.008152696645689e+01
2.660000000000000e+10 1.780497120220118e+01 -9.008253855061055e+01
2.693000000000000e+10 1.755595504503322e+01 -9.008355003460895e+01
2.726000000000000e+10 1.731259050186464e+01 -9.008456144964732e+01
2.759000000000000e+10 1.707467467555604e+01 -9.008557275297562e+01
2.792000000000000e+10 1.684201426995694e+01 -9.008658383675441e+01
2.825000000000000e+10 1.661442503716699e+01 -9.008759455534752e+01
2.858000000000000e+10 1.639173125758537e+01 -9.008860476193898e+01
2.891000000000000e+10 1.617376524979460e+01 -9.008961434325310e+01
2.924000000000000e+10 1.596036690924980e+01 -9.009062324236824e+01
2.957000000000000e+10 1.575138327600309e+01 -9.009163146360433e+01
2.990000000000000e+10 1.554666813205871e+01 -9.009263905894448e+01
3.023000000000000e+10 1.534608162846506e+01 -9.009364610080503e+01
3.056000000000000e+10 1.514948994115755e+01 -9.009465264966485e+01
3.089000000000000e+10 1.495676495328629e+01 -9.009565872615147e+01
3.122000000000000e+10 1.476778396070022e+01 -9.009666429548624e+01
3.155000000000000e+10 1.458242939675155e+01 -9.009766926830540e+01
3.188000000000000e+10 1.440058857276008e+01 -9.009867351703373e+01
3.221000000000000e+10 1.422215343128338e+01 -9.009967690260686e+01
3.254000000000000e+10 1.404702031052865e+01 -9.010067930359482e+01
3.287000000000000e+10 1.387508971949828e+01 -9.010168063943729e+01
3.320000000000000e+10 1.370626612443884e+01 -9.010268088150346e+01
3.353000000000000e+10 1.354045774765496e+01 -9.010368004936801e+01
3.386000000000000e+10 1.337757637965299e+01 -9.010467819399580e+01
3.419000000000000e+10 1.321753720499068e+01 -9.010567537314438e+01
3.452000000000000e+10 1.306025864134121e+01 -9.010667162630597e+01
3.485000000000000e+10 1.290566219039547e+01 -9.010766695640395e+01
3.518000000000000e+10 1.275367229859719e+01 -9.010866132331475e+01
3.551000000000000e+10 1.260421622548916e+01 -9.010965465083696e+01
3.584000000000000e+10 1.245722391769799e+01 -9.011064684491899e+01
3.617000000000000e+10 1.231262788721546e+01 -9.011163781785012e+01
3.650000000000000e+10 1.217036309345710e+01 -9.011262751156352e+01
3.683000000000000e+10 1.203036682938715e+01 -9.011361591350385e+01
3.716000000000000e+10 1.189257861257258e+01 -9.011460306055720e+01
3.749000000000000e+10 1.175694008225478e+01 -9.011558902972854e+01
3.782000000000000e+10 1.162339490336665e+01 -9.011657391767275e+01
3.815000000000000e+10 1.149188867795100e+01 -9.011755781398672e+01
3.848000000000000e+10 1.136236886379889e+01 -9.011854077465985e+01
3.881000000000000e+10 1.123478469949525e+01 -9.011952280194157e+01
3.914000000000000e+10 1.110908713459739e+01 -9.012050383524411e+01
3.947000000000000e+10 1.098522876347674e+01 -9.012148375505799e+01
3.980000000000000e+10 1.086316376145895e+01 -9.012246239884487e+01
4.013000000000000e+10 1.074284782225516e+01 -9.012343958531925e+01
4.046000000000000e+10 1.062423809617921e+01 -9.012441514186776e+01
4.079000000000000e+10 1.050729312918189e+01 -9.012538892949939e+01
4.112000000000000e+10 1.039197280316785e+01 -9.012636086056094e+01
4.145000000000000e+10 1.027823827832655e+01 -9.012733090622542e+01
4.178000000000000e+10 1.016605193826163e+01 -9.012829909300521e+01
4.211000000000000e+10 1.005537733856898e+01 -9.012926548971716e+01
4.244000000000000e+10 9.946179159235003e+00 -9.013023018801589e+01
4.277000000000000e+10 9.838423160891065e+00 -9.013119328052808e+01
4.310000000000000e+10 9.732076144634217e+00 -9.013215484068823e+01
4.343000000000000e+10 9.627105914871640e+00 -9.013311490768743e+01
4.376000000000000e+10 9.523481244505319e+00 -9.013407347872449e+01
4.409000000000000e+10 9.421171841750134e+00 -9.013503050927410e+01
4.442000000000000e+10 9.320148317964280e+00 -9.013598592063884e+01
4.475000000000000e+10 9.220382156033919e+00 -9.013693961287537e+01
4.508000000000000e+10 9.121845679062480e+00 -9.013789148040996e+01
4.541000000000000e+10 9.024512019330185e+00 -9.013884142740375e+01
4.574000000000000e+10 8.928355087677271e+00 -9.013978938013634e+01
4.607000000000000e+10 8.833349543605328e+00 -9.014073529436665e+01
4.640000000000000e+10 8.739470766459364e+00 -9.014167915658911e+01
4.673000000000000e+10 8.646694828049508e+00 -9.014262097924886e+01
4.706000000000000e+10 8.554998466993220e+00 -9.014356079107128e+01
4.739000000000000e+10 8.464359064925709e+00 -9.014449862453917e+01
4.772000000000000e+10 8.374754624557768e+00 -9.014543450302276e+01
4.805000000000000e+10 8.286163749395639e+00 -9.014636843007700e+01
4.838000000000000e+10 8.198565624800457e+00 -9.014730038289159e+01
4.871000000000000e+10 8.111939999990399e+00 -9.014823031098967e+01
4.904000000000000e+10 8.026267170590344e+00 -9.014915814013321e+01
4.937000000000000e+10 7.941527961410454e+00 -9.015008378031250e+01
4.970000000000000e+10 7.857703709268103e+00 -9.015100713587458e+01
5.003000000000000e+10 7.774776245828288e+00 -9.015192811550963e+01
5.036000000000000e+10 7.692727880586291e+00 -9.015284664000438e+01
5.069000000000000e+10 7.611541384217335e+00 -9.015376264635790e+01
5.102000000000000e+10 7.531199972550673e+00 -9.015467608781555e+01
5.135000000000000e+10 7.451687291387769e+00 -9.015558693040485e+01
5.168000000000000e+10 7.372987402285586e+00 -9.015649514732145e+01
5.201000000000000e+10 7.295084769303875e+00 -9.015740071287691e+01
5.234000000000000e+10 7.217964246598474e+00 -9.015830359758252e+01
5.267000000000000e+10 7.141611066669463e+00 -9.015920376536430e+01
5.300000000000000e+10 7.066010829055902e+00 -9.016010117312777e+01
5.333000000000000e+10 6.991149489309151e+00 -9.016099577211774e+01
5.366000000000000e+10 6.917013348163056e+00 -9.016188751001854e+01
5.399000000000000e+10 6.843589040906907e+00 -9.016277633265273e+01
5.432000000000000e+10 6.770863527044693e+00 -9.016366218445842e+01
5.465000000000000e+10 6.698824080350915e+00 -9.016454500753856e+01
5.498000000000000e+10 6.627458279413138e+00 -9.016542473973482e+01
5.531000000000000e+10 6.556753998687772e+00 -9.016630131266916e+01
5.564000000000000e+10 6.486699400017329e+00 -9.016717465079539e+01
5.597000000000000e+10 6.417282924490226e+00 -9.016804467220031e+01
5.630000000000000e+10 6.348493284495272e+00 -9.016891129124635e+01
5.663000000000000e+10 6.280319455847152e+00 -9.016977442241135e+01
5.696000000000000e+10 6.212750669925914e+00 -9.017063398409415e+01
5.729000000000000e+10 6.145776405864651e+00 -9.017148990095349e+01
5.762000000000000e+10 6.079386382904997e+00 -9.017234210366998e+01
5.795000000000000e+10 6.013570553085513e+00 -9.017319052574197e+01
5.828000000000000e+10 5.948319094418520e+00 -9.017403509790300e+01
5.861000000000000e+10 5.883622404644077e+00 -9.017487574161038e+01
5.894000000000000e+10 5.819471095546048e+00 -9.017571236353416e+01
5.927000000000000e+10 5.755855987702243e+00 -9.017654485285553e+01
5.960000000000000e+10 5.692768105463747e+00 -9.017737308247946e+01
5.993000000000000e+10 5.630198671935434e+00 -9.017819691413352e+01
6.026000000000000e+10 5.568139103776787e+00 -9.017901620613598e+01
6.059000000000000e+10 5.506581005748702e+00 -9.017983082173583e+01
6.092000000000000e+10 5.445516165057121e+00 -9.018064063568295e+01
6.125000000000000e+10 5.384936545661591e+00 -9.018144553716577e+01
6.158000000000000e+10 5.324834282773368e+00 -9.018224542838314e+01
6.191000000000000e+10 5.265201677755528e+00 -9.018304021940303e+01
6.224000000000000e+10 5.206031193546810e+00 -9.018382982118723e+01
6.257000000000000e+10 5.147315450600768e+00 -9.018461413926943e+01
6.290000000000000e+10 5.089047223195400e+00 -9.018539307032070e+01
6.323000000000000e+10 5.031219435879335e+00 -9.018616650272720e+01
6.356000000000000e+10 4.973825159812771e+00 -9.018693432067481e+01
6.389000000000000e+10 4.916857608839520e+00 -9.018769640961318e+01
6.422000000000000e+10 4.860310135278647e+00 -9.018845265992792e+01
6.455000000000000e+10 4.804176225594812e+00 -9.018920296568568e+01
6.488000000000000e+10 4.748449496245281e+00 -9.018994721653631e+01
6.521000000000000e+10 4.693123690051394e+00 -9.019068528305706e+01
6.554000000000000e+10 4.638192673374645e+00 -9.019141699836966e+01
6.587000000000000e+10 4.583650434199460e+00 -9.019214214099790e+01
6.620000000000000e+10 4.529491080980295e+00 -9.019286042482017e+01
6.653000000000000e+10 4.475708841865610e+00 -9.019357150118230e+01
6.686000000000000e+10 4.422298063747301e+00 -9.019427497569170e+01
6.719000000000000e+10 4.369253210558012e+00 -9.019497043846057e+01
6.752000000000000e+10 4.316568860378901e+00 -9.019565750255467e+01
6.785000000000000e+10 4.264239701202184e+00 -9.019633584225926e+01
6.818000000000000e+10 4.212260525551729e+00 -9.019700522156512e+01
6.851000000000000e+10 4.160626224506237e+00 -9.019766550455677e+01
6.884000000000000e+10 4.109331781894697e+00 -9.019831664308303e+01
6.917000000000000e+10 4.058372269472512e+00 -9.019895864242656e+01
6.950000000000000e+10 4.007742843712665e+00 -9.019959151135164e+01
6.983000000000000e+10 3.957438744493663e+00 -9.020021520734808e+01
7.016000000000000e+10 3.907455295520603e+00 -9.020082958981196e+01
7.049000000000000e+10 3.857787905892153e+00 -9.020143439258840e+01
7.082000000000000e+10 3.808432071938676e+00 -9.020202922288912e+01
7.115000000000000e+10 3.759383378390872e+00 -9.020261358709098e+01
7.148000000000000e+10 3.710637498114131e+00 -9.020318693699670e+01
7.181000000000000e+10 3.662190190026015e+00 -9.020374872459774e+01
7.214000000000000e+10 3.614037295299580e+00 -9.020429845087899e+01
7.247000000000000e+10 3.566174732418835e+00 -9.020483569548041e+01
7.280000000000000e+10 3.518598491964858e+00 -9.020536011892321e+01
7.313000000000000e+10 3.471304632089265e+00 -9.020587143641863e+01
7.346000000000000e+10 3.424289275448985e+00 -9.020636937002715e+01
7.379000000000000e+10 3.377548607983236e+00 -9.020685359206202e+01
7.412000000000000e+10 3.331078879416387e+00 -9.020732367531703e+01
7.445000000000000e+10 3.284876404905060e+00 -9.020777906415307e+01
7.478000000000000e+10 3.238937566944131e+00 -9.020821907496241e+01
7.511000000000000e+10 3.193258816587659e+00 -9.020864292651396e+01
7.544000000000000e+10 3.147836673242844e+00 -9.020904979231292e+01
7.577000000000000e+10 3.102667722703247e+00 -9.020943886075649e+01
7.610000000000000e+10 3.057748613584322e+00 -9.020980938631774e+01
7.643000000000000e+10 3.013076052773888e+00 -9.021016071711435e+01
7.676000000000000e+10 2.968646800783338e+00 -9.021049229044937e+01
7.709000000000000e+10 2.924457667911839e+00 -9.021080359659950e+01
7.742000000000000e+10 2.880505511904526e+00 -9.021109411986973e+01
7.775000000000000e+10 2.836787237370680e+00 -9.021136327220260e+01
7.808000000000000e+10 2.793299796744397e+00 -9.021161033664251e+01
7.841000000000000e+10 2.750040192159402e+00 -9.021183443506149e+01
7.874000000000000e+10 2.707005477385714e+00 -9.021203452751816e+01
7.907000000000000e+10 2.664192759001075e+00 -9.021220944146421e+01
7.940000000000000e+10 2.621599196231363e+00 -9.021235792034300e+01
7.973000000000000e+10 2.579221999312326e+00 -9.021247867554608e+01
8.006000000000000e+10 2.537058426672845e+00 -9.021257042485158e+01
8.039000000000000e+10 2.495105781586207e+00 -9.021263190473290e+01
8.072000000000000e+10 2.453361409077328e+00 -9.021266185203132e+01
8.105000000000000e+10 2.411822693770618e+00 -9.021265896009777e+01
8.138000000000000e+10 2.370487059050916e+00 -9.021262182266790e+01
8.171000000000000e+10 2.329351967482019e+00 -9.021254888285870e+01
8.204000000000000e+10 2.288414922019933e+00 -9.021243840333318e+01
8.237000000000000e+10 2.247673467295651e+00 -9.021228846706299e+01
8.270000000000000e+10 2.207125190209029e+00 -9.021209700801320e+01
8.303000000000000e+10 2.166767719288053e+00 -9.021186186049766e+01
8.336000000000000e+10 2.126598722662426e+00 -9.021158080821368e+01
8.369000000000000e+10 2.086615904962481e+00 -9.021125161170453e+01
8.402000000000000e+10 2.046817003838963e+00 -9.021087199733560e+01
8.435000000000000e+10 2.007199786985242e+00 -9.021043960100505e+01
8.468000000000000e+10 1.967762050463211e+00 -9.020995187308810e+01
8.501000000000000e+10 1.928501618798896e+00 -9.020940596372171e+01
8.534000000000000e+10 1.889416346813768e+00 -9.020879861556799e+01
8.567000000000000e+10 1.850504122633388e+00 -9.020812609180157e+01
8.600000000000000e+10 1.811762870921829e+00 -9.020738415937886e+01
8.633000000000000e+10 1.773190555252410e+00 -9.020656813308939e+01
8.666000000000000e+10 1.734785178694131e+00 -9.020567296819880e+01
8.699000000000000e+10 1.696544782136985e+00 -9.020469337332510e+01
8.732000000000000e+10 1.658467440482649e+00 -9.020362390540879e+01
8.765000000000000e+10 1.620551257426983e+00 -9.020245900846062e+01
8.798000000000000e+10 1.582794359987198e+00 -9.020119296800640e+01
8.831000000000000e+10 1.545194894055510e+00 -9.019981977179154e+01
8.864000000000000e+10 1.507751022044622e+00 -9.019833288970767e+01
8.897000000000000e+10 1.470460923180073e+00 -9.019672500626622e+01
8.930000000000000e+10 1.433322796318893e+00 -9.019498775140916e+01
8.963000000000000e+10 1.396334864515321e+00 -9.019311147619928e+01
8.996000000000000e+10 1.359495380089157e+00 -9.019108510783290e+01
9.029000000000000e+10 1.322802628808591e+00 -9.018889609598720e+01
9.062000000000000e+10 1.286254932019674e+00 -9.018653043493107e+01
9.095000000000000e+10 1.249850646080692e+00 -9.018397272004977e+01
9.128000000000000e+10 1.213588159153459e+00 -9.018120618009586e+01
9.161000000000000e+10 1.177465886079484e+00 -9.017821262224882e+01
9.194000000000000e+10 1.141482262548071e+00 -9.017497223723656e+01
9.227000000000000e+10 1.105635739921429e+00 -9.017146323372357e+01
9.260000000000000e+10 1.069924781881145e+00 -9.016766129899194e+01
9.293000000000000e+10 1.034347863561348e+00 -9.016353890878409e+01
9.326000000000000e+10 9.989034731755259e-01 -9.015906452524965e+01
9.359000000000000e+10 9.635901155051085e-01 -9.015420172252908e+01
9.392000000000000e+10 9.284063161687940e-01 -9.014890826243565e+01
9.425000000000000e+10 8.933506254449526e-01 -9.014313510976838e+01
9.458000000000000e+10 8.584216206049720e-01 -9.013682533328560e+01
9.491000000000000e+10 8.236179061693613e-01 -9.012991279116802e+01
9.524000000000000e+10 7.889381120887715e-01 -9.012232045533798e+01
9.557000000000000e+10 7.543808904124671e-01 -9.011395819043528e+01
9.590000000000000e+10 7.199449113868847e-01 -9.010471976869422e+01
9.623000000000000e+10 6.856288600325962e-01 -9.009447886282281e+01
9.656000000000000e+10 6.514314340634682e-01 -9.008308369938634e+01
9.689000000000000e+10 6.173513436053405e-01 -9.007034995114469e+01
9.722000000000000e+10 5.833873126672168e-01 -9.005605126483994e+01
9.755000000000000e+10 5.495380818650439e-01 -9.003990651327004e+01
9.788000000000000e+10 5.158024116222528e-01 -9.002156235417516e+01
9.821000000000000e+10 4.821790850473068e-01 -9.000056885244997e+01
9.854000000000000e+10 4.486669099175045e-01 -8.997634456024588e+01
9.887000000000000e+10 4.152647196211459e-01 -8.994812514548059e+01
9.920000000000000e+10 3.819713734307858e-01 -8.991488561687443e+01
9.953000000000000e+10 3.487857570162234e-01 -8.987521878794691e+01
9.986000000000000e+10 3.157067846483055e-01 -8.982713837511831e+01
1.001900000000000e+11 2.827334052491592e-01 -8.976774615608612e+01
1.005200000000000e+11 2.498646158117668e-01 -8.969263979472140e+01
1.008500000000000e+11 2.170994890781645e-01 -8.959479077019459e+01
1.011800000000000e+11 1.844372315249071e-01 -8.946224251543791e+01
1.015100000000000e+11 1.518773150716436e-01 -8.927287415646131e+01
1.018400000000000e+11 1.194198204333640e-01 -8.898068870294034e+01
1.021700000000000e+11 8.706653911653835e-02 -8.847171421430531e+01
1.025000000000000e+11 5.482594528029882e-02 -8.736505091892700e+01
1.028300000000000e+11 2.276018404723874e-02 -8.313755779040632e+01
1.031600000000000e+11 9.917385401464097e-03 7.288101754647103e+01
1.034900000000000e+11 4.157561783231725e-02 8.569671865428182e+01
1.038200000000000e+11 7.342022456843850e-02 8.740765631297130e+01
1.041500000000000e+11 1.051980063827777e-01 8.808109176171767e+01
1.044800000000000e+11 1.368918400229593e-01 8.844069185130192e+01
1.048100000000000e+11 1.684982355993675e-01 8.866411381386941e+01
1.051400000000000e+11 2.000165044905479e-01 8.881621455263857e+01
1.054700000000000e+11 2.314468299238998e-01 8.892630917790086e+01
1.058000000000000e+11 2.627897338814812e-01 8.900958371427856e+01
1.061300000000000e+11 2.940458899949844e-01 8.907469253912069e+01
1.064600000000000e+11 3.252160474434092e-01 8.912692953587576e+01
1.067900000000000e+11 3.563009966823134e-01 8.916971503228959e+01
1.071200000000000e+11 3.873015523471058e-01 8.920535713102005e+01
1.074500000000000e+11 4.182185432571239e-01 8.923546944786509e+01
1.077800000000000e+11 4.490528051391592e-01 8.926121356998981e+01
1.081100000000000e+11 4.798051743190637e-01 8.928344653416775e+01
1.084400000000000e+11 5.104764820017660e-01 8.930281418668135e+01
1.087700000000000e+11 5.410675494614873e-01 8.931981234803482e+01
1.091000000000000e+11 5.715791847031004e-01 8.933482807447581e+01
1.094300000000000e+11 6.020121810448433e-01 8.934816817369806e+01
1.097600000000000e+11 6.323673177293035e-01 8.936007928944363e+01
1.100900000000000e+11 6.626453622303091e-01 8.937076224893408e+01
1.104200000000000e+11 6.928470735378530e-01 8.938038242054390e+01
1.107500000000000e+11 7.229732054899934e-01 8.938907726226786e+01
1.110800000000000e+11 7.530245092503149e-01 8.939696188929155e+01
1.114100000000000e+11 7.830017342954037e-01 8.940413325673677e+01
1.117400000000000e+11 8.129056277070535e-01 8.941067338779409e+01
1.120700000000000e+11 8.427369320376054e-01 8.941665194964828e+01
1.124000000000000e+11 8.724963824008697e-01 8.942212837712889e+01
1.127300000000000e+11 9.021847036304598e-01 8.942715366301027e+01
1.130600000000000e+11 9.318026082935412e-01 8.943177187489692e+01
1.133900000000000e+11 9.613507960722792e-01 8.943602142212747e+01
1.137200000000000e+11 9.908299546148736e-01 8.943993608103345e+01
1.140500000000000e+11 1.020240761534355e+00 8.944354578898832e+01
1.143800000000000e+11 1.049583886921171e+00 8.944687723046528e+01
1.147100000000000e+11 1.078859995622670e+00 8.944995425408612e+01
1.150400000000000e+11 1.108069748655434e+00 8.945279817128036e+01
1.153700000000000e+11 1.137213803414615e+00 8.945542799000712e+01
1.157000000000000e+11 1.166292812732482e+00 8.945786062935309e+01
1.160300000000000e+11 1.195307423195455e+00 8.946011114474160e+01
1.163600000000000e+11 1.224258273348714e+00 8.946219297318946e+01
1.166900000000000e+11 1.253145992434114e+00 8.946411818912030e+01
1.170200000000000e+11 1.281971200122030e+00 8.946589774856069e+01
1.173500000000000e+11 1.310734507370569e+00 8.946754169594867e+01
1.176800000000000e+11 1.339436518181153e+00 8.946905931355424e+01
1.180100000000000e+11 1.368077831730478e+00 8.947045920603544e+01
1.183400000000000e+11 1.396659044234392e+00 8.947174932773669e+01
1.186700000000000e+11 1.425180749975023e+00 8.947293697316130e+01
1.190000000000000e+11 1.453643541172990e+00 8.947402875784729e+01
1.193300000000000e+11 1.482048006732504e+00 8.947503061581845e+01
1.196600000000000e+11 1.510394730220525e+00 8.947594783151384e+01
1.199900000000000e+11 1.538684287661369e+00 8.947678511138622e+01
1.203200000000000e+11 1.566917245768870e+00 8.947754668712550e+01
1.206500000000000e+11 1.595094161093959e+00 8.947823643259602e+01
1.209800000000000e+11 1.623215580283862e+00 8.947885797275745e+01
1.213100000000000e+11 1.651282041322974e+00 8.947941476576305e+01
1.216400000000000e+11 1.679294075356204e+00 8.947991014771843e+01
1.219700000000000e+11 1.707252208565091e+00 8.948034734034249e+01
1.223000000000000e+11 1.735156963608689e+00 8.948072943149148e+01
1.226300000000000e+11 1.763008860332099e+00 8.948105934426407e+01
1.229600000000000e+11 1.790808415715203e+00 8.948133981069289e+01
1.232900000000000e+11 1.818556143287014e+00 8.948157336123181e+01
1.236200000000000e+11 1.846252552381039e+00 8.948176233333317e+01
1.239500000000000e+11 1.873898147606159e+00 8.948190889435261e+01
1.242800000000000e+11 1.901493428760680e+00 8.948201506860852e+01
1.246100000000000e+11 1.929038891184427e+00 8.948208275753420e+01
1.249400000000000e+11 1.956535026314393e+00 8.948211374559520e+01
1.252700000000000e+11 1.983982322076125e+00 8.948210969153544e+01
1.256000000000000e+11 2.011381262764844e+00 8.948207211189735e+01
1.259300000000000e+11 2.038732328249461e+00 8.948200236872682e+01
1.262600000000000e+11 2.066035992616149e+00 8.948190167382839e+01
1.265900000000000e+11 2.093292722652036e+00 8.948177111733438e+01
1.269200000000000e+11 2.120502976747362e+00 8.948161171989361e+01
1.272500000000000e+11 2.147667204779534e+00 8.948142449830024e+01
1.275800000000000e+11 2.174785849315358e+00 8.948121052710167e+01
1.279100000000000e+11 2.201859348075186e+00 8.948097097658732e+01
1.282400000000000e+11 2.228888137163551e+00 8.948070711186278e+01
1.285700000000000e+11 2.255872654225377e+00 8.948042024773811e+01
1.289000000000000e+11 2.282813340568242e+00 8.948011166724366e+01
1.292300000000000e+11 2.309710641465903e+00 8.947978252374413e+01
1.295600000000000e+11 2.336565004307619e+00 8.947943375390163e+01
1.298900000000000e+11 2.363376874868428e+00 8.947906602833487e+01
1.302200000000000e+11 2.390146692572745e+00 8.947867975823442e+01
1.305500000000000e+11 2.416874886016537e+00 8.947827516131231e+01
1.308800000000000e+11 2.443561870061362e+00 8.947785237344598e+01
1.312100000000000e+11 2.470208045466039e+00 8.947741157816196e+01
1.315400000000000e+11 2.496813801353734e+00 8.947695311922638e+01
1.318700000000000e+11 2.523379519999938e+00 8.947647756461302e+01
1.322000000000000e+11 2.549905582707375e+00 8.947598570263038e+01
1.325300000000000e+11 2.576392375136114e+00 8.947547846984612e+01
1.328600000000000e+11 2.602840290523431e+00 8.947495683027955e+01
1.331900000000000e+11 2.629249729773614e+00 8.947442164024244e+01
1.335200000000000e+11 2.655621098284946e+00 8.947387353851134e+01
1.338500000000000e+11 2.681954800362522e+00 8.947331289513760e+01
1.341800000000000e+11 2.708251232844067e+00 8.947273983559076e+01
1.345100000000000e+11 2.734510779888520e+00 8.947215433465767e+01
1.348400000000000e+11 2.760733810616635e+00 8.947155635310047e+01
1.351700000000000e+11 2.786920680491181e+00 8.947094597609048e+01
1.355000000000000e+11 2.813071736198922e+00 8.947032351047946e+01
1.358300000000000e+11 2.839187322676050e+00 8.946968950914535e+01
1.361600000000000e+11 2.865267790156514e+00 8.946904471219207e+01
1.364900000000000e+11 2.891313498980402e+00 8.946838992042119e+01
1.368200000000000e+11 2.917324820466888e+00 8.946772583859210e+01
1.371500000000000e+11 2.943302133301881e+00 8.946705293740412e+01
1.374800000000000e+11 2.969245816296553e+00 8.946637137983355e+01
1.378100000000000e+11 2.995156239610691e+00 8.946568103956595e+01
1.381400000000000e+11 3.021033757200624e+00 8.946498161159469e+01
1.384700000000000e+11 3.046878703086656e+00 8.946427278561303e+01
1.388000000000000e+11 3.072691393023372e+00 8.946355443075691e+01
1.391300000000000e+11 3.098472131549736e+00 8.946282673291046e+01
1.394600000000000e+11 3.124221222649394e+00 8.946209023651105e+01
1.397900000000000e+11 3.149938980910718e+00 8.946134576948830e+01
1.401200000000000e+11 3.175625739601708e+00 8.946059426546064e+01
1.404500000000000e+11 3.201281852696209e+00 8.945983653121012e+01
1.407800000000000e+11 3.226907689519826e+00 8.945907302904672e+01
1.411100000000000e+11 3.252503622902499e+00 8.945830374528953e+01
1.414400000000000e+11 3.278070013898982e+00 8.945752819557856e+01
1.417700000000000e+11 3.303607197575531e+00 8.945674557961955e+01
1.421000000000000e+11 3.329115474541719e+00 8.945595505247485e+01
1.424300000000000e+11 3.354595111639022e+00 8.945515604005094e+01
1.427600000000000e+11 3.380046352731278e+00 8.945434850553791e+01
1.430900000000000e+11 3.405469437504766e+00 8.945353307933041e+01
1.434200000000000e+11 3.430864623462108e+00 8.945271099795870e+01
1.437500000000000e+11 3.456232204745550e+00 8.945188385024566e+01
1.440800000000000e+11 3.481572521657794e+00 8.945105318714586e+01
1.444100000000000e+11 3.506885956877449e+00 8.945022009846267e+01
1.447400000000000e+11 3.532172917949097e+00 8.944938487982517e+01
1.450700000000000e+11 3.557433809736788e+00 8.944854689843987e+01
1.454000000000000e+11 3.582669003979075e+00 8.944770471747572e+01
1.457300000000000e+11 3.607878814762124e+00 8.944685646782848e+01
1.460600000000000e+11 3.633063487944142e+00 8.944600038149535e+01
1.463900000000000e+11 3.658223209283460e+00 8.944513534459898e+01
1.467200000000000e+11 3.683358130956121e+00 8.944426130857171e+01
1.470500000000000e+11 3.708468410614792e+00 8.944337942430924e+01
1.473800000000000e+11 3.733554252734062e+00 8.944249183284447e+01
1.477100000000000e+11 3.758615940144485e+00 8.944160114114382e+01
1.480400000000000e+11 3.783653845212826e+00 8.944070970762803e+01
1.483700000000000e+11 3.808668415001888e+00 8.943981893098911e+01
1.487000000000000e+11 3.833660131877460e+00 8.943892875495418e+01
1.490300000000000e+11 3.858629458582360e+00 8.943803756022025e+01
1.493600000000000e+11 3.883576782591173e+00 8.943714251869626e+01
1.496900000000000e+11 3.908502376683124e+00 8.943624035657852e+01
1.500200000000000e+11 3.933406390056903e+00 8.943532834540065e+01
1.503500000000000e+11 3.958288877133863e+00 8.943440525093723e+01
1.506800000000000e+11 3.983149860965052e+00 8.943347194860456e+01
1.510100000000000e+11 4.007989417443611e+00 8.943253147465678e+01
1.513400000000000e+11 4.032807758349074e+00 8.943158841728273e+01
1.516700000000000e+11 4.057605288298606e+00 8.943064773137088e+01
1.520000000000000e+11 4.082382614506373e+00 8.942971324018308e+01
1.523300000000000e+11 4.107140498727133e+00 8.942878621643969e+01
1.526600000000000e+11 4.131879755901939e+00 8.942786447239735e+01
1.529900000000000e+11 4.156601120344440e+00 8.942694231161093e+01
1.533200000000000e+11 4.181305113557144e+00 8.942601151039401e+01
1.536500000000000e+11 4.205991954027184e+00 8.942506323983409e+01
1.539800000000000e+11 4.230661546071503e+00 8.942409056751829e+01
1.543100000000000e+11 4.255313571688648e+00 8.942309095948987e+01
1.546400000000000e+11 4.279947688713511e+00 8.942206809781592e+01
1.549700000000000e+11 4.304563815011344e+00 8.942103237407855e+01
1.553000000000000e+11 4.329162458205810e+00 8.941999961394137e+01
1.556300000000000e+11 4.353745040181179e+00 8.941898788931728e+01
1.559600000000000e+11 4.378314171473900e+00 8.941801259534870e+01
1.562900000000000e+11 4.402873858066000e+00 8.941708017680250e+01
1.566200000000000e+11 4.427429678447909e+00 8.941618078164444e+01
1.569500000000000e+11 4.451989065786516e+00 8.941527932190024e+01
1.572800000000000e+11 4.476562006310604e+00 8.941430197192970e+01
1.576100000000000e+11 4.501162824717126e+00 8.941310789152364e+01
1.579400000000000e+11 4.525814521184232e+00 8.941141161147674e+01
1.582700000000000e+11 4.550558460114507e+00 8.940852203303932e+01
1.586000000000000e+11 4.575464683135650e+00 8.940225550473595e+01
1.589300000000000e+11 4.600395530798903e+00 8.938373807153754e+01
1.592600000000000e+11 4.622025334696334e+00 8.935480298425702e+01
1.595900000000000e+11 4.644707096654572e+00 8.938964838653378e+01
1.599200000000000e+11 4.669866744341882e+00 8.940433773246919e+01
1.602500000000000e+11 4.694277034018715e+00 8.940624957197498e+01
1.605800000000000e+11 4.719025924691307e+00 8.940462083096993e+01
1.609100000000000e+11 4.743571796498379e+00 8.940366362968869e+01
1.612400000000000e+11 4.768011978047755e+00 8.940253827696711e+01
1.615700000000000e+11 4.792386612077136e+00 8.940135248999206e+01
1.619000000000000e+11 4.816715799998813e+00 8.940018591048749e+01
1.622300000000000e+11 4.841012036151930e+00 8.939907642420519e+01
1.625600000000000e+11 4.865283883226047e+00 8.939803300877833e+01
1.628900000000000e+11 4.889537276427524e+00 8.939704593343511e+01
1.632200000000000e+11 4.913776085690091e+00 8.939609509277859e+01
1.635500000000000e+11 4.938002481650373e+00 8.939515710292858e+01
1.638800000000000e+11 4.962217300067921e+00 8.939421097064860e+01
1.642100000000000e+11 4.986420451060365e+00 8.939324192800036e+01
1.645400000000000e+11 5.010611348930406e+00 8.939224318588832e+01
1.648700000000000e+11 5.034789309228495e+00 8.939121568548806e+01
1.652000000000000e+11 5.058953858023345e+00 8.939016626362161e+01
1.655300000000000e+11 5.083104915138033e+00 8.938910489145002e+01
1.658600000000000e+11 5.107242839848095e+00 8.938804173658417e+01
1.661900000000000e+11 5.131368355843329e+00 8.938698472467703e+01
1.665200000000000e+11 5.155482394837803e+00 8.938593806715842e+01
1.668500000000000e+11 5.179585910057010e+00 8.938490193614010e+01
1.671800000000000e+11 5.203679710040442e+00 8.938387317763203e+01
1.675100000000000e+11 5.227764351063664e+00 8.938284672659640e+01
1.678400000000000e+11 5.251840106927543e+00 8.938181726785083e+01
1.681700000000000e+11 5.275907013242385e+00 8.938078069134345e+01
1.685000000000000e+11 5.299964965033632e+00 8.937973500368048e+01
1.688300000000000e+11 5.324013835613478e+00 8.937868054017481e+01
1.691600000000000e+11 5.348053583101701e+00 8.937761952045989e+01
1.694900000000000e+11 5.372084318159991e+00 8.937655515457058e+01
1.698200000000000e+11 5.396106319721442e+00 8.937549059791463e+01
1.701500000000000e+11 5.420120000747800e+00 8.937442805721132e+01
1.704800000000000e+11 5.444125839198070e+00 8.937336827370139e+01
1.708100000000000e+11 5.468124297192054e+00 8.937231048261290e+01
1.711400000000000e+11 5.492115752249868e+00 8.937125280764998e+01
1.714700000000000e+11 5.516100458859155e+00 8.937019293445022e+01
1.718000000000000e+11 5.540078548545426e+00 8.936912884570033e+01
1.721300000000000e+11 5.564050065185039e+00 8.936805940433167e+01
1.724600000000000e+11 5.588015022715352e+00 8.936698463306124e+01
1.727900000000000e+11 5.611973467127847e+00 8.936590563665855e+01
1.731200000000000e+11 5.635925524787829e+00 8.936482421788472e+01
1.734500000000000e+11 5.659871424269116e+00 8.936374231994587e+01
1.737800000000000e+11 5.683811487247217e+00 8.936266146681263e+01
1.741100000000000e+11 5.707746093030191e+00 8.936158236063466e+01
1.744400000000000e+11 5.731675628469686e+00 8.936050473981501e+01
1.747700000000000e+11 5.755600438412446e+00 8.935942752065407e+01
1.751000000000000e+11 5.779520790806052e+00 8.935834916397559e+01
1.754300000000000e+11 5.803436865617654e+00 8.935726814844898e+01
1.757600000000000e+11 5.827348769473414e+00 8.935618340965951e+01
1.760900000000000e+11 5.851256570536427e+00 8.935509462222784e+01
1.764200000000000e+11 5.875160342683820e+00 8.935400225383582e+01
1.767500000000000e+11 5.899060205951165e+00 8.935290738844800e+01
1.770800000000000e+11 5.922956351889759e+00 8.935181138125554e+01
1.774100000000000e+11 5.946849047274817e+00 8.935071545189011e+01
1.777400000000000e+11 5.970738616011536e+00 8.934962033421218e+01
1.780700000000000e+11 5.994625405240778e+00 8.934852607898753e+01
1.784000000000000e+11 6.018509745835888e+00 8.934743205806960e+01
1.787300000000000e+11 6.042391918628939e+00 8.934633715992896e+01
1.790600000000000e+11 6.066272135631056e+00 8.934524011352620e+01
1.793900000000000e+11 6.090150540943750e+00 8.934413984495279e+01
1.797200000000000e+11 6.114027230387747e+00 8.934303576688073e+01
1.800500000000000e+11 6.137902283730715e+00 8.934192792445184e+01
1.803800000000000e+11 6.161775800183286e+00 8.934081696461449e+01
1.807100000000000e+11 6.185647927356724e+00 8.933970394611943e+01
1.810400000000000e+11 6.209518876131472e+00 8.933859005004688e+01
1.813700000000000e+11 6.233388918119597e+00 8.933747627453533e+01
1.817000000000000e+11 6.257258367338015e+00 8.933636319680687e+01
1.820300000000000e+11 6.281127551942586e+00 8.933525086219589e+01
1.823600000000000e+11 6.304996784262181e+00 8.933413882149843e+01
1.826900000000000e+11 6.328866337356734e+00 8.933302629611316e+01
1.830200000000000e+11 6.352736434033471e+00 8.933191241690641e+01
1.833500000000000e+11 6.376607250457817e+00 8.933079646630964e+01
1.836800000000000e+11 6.400478932331708e+00 8.932967805731023e+01
1.840100000000000e+11 6.424351618267539e+00 8.932855720524384e+01
1.843400000000000e+11 6.448225463348705e+00 8.932743428124630e+01
1.846700000000000e+11 6.472100656294998e+00 8.932630986995545e+01
1.850000000000000e+11 6.495977425898196e+00 8.932518457906305e+01
1.853300000000000e+11 6.519856035714271e+00 8.932405885815331e+01
1.856600000000000e+11 6.543736769384925e+00 8.932293287722740e+01
1.859900000000000e+11 6.567619911448777e+00 8.932180649454504e+01
1.863200000000000e+11 6.591505729437633e+00 8.932067931580220e+01
1.866500000000000e+11 6.615394462269019e+00 8.931955082056692e+01
1.869800000000000e+11 6.639286317780050e+00 8.931842051465426e+01
1.873100000000000e+11 6.663181479415544e+00 8.931728806308323e+01
1.876400000000000e+11 6.687080119451915e+00 8.931615336760044e+01
1.879700000000000e+11 6.710982414460789e+00 8.931501657177584e+01
1.883000000000000e+11 6.734888558420328e+00 8.931387799911377e+01
1.886300000000000e+11 6.758798769961266e+00 8.931273804860282e+01
1.889600000000000e+11 6.782713292274271e+00 8.931159708228370e+01
1.892900000000000e+11 6.806632386524853e+00 8.931045533839686e+01
1.896200000000000e+11 6.830556321504295e+00 8.930931289256169e+01
1.899500000000000e+11 6.854485363136328e+00 8.930816967242691e+01
1.902800000000000e+11 6.878419767152415e+00 8.930702551391458e+01
1.906100000000000e+11 6.902359776906767e+00 8.930588023505602e+01
1.909400000000000e+11 6.926305626415761e+00 8.930473369992013e+01
1.912700000000000e+11 6.950257546904709e+00 8.930358585096045e+01
1.916000000000000e+11 6.974215774016680e+00 8.930243670083345e+01
1.919300000000000e+11 6.998180552726169e+00 8.930128628994858e+01
1.922600000000000e+11 7.022152137924773e+00 8.930013462854249e+01
1.925900000000000e+11 7.046130790270497e+00 8.929898164785811e+01
1.929200000000000e+11 7.070116768682606e+00 8.929782718214543e+01
1.932500000000000e+11 7.094110322205485e+00 8.929667099270091e+01
1.935800000000000e+11 7.118111684413111e+00 8.929551283044583e+01
1.939100000000000e+11 7.142121072900455e+00 8.929435251941223e+01
1.942400000000000e+11 7.166138694887969e+00 8.929319003463974e+01
1.945700000000000e+11 7.190164758007417e+00 8.929202554739911e+01
1.949000000000000e+11 7.214199483556634e+00 8.929085941882742e+01
1.952300000000000e+11 7.238243118479957e+00 8.928969213769581e+01
1.955600000000000e+11 7.262295942400392e+00 8.928852421481147e+01
1.958900000000000e+11 7.286358267229430e+00 8.928735606038410e+01
1.962200000000000e+11 7.310430428883596e+00 8.928618787727655e+01
1.965500000000000e+11 7.334512772877619e+00 8.928501960021330e+01
1.968800000000000e+11 7.358605637379467e+00 8.928385089933104e+01
1.972100000000000e+11 7.382709338158062e+00 8.928268124914310e+01
1.975400000000000e+11 7.406824159461498e+00 8.928151004597696e+01
1.978700000000000e+11 7.430950353314177e+00 8.928033674342920e+01
1.982000000000000e+11 7.455088147449267e+00 8.927916097026063e+01
1.985300000000000e+11 7.479237759731005e+00 8.927798259997948e+01
1.988600000000000e+11 7.503399415152368e+00 8.927680175474237e+01
1.991900000000000e+11 7.527573360812662e+00 8.927561874437619e+01
1.995200000000000e+11 7.551759874891681e+00 8.927443395909576e+01
1.998500000000000e+11 7.575959267357877e+00 8.927324774685998e+01
2.001800000000000e+11 7.600171872489925e+00 8.927206030981419e+01
2.005100000000000e+11 7.624398035579502e+00 8.927087164807349e+01
2.008400000000000e+11 7.648638097773619e+00 8.926968156506882e+01
2.011700000000000e+11 7.672892383457896e+00 8.926848973097579e+01
2.015000000000000e+11 7.697161193772613e+00 8.926729578442590e+01
2.018300000000000e+11 7.721444808037329e+00 8.926609944240103e+01
2.021600000000000e+11 7.745743492577491e+00 8.926490058670844e+01
2.024900000000000e+11 7.770057514354766e+00 8.926369930293711e+01
2.028200000000000e+11 7.794387155503576e+00 8.926249586191814e+01
2.031500000000000e+11 7.818732724718375e+00 8.926129065023555e+01
2.034800000000000e+11 7.843094562440139e+00 8.926008407041390e+01
2.038100000000000e+11 7.867473038638193e+00 8.925887643911025e+01
2.041400000000000e+11 7.891868544104056e+00 8.925766791092893e+01
2.044700000000000e+11 7.916281477958525e+00 8.925645844688015e+01
2.048000000000000e+11 7.940712234990570e+00 8.925524783284267e+01
2.051300000000000e+11 7.965161196270377e+00 8.925403573887657e+01
2.054600000000000e+11 7.989628725292849e+00 8.925282179922380e+01
2.057900000000000e+11 8.014115170107200e+00 8.925160568849326e+01
2.061200000000000e+11 8.038620870046636e+00 8.925038717290273e+01
2.064500000000000e+11 8.063146164361944e+00 8.924916612521349e+01
2.067800000000000e+11 8.087691399682178e+00 8.924794250485668e+01
2.071100000000000e+11 8.112256933879845e+00 8.924671631652828e+01
2.074400000000000e+11 8.136843135379323e+00 8.924548756742145e+01
2.077700000000000e+11 8.161450378734770e+00 8.924425624303485e+01
2.081000000000000e+11 8.186079038822855e+00 8.924302231419625e+01
2.084300000000000e+11 8.210729486726159e+00 8.924178577586702e+01
2.087600000000000e+11 8.235402090052824e+00 8.924054670535236e+01
2.090900000000000e+11 8.260097219090691e+00 8.923930531801376e+01
2.094200000000000e+11 8.284815258220506e+00 8.923806199581874e+01
2.097500000000000e+11 8.309556620005937e+00 8.923681726943454e+01
2.100800000000000e+11 8.334321757986245e+00 8.923557174693281e+01
2.104100000000000e+11 8.359111173906824e+00 8.923432599818507e+01
2.107400000000000e+11 8.383925416125512e+00 8.923308041902612e+01
2.110700000000000e+11 8.408765068019406e+00 8.923183510863882e+01
2.114000000000000e+11 8.433630727875466e+00 8.923058979419299e+01
2.117300000000000e+11 8.458522984230893e+00 8.922934382774723e+01
2.120600000000000e+11 8.483442392231971e+00 8.922809626377021e+01
2.123900000000000e+11 8.508389456791074e+00 8.922684600554905e+01
2.127200000000000e+11 8.533364627001912e+00 8.922559199058945e+01
2.130500000000000e+11 8.558368303715149e+00 8.922433337389599e+01
2.133800000000000e+11 8.583400859006000e+00 8.922306966701530e+01
2.137100000000000e+11 8.608462663316581e+00 8.922180080049668e+01
2.140400000000000e+11 8.633554114108723e+00 8.922052709565065e+01
2.143700000000000e+11 8.658675659453253e+00 8.921924915349523e+01
2.147000000000000e+11 8.683827811242594e+00 8.921796768887306e+01
2.150300000000000e+11 8.709011145319101e+00 8.921668335064260e+01
2.153600000000000e+11 8.734226289097236e+00 8.921539657125719e+01
2.156900000000000e+11 8.759473900351319e+00 8.921410748040563e+01
2.160200000000000e+11 8.784754642942502e+00 8.921281590009158e+01
2.163500000000000e+11 8.810069165825817e+00 8.921152141724086e+01
2.166800000000000e+11 8.835418090588620e+00 8.921022351032185e+01
2.170100000000000e+11 8.860802010342843e+00 8.920892169363917e+01
2.173400000000000e+11 8.886221499700925e+00 8.920761564012732e+01
2.176700000000000e+11 8.911677132646130e+00 8.920630525106638e+01
2.180000000000000e+11 8.937169503138755e+00 8.920499065682606e+01
2.183300000000000e+11 8.962699242783565e+00 8.920367215202428e+01
2.186600000000000e+11 8.988267030915452e+00 8.920235008608046e+01
2.189900000000000e+11 9.013873594714159e+00 8.920102474133198e+01
2.193200000000000e+11 9.039519699785473e+00 8.919969623289026e+01
2.196500000000000e+11 9.065206134256012e+00 8.919836445701826e+01
2.199800000000000e+11 9.090933691108493e+00 8.919702910037375e+01
2.203100000000000e+11 9.116703153810999e+00 8.919568970522666e+01
2.206400000000000e+11 9.142515289212593e+00 8.919434577054500e+01
2.209700000000000e+11 9.168370849535920e+00 8.919299685976979e+01
2.213000000000000e+11 9.194270582724389e+00 8.919164268545568e+01
2.216300000000000e+11 9.220215248121612e+00 8.919028314857482e+01
2.219600000000000e+11 9.246205633103402e+00 8.918891832375363e+01
2.222900000000000e+11 9.272242566189790e+00 8.918754839705170e+01
2.226200000000000e+11 9.298326923327208e+00 8.918617357576683e+01
2.229500000000000e+11 9.324459626071937e+00 8.918479399664535e+01
2.232800000000000e+11 9.350641632733167e+00 8.918340965811436e+01
2.236100000000000e+11 9.376873925474083e+00 8.918202039424531e+01
2.239400000000000e+11 9.403157497395217e+00 8.918062589560297e+01
2.242700000000000e+11 9.429493343475478e+00 8.917922576866968e+01
2.246000000000000e+11 9.455882458004472e+00 8.917781961497083e+01
2.249300000000000e+11 9.482325839197369e+00 8.917640710626918e+01
2.252600000000000e+11 9.508824499613990e+00 8.917498803432294e+01
2.255900000000000e+11 9.535379479400362e+00 8.917356232186702e+01
2.259200000000000e+11 9.561991858679226e+00 8.917212999311168e+01
2.262500000000000e+11 9.588662765793607e+00 8.917069111368714e+01
2.265800000000000e+11 9.615393379419721e+00 8.916924571832119e+01
2.269100000000000e+11 9.642184924398148e+00 8.916779374732353e+01
2.272400000000000e+11 9.669038662942199e+00 8.916633500961700e+01
2.275700000000000e+11 9.695955884158909e+00 8.916486918180105e+01
2.279000000000000e+11 9.722937895204030e+00 8.916339584211408e+01
2.282300000000000e+11 9.749986016817862e+00 8.916191452833694e+01
2.285600000000000e+11 9.777101584651968e+00 8.916042480240804e+01
2.288900000000000e+11 9.804285956115290e+00 8.915892630348857e+01
2.292200000000000e+11 9.831540520940164e+00 8.915741877543601e+01
2.295500000000000e+11 9.858866712733143e+00 8.915590206267439e+01
2.298800000000000e+11 9.886266018679633e+00 8.915437607774940e+01
2.302100000000000e+11 9.913739985303959e+00 8.915284075166605e+01
2.305400000000000e+11 9.941290219491217e+00 8.915129598215444e+01
2.308700000000000e+11 9.968918385445402e+00 8.914974159433201e+01
2.312000000000000e+11 9.996626199427626e+00 8.914817732325891e+01
2.315300000000000e+11 1.002441542465896e+01 8.914660282030597e+01
2.318600000000000e+11 1.005228786852857e+01 8.914501767760352e+01
2.321900000000000e+11 1.008024538333730e+01 8.914342145943326e+01
2.325200000000000e+11 1.010828987053242e+01 8.914181372795576e+01
2.328500000000000e+11 1.013642328717123e+01 8.914019405346792e+01
2.331800000000000e+11 1.016464765259108e+01 8.913856200546464e+01
2.335100000000000e+11 1.019296505320644e+01 8.913691712814180e+01
2.338400000000000e+11 1.022137764403118e+01 8.913525891016646e+01
2.341700000000000e+11 1.024988764672849e+01 8.913358676150607e+01
2.345000000000000e+11 1.027849734533758e+01 8.913190000876597e+01
2.348300000000000e+11 1.030720908189020e+01 8.913019791511776e+01
2.351600000000000e+11 1.033602525453528e+01 8.912847972304996e+01
2.354900000000000e+11 1.036494832038066e+01 8.912674471020546e+01
2.358200000000000e+11 1.039398080410613e+01 8.912499224302006e+01
2.361500000000000e+11 1.042312531180853e+01 8.912322181157670e+01
2.364800000000000e+11 1.045238454797299e+01 8.912143303270388e+01
2.368100000000000e+11 1.048176133238442e+01 8.911962561610584e+01
2.371400000000000e+11 1.051125861355794e+01 8.911779929813876e+01
2.374700000000000e+11 1.054087947598670e+01 8.911595375702643e+01
2.378000000000000e+11 1.057062714003380e+01 8.911408852919173e+01
2.381300000000000e+11 1.060050495523587e+01 8.911220294714443e+01
2.384600000000000e+11 1.063051638961512e+01 8.911029611460134e+01
2.387900000000000e+11 1.066066501880950e+01 8.910836692536694e+01
2.391200000000000e+11 1.069095451906300e+01 8.910641412130529e+01
2.394500000000000e+11 1.072138866728483e+01 8.910443637455336e+01
2.397800000000000e+11 1.075197134968362e+01 8.910243237268767e+01
2.401100000000000e+11 1.078270657835376e+01 8.910040088471770e+01
2.404400000000000e+11 1.081359851321004e+01 8.909834079081804e+01
2.407700000000000e+11 1.084465148537163e+01 8.909625106832532e+01
2.411000000000000e+11 1.087587001785089e+01 8.909413073814858e+01
2.414300000000000e+11 1.090725884028406e+01 8.909197878622248e+01
2.417600000000000e+11 1.093882289622473e+01 8.908979408111337e+01
2.420900000000000e+11 1.097056734372346e+01 8.908757530956674e+01
2.424200000000000e+11 1.100249755193668e+01 8.908532094647499e+01
2.427500000000000e+11 1.103461909778923e+01 8.908302926584568e+01
2.430800000000000e+11 1.106693776688929e+01 8.908069838760993e+01
2.434100000000000e+11 1.109945956189788e+01 8.907832634475183e+01
2.437400000000000e+11 1.113219071965695e+01 8.907591114918164e+01
2.440700000000000e+11 1.116513773608250e+01 8.907345083477161e+01
2.444000000000000e+11 1.119830739578991e+01 8.907094346212006e+01
2.447300000000000e+11 1.123170680220415e+01 8.906838708030151e+01
2.450600000000000e+11 1.126534340390662e+01 8.906577965319674e+01
2.453900000000000e+11 1.129922501420883e+01 8.906311896852013e+01
2.457200000000000e+11 1.133335982313811e+01 8.906040255334270e+01
2.460500000000000e+11 1.136775640357609e+01 8.905762761898602e+01
2.463800000000000e+11 1.140242371551766e+01 8.905479105058996e+01
2.467100000000000e+11 1.143737111366015e+01 8.905188944431632e+01
2.470400000000000e+11 1.147260836340311e+01 8.904891918126152e+01
2.473700000000000e+11 1.150814566878638e+01 8.904587651552926e+01
2.477000000000000e+11 1.154399371328059e+01 8.904275764794492e+01
2.480300000000000e+11 1.158016371133583e+01 8.903955875852627e+01
2.483600000000000e+11 1.161666746600024e+01 8.903627598009355e+01
2.486900000000000e+11 1.165351742650564e+01 8.903290531014778e+01
2.490200000000000e+11 1.169072673994684e+01 8.902944247471089e+01
2.493500000000000e+11 1.172830929312711e+01 8.902588277170135e+01
2.496800000000000e+11 1.176627974389412e+01 8.902222092868843e+01
2.500100000000000e+11 1.180465354506658e+01 8.901845100805629e+01
2.503400000000000e+11 1.184344696736895e+01 8.901456638160724e+01
2.506700000000000e+11 1.188267712972370e+01 8.901055977878872e+01
2.510000000000000e+11 1.192236204517713e+01 8.900642339239627e+01
2.513300000000000e+11 1.196252068854067e+01 8.900214900810488e+01
2.516600000000000e+11 1.200317308796029e+01 8.899772811443708e+01
2.519900000000000e+11 1.204434043801933e+01 8.899315195094647e+01
2.523200000000000e+11 1.208604522785140e+01 8.898841146489890e+01
2.526500000000000e+11 1.212831137526541e+01 8.898349716797757e+01
2.529800000000000e+11 1.217116435789198e+01 8.897839890931768e+01
2.533100000000000e+11 1.221463133507340e+01 8.897310560298992e+01
2.536400000000000e+11 1.225874125912924e+01 8.896760496067958e+01
2.539700000000000e+11 1.230352498061002e+01 8.896188327958572e+01
2.543000000000000e+11 1.234901535766497e+01 8.895592532064816e+01
2.546300000000000e+11 1.239524738318524e+01 8.894971428611814e+01
2.549600000000000e+11 1.244225834382279e+01 8.894323187454982e+01
2.552900000000000e+11 1.249008802200937e+01 8.893645836371229e+01
2.556200000000000e+11 1.253877894629495e+01 8.892937265569141e+01
2.559500000000000e+11 1.258837668816331e+01 8.892195221905149e+01
2.562800000000000e+11 1.263893019696100e+01 8.891417288163434e+01
2.566100000000000e+11 1.269049216075503e+01 8.890600846064099e+01
2.569400000000000e+11 1.274311938132096e+01 8.889743025589729e+01
2.572700000000000e+11 1.279687315659042e+01 8.888840646685776e+01
2.576000000000000e+11 1.285181967300067e+01 8.887890161334298e+01
2.579300000000000e+11 1.290803042137176e+01 8.886887603673969e+01
2.582600000000000e+11 1.296558266048525e+01 8.885828553056429e+01
2.585900000000000e+11 1.302455995965453e+01 8.884708110170901e+01
2.589200000000000e+11 1.308505285317190e+01 8.883520880730509e+01
2.592500000000000e+11 1.314715963485181e+01 8.882260956154617e+01
2.595800000000000e+11 1.321098731104154e+01 8.880921877658878e+01
2.599100000000000e+11 1.327665271818121e+01 8.879496570220901e+01
2.602400000000000e+11 1.334428380023706e+01 8.877977236300850e+01
2.605700000000000e+11 1.341402103627972e+01 8.876355205308228e+01
2.609000000000000e+11 1.348601901249945e+01 8.874620742092185e+01
2.612300000000000e+11 1.356044814752273e+01 8.872762824120130e+01
2.615600000000000e+11 1.363749660406493e+01 8.870768900369849e+01
2.618900000000000e+11 1.371737245036735e+01 8.868624643710316e+01
2.622200000000000e+11 1.380030616643184e+01 8.866313702114985e+01
2.625500000000000e+11 1.388655361737244e+01 8.863817443171018e+01
2.628800000000000e+11 1.397639963509214e+01 8.861114672970643e+01
2.632100000000000e+11 1.407016235863645e+01 8.858181297351496e+01
2.635400000000000e+11 1.416819848561449e+01 8.854989883435674e+01
2.638700000000000e+11 1.427090958876549e+01 8.851509074592920e+01
2.642000000000000e+11 1.437874966338846e+01 8.847702812897172e+01
2.645300000000000e+11 1.449223410513817e+01 8.843529328424648e+01
2.648600000000000e+11 1.461195038586994e+01 8.838939860888981e+01
2.651900000000000e+11 1.473857080819548e+01 8.833877081034187e+01
2.655200000000000e+11 1.487286788488520e+01 8.828273171037149e+01
2.658500000000000e+11 1.501573311271493e+01 8.822047499224536e+01
2.661800000000000e+11 1.516820019765266e+01 8.815103780012687e+01
2.665100000000000e+11 1.533147415035273e+01 8.807326541764870e+01
2.668400000000000e+11 1.550696813080171e+01 8.798576630580433e+01
2.671700000000000e+11 1.569635052302357e+01 8.788685353212882e+01
2.675000000000000e+11 1.590160554279548e+01 8.777446699569445e+01
2.678300000000000e+11 1.612511185043546e+01 8.764606867890203e+01
2.681600000000000e+11 1.636974535647240e+01 8.749850011310859e+01
2.684900000000000e+11 1.663901497853010e+01 8.732778674612797e+01
2.688200000000000e+11 1.693724401026441e+01 8.712886693880938e+01
2.691500000000000e+11 1.726981574809653e+01 8.689521218814525e+01
2.694800000000000e+11 1.764351129414606e+01 8.661828696283203e+01
2.698100000000000e+11 1.806698199118858e+01 8.628676616166392e+01
2.701400000000000e+11 1.855142204222192e+01 8.588537651840787e+01
2.704700000000000e+11 1.911154404726543e+01 8.539313823068416e+01
2.708000000000000e+11 1.976702060572802e+01 8.478062174572145e+01
2.711300000000000e+11 2.054465317506625e+01 8.400553602069408e+01
2.714600000000000e+11 2.148168399998259e+01 8.300539183716313e+01
2.717900000000000e+11 2.263088587181675e+01 8.168484383570069e+01
2.721200000000000e+11 2.406825433660617e+01 7.989296705605285e+01
2.724500000000000e+11 2.590366037529740e+01 7.738078460516883e+01
2.727800000000000e+11 2.829052182135108e+01 7.371922187324493e+01
2.731100000000000e+11 3.140746643292925e+01 6.814080074475535e+01
2.734400000000000e+11 3.527944921688686e+01 5.927494698144632e+01
2.737700000000000e+11 3.896367885597731e+01 4.504798292216020e+01
2.741000000000000e+11 3.891252820321790e+01 2.454833664204360e+01
2.744300000000000e+11 3.200751425718808e+01 2.994685307011985e+00
2.747600000000000e+11 2.256158566819336e+01 -1.181583147010412e+01
2.750900000000000e+11 1.504593412397844e+01 -1.813779819239868e+01
2.754200000000000e+11 9.975756608822740e+00 -1.694798971490882e+01
2.757500000000000e+11 6.769711402342830e+00 -8.228588116762300e+00
2.760800000000000e+11 4.988883517057240e+00 8.361831893919975e+00
2.764100000000000e+11 4.345861132387220e+00 2.936227515133963e+01
2.767400000000000e+11 4.454572285020187e+00 4.755550240420023e+01
2.770700000000000e+11 4.902550756338802e+00 5.996504430352553e+01
2.774000000000000e+11 5.445653709061134e+00 6.788235471623858e+01
2.777300000000000e+11 5.983527902375644e+00 7.302078939681024e+01
2.780600000000000e+11 6.482497149341685e+00 7.648989514218189e+01
2.783900000000000e+11 6.934608471185823e+00 7.892791295497366e+01
2.787200000000000e+11 7.341189926695695e+00 8.070302826817644e+01
2.790500000000000e+11 7.706577718860259e+00 8.203493418314885e+01
2.793800000000000e+11 8.035739122699933e+00 8.305998521736458e+01
2.797100000000000e+11 8.333399750398028e+00 8.386604479389948e+01
2.800400000000000e+11 8.603762245624873e+00 8.451166655885470e+01
2.803700000000000e+11 8.850457231657614e+00 8.503704351907822e+01
2.807000000000000e+11 9.076581260478431e+00 8.547049076667027e+01
2.810300000000000e+11 9.284762327697463e+00 8.583241735376248e+01
2.813600000000000e+11 9.477229003919227e+00 8.613783648127450e+01
2.816900000000000e+11 9.655874143107177e+00 8.639799621650471e+01
2.820200000000000e+11 9.822310365140845e+00 8.662146463095451e+01
2.823500000000000e+11 9.977917031583774e+00 8.681486700498661e+01
2.826800000000000e+11 1.012387937367027e+01 8.698339574461937e+01
2.830100000000000e+11 1.026122072268254e+01 8.713116886460085e+01
2.833400000000000e+11 1.039082883882577e+01 8.726148604902174e+01
2.836700000000000e+11 1.051347729901518e+01 8.737701468001734e+01
2.840000000000000e+11 1.062984284192450e+01 8.747992756026463e+01
2.843300000000000e+11 1.074051949031133e+01 8.757200696750144e+01
2.846600000000000e+11 1.084603017246010e+01 8.765472484104994e+01
2.849900000000000e+11 1.094683644462504e+01 8.772930556767672e+01
2.853200000000000e+11 1.104334678008794e+01 8.779677557829449e+01
2.856500000000000e+11 1.113592375064440e+01 8.785800251644147e+01
2.859800000000000e+11 1.122489029964163e+01 8.791372589127276e+01
2.863100000000000e+11 1.131053520767605e+01 8.796458070464729e+01
2.866400000000000e+11 1.139311779273974e+01 8.801111537932132e+01
2.869700000000000e+11 1.147287186774671e+01 8.805380526709513e+01
2.873000000000000e+11 1.155000899302174e+01 8.809306296676655e+01
2.876300000000000e+11 1.162472109592233e+01 8.812924656000135e+01
2.879600000000000e+11 1.169718256773216e+01 8.816266665498532e+01
2.882900000000000e+11 1.176755197413989e+01 8.819359283325630e+01
2.886200000000000e+11 1.183597351991470e+01 8.822225977524964e+01
2.889500000000000e+11 1.190257838806405e+01 8.824887305735461e+01
2.892800000000000e+11 1.196748603350707e+01 8.827361442203126e+01
2.896100000000000e+11 1.203080546143317e+01 8.829664625331928e+01
2.899400000000000e+11 1.209263647375623e+01 8.831811504188995e+01
2.902700000000000e+11 1.215307083479201e+01 8.833815376536062e+01
2.906000000000000e+11 1.221219329650282e+01 8.835688328934155e+01
2.909300000000000e+11 1.227008243519055e+01 8.837441305525969e+01
2.912600000000000e+11 1.232681128016109e+01 8.839084141519413e+01
2.915900000000000e+11 1.238244775104135e+01 8.840625597644936e+01
2.919200000000000e+11 1.243705495304359e+01 8.842073423166958e+01
2.922500000000000e+11 1.249069139909982e+01 8.843434460129924e+01
2.925800000000000e+11 1.254341122920069e+01 8.844714784761665e+01
2.929100000000000e+11 1.259526448063427e+01 8.845919867987666e+01
2.932400000000000e+11 1.264629743345554e+01 8.847054729478776e+01
2.935700000000000e+11 1.269655302210716e+01 8.848124060230083e+01
2.939000000000000e+11 1.274607127613235e+01 8.849132296676132e+01
2.942300000000000e+11 1.279488973793310e+01 8.850083642073477e+01
2.945600000000000e+11 1.284304380705442e+01 8.850982044430546e+01
2.948900000000000e+11 1.289056697728033e+01 8.851831150705623e+01
2.952200000000000e+11 1.293749095930700e+01 8.852634261480439e+01
2.955500000000000e+11 1.298384570985008e+01 8.853394307823255e+01
2.958800000000000e+11 1.302965940951000e+01 8.854113863602025e+01
2.962100000000000e+11 1.307495844057096e+01 8.854795194763803e+01
2.965400000000000e+11 1.311976741000682e+01 8.855440335572703e+01
2.968700000000000e+11 1.316410924452399e+01 8.856051173773641e+01
2.972000000000000e+11 1.320800535923786e+01 8.856629524291195e+01
2.975300000000000e+11 1.325147587709415e+01 8.857177174809925e+01
2.978600000000000e+11 1.329453985949668e+01 8.857695895085283e+01
2.981900000000000e+11 1.333721550436286e+01 8.858187412437273e+01
2.985200000000000e+11 1.337952027684042e+01 8.858653365412626e+01
2.988500000000000e+11 1.342147095714114e+01 8.859095253310211e+01
2.991800000000000e+11 1.346308361340610e+01 8.859514399605152e+01
2.995100000000000e+11 1.350437352820698e+01 8.859911942339805e+01
2.998400000000000e+11 1.354535511912387e+01 8.860288855895308e+01
3.001700000000000e+11 1.358604189353623e+01 8.860645998850470e+01
3.005000000000000e+11 1.362644646561911e+01 8.860984174763496e+01
3.008300000000000e+11 1.366658064337104e+01 8.861304188944119e+01
3.011600000000000e+11 1.370645557139275e+01 8.861606885629537e+01
3.014900000000000e+11 1.374608189765572e+01 8.861893155934565e+01
3.018200000000000e+11 1.378546992473596e+01 8.862163915663091e+01
3.021500000000000e+11 1.382462971010725e+01 8.862420060926624e+01
3.024800000000000e+11 1.386357109472310e+01 8.862662415907387e+01
3.028100000000000e+11 1.390230365983163e+01 8.862891689189011e+01
3.031400000000000e+11 1.394083663258426e+01 8.863108452312885e+01
3.034700000000000e+11 1.397917877545568e+01 8.863313147485117e+01
3.038000000000000e+11 1.401733829857212e+01 8.863506122690637e+01
3.041300000000000e+11 1.405532282666362e+01 8.863687684428591e+01
3.044600000000000e+11 1.409313943575668e+01 8.863858153211893e+01
3.047900000000000e+11 1.413079475386778e+01 8.864017906311838e+01
3.051200000000000e+11 1.416829510099021e+01 8.864167396104335e+01
3.054500000000000e+11 1.420564663211936e+01 8.864307139594008e+01
3.057800000000000e+11 1.424285544625057e+01 8.864437683096557e+01
3.061100000000000e+11 1.427992763433972e+01 8.864559553181097e+01
3.064400000000000e+11 1.431686925708728e+01 8.864673208750216e+01
3.067700000000000e+11 1.435368626378088e+01 8.864779008514239e+01
3.071000000000000e+11 1.439038438029347e+01 8.864877203345583e+01
3.074300000000000e+11 1.442696900279565e+01 8.864967955534375e+01
3.077600000000000e+11 1.446344513136914e+01 8.865051379036524e+01
3.080900000000000e+11 1.449981736532706e+01 8.865127588740118e+01
3.084200000000000e+11 1.453608996339241e+01 8.865196744328449e+01
3.087500000000000e+11 1.457226695252462e+01 8.865259076156323e+01
3.090800000000000e+11 1.460835225483260e+01 8.865314886076638e+01
3.094100000000000e+11 1.464434979688696e+01 8.865364523679899e+01
3.097400000000000e+11 1.468026357127375e+01 8.865408345687490e+01
3.100700000000000e+11 1.471609763470840e+01 8.865446671119528e+01
3.104000000000000e+11 1.475185604606893e+01 8.865479745920631e+01
3.107300000000000e+11 1.478754276561801e+01 8.865507727695970e+01
3.110600000000000e+11 1.482316154811461e+01 8.865530695029362e+01
3.113900000000000e+11 1.485871586407865e+01 8.865548678393981e+01
3.117200000000000e+11 1.489420887471143e+01 8.865561703165990e+01
3.120500000000000e+11 1.492964346955504e+01 8.865569831647038e+01
3.123800000000000e+11 1.496502235680306e+01 8.865573191362898e+01
3.127100000000000e+11 1.500034818005804e+01 8.865571981106773e+01
3.130400000000000e+11 1.503562362708338e+01 8.865566452966738e+01
3.133700000000000e+11 1.507085149828499e+01 8.865556875880749e+01
3.137000000000000e+11 1.510603471464236e+01 8.865543491899105e+01
3.140300000000000e+11 1.514117626305734e+01 8.865526478605932e+01
3.143600000000000e+11 1.517627909613357e+01 8.865505929358748e+01
3.146900000000000e+11 1.521134601749314e+01 8.865481857670456e+01
3.150200000000000e+11 1.524637958857491e+01 8.865454224764132e+01
3.153500000000000e+11 1.528138208684821e+01 8.865422982261666e+01
3.156800000000000e+11 1.531635553019661e+01 8.865388117249530e+01
3.160100000000000e+11 1.535130176231201e+01 8.865349686048285e+01
3.163400000000000e+11 1.538622257522002e+01 8.865307826209619e+01
3.166700000000000e+11 1.542111983318894e+01 8.865262742672431e+01
3.170000000000000e+11 1.545599556096101e+01 8.865214671746010e+01
3.173300000000000e+11 1.549085196906268e+01 8.865163833354966e+01
3.176600000000000e+11 1.552569140720489e+01 8.865110385739327e+01
3.179900000000000e+11 1.556051625815124e+01 8.865054396383155e+01
3.183200000000000e+11 1.559532880261308e+01 8.864995838402636e+01
3.186500000000000e+11 1.563013109521482e+01 8.864934614242893e+01
3.189800000000000e+11 1.566492488936862e+01 8.864870600458231e+01
3.193100000000000e+11 1.569971163537719e+01 8.864803700961791e+01
3.196400000000000e+11 1.573449255505110e+01 8.864733893352100e+01
3.199700000000000e+11 1.576926877362459e+01 8.864661254635409e+01
3.203000000000000e+11 1.580404147241840e+01 8.864585958432558e+01
3.206300000000000e+11 1.583881201875745e+01 8.864508243957505e+01
3.209600000000000e+11 1.587358203535999e+01 8.864428365303243e+01
3.212900000000000e+11 1.590835338834662e+01 8.864346535449521e+01
3.216200000000000e+11 1.594312809640351e+01 8.864262881149639e+01
3.219500000000000e+11 1.597790818671250e+01 8.864177421890510e+01
3.222800000000000e+11 1.601269553923389e+01 8.864090079253107e+01
3.226100000000000e+11 1.604749176496705e+01 8.864000714189213e+01
3.229400000000000e+11 1.608229815450435e+01 8.863909181538082e+01
3.232700000000000e+11 1.611711571305652e+01 8.863815385948465e+01
3.236000000000000e+11 1.615194527288027e+01 8.863719322802234e+01
3.239300000000000e+11 1.618678765106753e+01 8.863621091991106e+01
3.242600000000000e+11 1.622164380676469e+01 8.863520880283416e+01
3.245900000000000e+11 1.625651495137617e+01 8.863418917265744e+01
3.249200000000000e+11 1.629140257856455e+01 8.863315417733078e+01
3.252500000000000e+11 1.632630840424301e+01 8.863210527584478e+01
3.255800000000000e+11 1.636123423350750e+01 8.863104289446585e+01
3.259100000000000e+11 1.639618179369878e+01 8.862996638565505e+01
3.262400000000000e+11 1.643115258376051e+01 8.862887430566650e+01
3.265700000000000e+11 1.646614778621846e+01 8.862776493090669e+01
3.269000000000000e+11 1.650116827018365e+01 8.862663685911835e+01
3.272300000000000e+11 1.653621468675975e+01 8.862548951210849e+01
3.275600000000000e+11 1.657128762993066e+01 8.862432338196064e+01
3.278900000000000e+11 1.660638781488145e+01 8.862313993658364e+01
3.282200000000000e+11 1.664151621838553e+01 8.862194120239897e+01
3.285500000000000e+11 1.667667413511108e+01 8.862072914239957e+01
3.288800000000000e+11 1.671186312740796e+01 8.861950501656597e+01
3.292100000000000e+11 1.674708487787405e+01 8.861826892685437e+01
3.295400000000000e+11 1.678234098467671e+01 8.861701970373429e+01
3.298700000000000e+11 1.681763276000679e+01 8.861575519619777e+01
3.302000000000000e+11 1.685296109556233e+01 8.861447290791934e+01
3.305300000000000e+11 1.688832644358844e+01 8.861317081273849e+01
3.308600000000000e+11 1.692372893113821e+01 8.861184811538379e+01
3.311900000000000e+11 1.695916858691900e+01 8.861050572038495e+01
3.315200000000000e+11 1.699464562494513e+01 8.860914623786424e+01
3.318500000000000e+11 1.703016070751237e+01 8.860777347464202e+01
3.321800000000000e+11 1.706571510871845e+01 8.860639150204744e+01
3.325100000000000e+11 1.710131072052455e+01 8.860500351930972e+01
3.328400000000000e+11 1.713694988175938e+01 8.860361080723737e+01
3.331700000000000e+11 1.717263505702844e+01 8.860221206743989e+01
3.335000000000000e+11 1.720836843503756e+01 8.860080336354051e+01
3.338300000000000e+11 1.724415154275914e+01 8.859937873972143e+01
3.341600000000000e+11 1.727998497524775e+01 8.859793142301778e+01
3.344900000000000e+11 1.731586831876132e+01 8.859645536195109e+01
3.348200000000000e+11 1.735180030184024e+01 8.859494675566815e+01
3.351500000000000e+11 1.738777915535638e+01 8.859340521172243e+01
3.354800000000000e+11 1.742380311151223e+01 8.859183424326532e+01
3.358100000000000e+11 1.745987093618524e+01 8.859024096150608e+01
3.361400000000000e+11 1.749598237799853e+01 8.858863500205135e+01
3.364700000000000e+11 1.753213843407995e+01 8.858702689962243e+01
3.368000000000000e+11 1.756834137278165e+01 8.858542625191969e+01
3.371300000000000e+11 1.760459450790347e+01 8.858384005967082e+01
3.374600000000000e+11 1.764090177403218e+01 8.858227158602888e+01
3.377900000000000e+11 1.767726719529633e+01 8.858071995654161e+01
3.381200000000000e+11 1.771369436023464e+01 8.857918055192914e+01
3.384500000000000e+11 1.775018600941010e+01 8.857764607151316e+01
3.387800000000000e+11 1.778674381229033e+01 8.857610800683334e+01
3.391100000000000e+11 1.782336836397442e+01 8.857455819377793e+01
3.394400000000000e+11 1.786005938231367e+01 8.857299012059102e+01
3.397700000000000e+11 1.789681604397619e+01 8.857139975114163e+01
3.401000000000000e+11 1.793363737354101e+01 8.856978575323022e+01
3.404300000000000e+11 1.797052259731509e+01 8.856814916541254e+01
3.407600000000000e+11 1.800747139203625e+01 8.856649265717107e+01
3.410900000000000e+11 1.804448399160057e+01 8.856481960875692e+01
3.414200000000000e+11 1.808156115296445e+01 8.856313324612486e+01
3.417500000000000e+11 1.811870401543966e+01 8.856143601725427e+01
3.420800000000000e+11 1.815591390793317e+01 8.855972930762468e+01
3.424100000000000e+11 1.819319216248542e+01 8.855801349177754e+01
3.427400000000000e+11 1.823053998066711e+01 8.855628823238825e+01
3.430700000000000e+11 1.826795837697104e+01 8.855455288883731e+01
3.434000000000000e+11 1.830544819765301e+01 8.855280689272709e+01
3.437300000000000e+11 1.834301019200594e+01 8.855104998373621e+01
3.440600000000000e+11 1.838064510135068e+01 8.854928226046052e+01
3.443900000000000e+11 1.841835373131086e+01 8.854750406669595e+01
3.447200000000000e+11 1.845613698372536e+01 8.854571578407847e+01
3.450500000000000e+11 1.849399584145796e+01 8.854391762369801e+01
3.453800000000000e+11 1.853193131655445e+01 8.854210949865436e+01
3.457100000000000e+11 1.856994438427886e+01 8.854029102304594e+01
3.460400000000000e+11 1.860803592913042e+01 8.853846163438585e+01
3.463700000000000e+11 1.864620672347623e+01 8.853662079240368e+01
3.467000000000000e+11 1.868445744728018e+01 8.853476818153308e+01
3.470300000000000e+11 1.872278874285044e+01 8.853290384436673e+01
3.473600000000000e+11 1.876120128643369e+01 8.853102819778529e+01
3.476900000000000e+11 1.879969585266818e+01 8.852914192342818e+01
3.480200000000000e+11 1.883827335012219e+01 8.852724576626048e+01
3.483500000000000e+11 1.887693481547223e+01 8.852534030558333e+01
3.486800000000000e+11 1.891568136723861e+01 8.852342577233966e+01
3.490100000000000e+11 1.895451413306240e+01 8.852150197231677e+01
3.493400000000000e+11 1.899343417315740e+01 8.851956834160458e+01
3.496700000000000e+11 1.903244242408698e+01 8.851762411910994e+01
3.500000000000000e+11 1.907153968095978e+01 8.851566858406589e+01
