2.000000000000000e+10 2.241438007509896e+01 -9.006204226346978e+01
2.033000000000000e+10 2.201455179279821e+01 -9.006305194471729e+01
2.066000000000000e+10 2.162691277427152e+01 -9.006406028977035e+01
2.099000000000000e+10 2.125088816750884e+01 -9.006506693750310e+01
2.132000000000000e+10 2.088593872705983e+01 -9.006607175551223e+01
2.165000000000000e+10 2.053155807315812e+01 -9.006707483798789e+01
2.198000000000000e+10 2.018727020026480e+01 -9.006807648055693e+01
2.231000000000000e+10 1.985262721148617e+01 -9.006907713573693e+01
2.264000000000000e+10 1.952720725749524e+01 -9.007007735441373e+01
2.297000000000000e+10 1.921061266032686e+01 -9.007107771992537e+01
2.330000000000000e+10 1.890246820388845e+01 -9.007207878179943e+01
2.363000000000000e+10 1.860241957431683e+01 -9.007308099592372e+01
2.396000000000000e+10 1.831013193453777e+01 -9.007408467700297e+01
2.429000000000000e+10 1.802528861860092e+01 -9.007508996766690e+01
2.462000000000000e+10 1.774758993262343e+01 -9.007609682671965e+01
2.495000000000000e+10 1.747675205048571e+01 -9.007710503697315e+01
2.528000000000000e+10 1.721250599378584e+01 -9.007811423107754e+01
2.561000000000000e+10 1.695459668694492e+01 -9.007912393197927e+01
2.594000000000000e+10 1.670278207971845e+01 -9.008013360325218e+01
2.627000000000000e+10 1.645683233067428e+01 -9.008114270369992e+01
2.660000000000000e+10 1.621652904638407e+01 -9.008215074039438e+01
2.693000000000000e+10 1.598166457210906e+01 -9.008315731466918e+01
2.726000000000000e+10 1.575204133060488e+01 -9.008416215651825e+01
2.759000000000000e+10 1.552747120630732e+01 -9.008516514419944e+01
2.792000000000000e+10 1.530777497258461e+01 -9.008616630749974e+01
2.825000000000000e+10 1.509278175996877e+01 -9.008716581487198e+01
2.858000000000000e+10 1.488232856333441e+01 -9.008816394632967e+01
2.891000000000000e+10 1.467625978591225e+01 -9.008916105542924e+01
2.924000000000000e+10 1.447442681786147e+01 -9.009015752470606e+01
2.957000000000000e+10 1.427668764692245e+01 -9.009115371948705e+01
2.990000000000000e+10 1.408290649847793e+01 -9.009214994503539e+01
3.023000000000000e+10 1.389295350221246e+01 -9.009314641147377e+01
3.056000000000000e+10 1.370670438250323e+01 -9.009414320999745e+01
3.089000000000000e+10 1.352404016972435e+01 -9.009514030257888e+01
3.122000000000000e+10 1.334484692980729e+01 -9.009613752588592e+01
3.155000000000000e+10 1.316901550965992e+01 -9.009713460859440e+01
3.188000000000000e+10 1.299644129640081e+01 -9.009813119987599e+01
3.221000000000000e+10 1.282702398876634e+01 -9.009912690571045e+01
3.254000000000000e+10 1.266066737948370e+01 -9.010012132891015e+01
3.287000000000000e+10 1.249727914782018e+01 -9.010111410846024e+01
3.320000000000000e+10 1.233677066189519e+01 -9.010210495395199e+01
3.353000000000000e+10 1.217905679064331e+01 -9.010309367151611e+01
3.386000000000000e+10 1.202405572552478e+01 -9.010408017865319e+01
3.419000000000000e+10 1.187168881218475e+01 -9.010506450662584e+01
3.452000000000000e+10 1.172188039226410e+01 -9.010604679043425e+01
3.485000000000000e+10 1.157455765547157e+01 -9.010702724774254e+01
3.518000000000000e+10 1.142965050186157e+01 -9.010800614928935e+01
3.551000000000000e+10 1.128709141404827e+01 -9.010898378418315e+01
3.584000000000000e+10 1.114681533885243e+01 -9.010996042396874e+01
3.617000000000000e+10 1.100875957765485e+01 -9.011093628940998e+01
3.650000000000000e+10 1.087286368454720e+01 -9.011191152356011e+01
3.683000000000000e+10 1.073906937124208e+01 -9.011288617394386e+01
3.716000000000000e+10 1.060732041765516e+01 -9.011386018562561e+01
3.749000000000000e+10 1.047756258709757e+01 -9.011483340572363e+01
3.782000000000000e+10 1.034974354511912e+01 -9.011580559866687e+01
3.815000000000000e+10 1.022381278121177e+01 -9.011677647032684e+01
3.848000000000000e+10 1.009972153279603e+01 -9.011774569821448e+01
3.881000000000000e+10 9.977422711151810e+00 -9.011871296430725e+01
3.914000000000000e+10 9.856870829191802e+00 -9.011967798683703e+01
3.947000000000000e+10 9.738021931193117e+00 -9.012064054752804e+01
3.980000000000000e+10 9.620833524768489e+00 -9.012160051132584e+01
4.013000000000000e+10 9.505264515473488e+00 -9.012255783652139e+01
4.046000000000000e+10 9.391275144486510e+00 -9.012351257425685e+01
4.079000000000000e+10 9.278826929773365e+00 -9.012446485758134e+01
4.112000000000000e+10 9.167882611061957e+00 -9.012541488137661e+01
4.145000000000000e+10 9.058406098813185e+00 -9.012636287546285e+01
4.178000000000000e+10 8.950362427207736e+00 -9.012730907392807e+01
4.211000000000000e+10 8.843717710985384e+00 -9.012825368410414e+01
4.244000000000000e+10 8.738439105803861e+00 -9.012919685862926e+01
4.277000000000000e+10 8.634494771640641e+00 -9.013013867365089e+01
4.310000000000000e+10 8.531853838662888e+00 -9.013107911552879e+01
4.343000000000000e+10 8.430486374945456e+00 -9.013201807743431e+01
4.376000000000000e+10 8.330363355430176e+00 -9.013295536612695e+01
4.409000000000000e+10 8.231456631588276e+00 -9.013389071807208e+01
4.442000000000000e+10 8.133738901364170e+00 -9.013482382302628e+01
4.475000000000000e+10 8.037183679127393e+00 -9.013575435240600e+01
4.508000000000000e+10 7.941765265524996e+00 -9.013668198924240e+01
4.541000000000000e+10 7.847458717293724e+00 -9.013760645637441e+01
4.574000000000000e+10 7.754239817234429e+00 -9.013852753974896e+01
4.607000000000000e+10 7.662085044665399e+00 -9.013944510426626e+01
4.640000000000000e+10 7.570971546737515e+00 -9.014035910045686e+01
4.673000000000000e+10 7.480877111010960e+00 -9.014126956131868e+01
4.706000000000000e+10 7.391780139658870e+00 -9.014217658973776e+01
4.739000000000000e+10 7.303659625583919e+00 -9.014308033799104e+01
4.772000000000000e+10 7.216495130619581e+00 -9.014398098169778e+01
4.805000000000000e+10 7.130266765850131e+00 -9.014487869121218e+01
4.838000000000000e+10 7.044955173944616e+00 -9.014577360372697e+01
4.871000000000000e+10 6.960541513267565e+00 -9.014666579926690e+01
4.904000000000000e+10 6.877007443423931e+00 -9.014755528330011e+01
4.937000000000000e+10 6.794335111827544e+00 -9.014844197793744e+01
4.970000000000000e+10 6.712507140856414e+00 -9.014932572270875e+01
5.003000000000000e+10 6.631506615179901e+00 -9.015020628480333e+01
5.036000000000000e+10 6.551317068905051e+00 -9.015108337757179e+01
5.069000000000000e+10 6.471922472288838e+00 -9.015195668513270e+01
5.102000000000000e+10 6.393307217884970e+00 -9.015282589020555e+01
5.135000000000000e+10 6.315456106125901e+00 -9.015369070190319e+01
5.168000000000000e+10 6.238354330467099e+00 -9.015455088018223e+01
5.201000000000000e+10 6.161987462328458e+00 -9.015540625401877e+01
5.234000000000000e+10 6.086341436144563e+00 -9.015625673105554e+01
5.267000000000000e+10 6.011402534873364e+00 -9.015710229743048e+01
5.300000000000000e+10 5.937157376308280e+00 -9.015794300761695e+01
5.333000000000000e+10 5.863592900492952e+00 -9.015877896525485e+01
5.366000000000000e+10 5.790696358456217e+00 -9.015961029701326e+01
5.399000000000000e+10 5.718455302377670e+00 -9.016043712237102e+01
5.432000000000000e+10 5.646857577172239e+00 -9.016125952272735e+01
5.465000000000000e+10 5.575891313362601e+00 -9.016207751340517e+01
5.498000000000000e+10 5.505544920999895e+00 -9.016289102185965e+01
5.531000000000000e+10 5.435807084313014e+00 -9.016369987476843e+01
5.564000000000000e+10 5.366666756720089e+00 -9.016450379572791e+01
5.597000000000000e+10 5.298113155829178e+00 -9.016530241411674e+01
5.630000000000000e+10 5.230135758090070e+00 -9.016609528442241e+01
5.663000000000000e+10 5.162724292828750e+00 -9.016688191412723e+01
5.696000000000000e+10 5.095868735496728e+00 -9.016766179722347e+01
5.729000000000000e+10 5.029559300082888e+00 -9.016843444970822e+01
5.762000000000000e+10 4.963786430758534e+00 -9.016919944308327e+01
5.795000000000000e+10 4.898540792936671e+00 -9.016995643199634e+01
5.828000000000000e+10 4.833813264020325e+00 -9.017070517269775e+01
5.861000000000000e+10 4.769594924171843e+00 -9.017144552991880e+01
5.894000000000000e+10 4.705877047458866e+00 -9.017217747099824e+01
5.927000000000000e+10 4.642651093713734e+00 -9.017290104745864e+01
5.960000000000000e+10 4.579908701386807e+00 -9.017361636563410e+01
5.993000000000000e+10 4.517641681585281e+00 -9.017432354920105e+01
6.026000000000000e+10 4.455842013380546e+00 -9.017502269744462e+01
6.059000000000000e+10 4.394501840345078e+00 -9.017571384365995e+01
6.092000000000000e+10 4.333613468164256e+00 -9.017639691820010e+01
6.125000000000000e+10 4.273169363068013e+00 -9.017707172029451e+01
6.158000000000000e+10 4.213162150753009e+00 -9.017773790190553e+01
6.191000000000000e+10 4.153584615429553e+00 -9.017839496566059e+01
6.224000000000000e+10 4.094429698627581e+00 -9.017904227739905e+01
6.257000000000000e+10 4.035690497437916e+00 -9.017967909228204e+01
6.290000000000000e+10 3.977360261940542e+00 -9.018030459188466e+01
6.323000000000000e+10 3.919432391673962e+00 -9.018091792840470e+01
6.356000000000000e+10 3.861900431117983e+00 -9.018151827122361e+01
6.389000000000000e+10 3.804758064282418e+00 -9.018210485064452e+01
6.422000000000000e+10 3.747999108605033e+00 -9.018267699378396e+01
6.455000000000000e+10 3.691617508448766e+00 -9.018323414828792e+01
6.488000000000000e+10 3.635607328544296e+00 -9.018377589073560e+01
6.521000000000000e+10 3.579962747741771e+00 -9.018430191816792e+01
6.554000000000000e+10 3.524678053412090e+00 -9.018481202294920e+01
6.587000000000000e+10 3.469747636779088e+00 -9.018530605300752e+01
6.620000000000000e+10 3.415165989371583e+00 -9.018578386112010e+01
6.653000000000000e+10 3.360927700672965e+00 -9.018624524823814e+01
6.686000000000000e+10 3.307027456924137e+00 -9.018668990661442e+01
6.719000000000000e+10 3.253460040918547e+00 -9.018711736871164e+01
6.752000000000000e+10 3.200220332528597e+00 -9.018752696739516e+01
6.785000000000000e+10 3.147303309629976e+00 -9.018791781186626e+01
6.818000000000000e+10 3.094704049054815e+00 -9.018828878218440e+01
6.851000000000000e+10 3.042417727207694e+00 -9.018863854328137e+01
6.884000000000000e+10 2.990439620022259e+00 -9.018896557724320e+01
6.917000000000000e+10 2.938765102013920e+00 -9.018926823056265e+01
6.950000000000000e+10 2.887389644289297e+00 -9.018954477128462e+01
6.983000000000000e+10 2.836308811492751e+00 -9.018979344964535e+01
7.016000000000000e+10 2.785518257793247e+00 -9.019001255514679e+01
7.049000000000000e+10 2.735013722125723e+00 -9.019020046306338e+01
7.082000000000000e+10 2.684791022989821e+00 -9.019035566419592e+01
7.115000000000000e+10 2.634846053164544e+00 -9.019047677318453e+01
7.148000000000000e+10 2.585174774713653e+00 -9.019056251276309e+01
7.181000000000000e+10 2.535773214632869e+00 -9.019061167374417e+01
7.214000000000000e+10 2.486637461427177e+00 -9.019062305304647e+01
7.247000000000000e+10 2.437763662812017e+00 -9.019059537444893e+01
7.280000000000000e+10 2.389148024616042e+00 -9.019052719870194e+01
7.313000000000000e+10 2.340786810837398e+00 -9.019041683092831e+01
7.346000000000000e+10 2.292676344684551e+00 -9.019026223375137e+01
7.379000000000000e+10 2.244813010328567e+00 -9.019006095417515e+01
7.412000000000000e+10 2.197193255018656e+00 -9.018981007094779e+01
7.445000000000000e+10 2.149813591174830e+00 -9.018950616703472e+01
7.478000000000000e+10 2.102670598074577e+00 -9.018914532910213e+01
7.511000000000000e+10 2.055760922795277e+00 -9.018872317282585e+01
7.544000000000000e+10 2.009081280155460e+00 -9.018823488968451e+01
7.577000000000000e+10 1.962628451507642e+00 -9.018767530799066e+01
7.610000000000000e+10 1.916399282362072e+00 -9.018703895857364e+01
7.643000000000000e+10 1.870390678950535e+00 -9.018632013398420e+01
7.676000000000000e+10 1.824599603958325e+00 -9.018551292958199e+01
7.709000000000000e+10 1.779023071748401e+00 -9.018461125537559e+01
7.742000000000000e+10 1.733658143463229e+00 -9.018360880912650e+01
7.775000000000000e+10 1.688501922411192e+00 -9.018249900371943e+01
7.808000000000000e+10 1.643551550121615e+00 -9.018127484498859e+01
7.841000000000000e+10 1.598804203389251e+00 -9.017992875974562e+01
7.874000000000000e+10 1.554257092530020e+00 -9.017845237719281e+01
7.907000000000000e+10 1.509907460946793e+00 -9.017683626996579e+01
7.940000000000000e+10 1.465752585968858e+00 -9.017506966316367e+01
7.973000000000000e+10 1.421789780796165e+00 -9.017314012070894e+01
8.006000000000000e+10 1.378016397263156e+00 -9.017103321777886e+01
8.039000000000000e+10 1.334429829050241e+00 -9.016873220589251e+01
8.072000000000000e+10 1.291027514921836e+00 -9.016621767323582e+01
8.105000000000000e+10 1.247806941565516e+00 -9.016346719720592e+01
8.138000000000000e+10 1.204765645646151e+00 -9.016045497892402e+01
8.171000000000000e+10 1.161901214770041e+00 -9.015715144079019e+01
8.204000000000000e+10 1.119211287167093e+00 -9.015352275823101e+01
8.237000000000000e+10 1.076693550033410e+00 -9.014953028551034e+01
8.270000000000000e+10 1.034345736618194e+00 -9.014512982275666e+01
8.303000000000000e+10 9.921656222721101e-01 -9.014027065657218e+01
8.336000000000000e+10 9.501510197865846e-01 -9.013489428869968e+01
8.369000000000000e+10 9.082997744314900e-01 -9.012893274422537e+01
8.402000000000000e+10 8.666097591357611e-01 -9.012230631970465e+01
8.435000000000000e+10 8.250788702462687e-01 -9.011492058738006e+01
8.468000000000000e+10 7.837050242471243e-01 -9.010666240659974e+01
8.501000000000000e+10 7.424861557286477e-01 -9.009739459538837e+01
8.534000000000000e+10 7.014202167753377e-01 -9.008694876408141e+01
8.567000000000000e+10 6.605051778053637e-01 -9.007511557658007e+01
8.600000000000000e+10 6.197390297598854e-01 -9.006163132813464e+01
8.633000000000000e+10 5.791197874234697e-01 -9.004615911590535e+01
8.666000000000000e+10 5.386454935759297e-01 -9.002826185759402e+01
8.699000000000000e+10 4.983142236486731e-01 -9.000736266220918e+01
8.732000000000000e+10 4.581240906063179e-01 -8.998268495004706e+01
8.765000000000000e+10 4.180732499281956e-01 -8.995315898439370e+01
8.798000000000000e+10 3.781599048816940e-01 -8.991727039291554e+01
8.831000000000000e+10 3.383823128936748e-01 -8.987280363441096e+01
8.864000000000000e+10 2.987387950618388e-01 -8.981638411432851e+01
8.897000000000000e+10 2.592277535914568e-01 -8.974260668733861e+01
8.930000000000000e+10 2.198477088256744e-01 -8.964223740185294e+01
8.963000000000000e+10 1.805973874681392e-01 -8.949809134909040e+01
8.996000000000000e+10 1.414759624175912e-01 -8.927412230979797e+01
9.029000000000000e+10 1.024838473613306e-01 -8.887975472127064e+01
9.062000000000000e+10 6.362640837298403e-02 -8.800411220798000e+01
9.095000000000000e+10 2.495220035868072e-02 -8.441300887406283e+01
9.128000000000000e+10 1.405066555786882e-02 7.915567563861363e+01
9.161000000000000e+10 5.239205359903325e-02 8.687224019336293e+01
9.194000000000000e+10 9.076276885677109e-02 8.805869378807908e+01
9.227000000000000e+10 1.290332948985842e-01 8.853828625864156e+01
9.260000000000000e+10 1.671942715798949e-01 8.879734828444670e+01
9.293000000000000e+10 2.052444571874403e-01 8.895932040762473e+01
9.326000000000000e+10 2.431843291928985e-01 8.907000255314256e+01
9.359000000000000e+10 2.810148984843506e-01 8.915029895463208e+01
9.392000000000000e+10 3.187373725097107e-01 8.921110907238474e+01
9.425000000000000e+10 3.563530332559116e-01 8.925867296199374e+01
9.458000000000000e+10 3.938631858243242e-01 8.929682080705788e+01
9.491000000000000e+10 4.312691350134756e-01 8.932803427494974e+01
9.524000000000000e+10 4.685721748387868e-01 8.935399258988313e+01
9.557000000000000e+10 5.057735847976882e-01 8.937587327271798e+01
9.590000000000000e+10 5.428746299235556e-01 8.939452710669160e+01
9.623000000000000e+10 5.798765629610587e-01 8.941058462476791e+01
9.656000000000000e+10 6.167806275575605e-01 8.942452340764453e+01
9.689000000000000e+10 6.535880616488433e-01 8.943671199659863e+01
9.722000000000000e+10 6.903001004027414e-01 8.944743935100738e+01
9.755000000000000e+10 7.269179782443558e-01 8.945693510069003e+01
9.788000000000000e+10 7.634429296483971e-01 8.946538378803764e+01
9.821000000000000e+10 7.998761885538267e-01 8.947293510262455e+01
9.854000000000000e+10 8.362189864259872e-01 8.947971139548027e+01
9.887000000000000e+10 8.724725491508321e-01 8.948581331698344e+01
9.920000000000000e+10 9.086380930815489e-01 8.949132413999921e+01
9.953000000000000e+10 9.447168206567870e-01 8.949631314537723e+01
9.986000000000000e+10 9.807099160628618e-01 8.950083832393544e+01
1.001900000000000e+11 1.016618541414791e+00 8.950494856589020e+01
1.005200000000000e+11 1.052443833881975e+00 8.950868545226818e+01
1.008500000000000e+11 1.088186904089666e+00 8.951208472480894e+01
1.011800000000000e+11 1.123848835996423e+00 8.951517748595900e+01
1.015100000000000e+11 1.159430688294360e+00 8.951799116505192e+01
1.018400000000000e+11 1.194933497219286e+00 8.952055027800270e+01
1.021700000000000e+11 1.230358280508545e+00 8.952287700384841e+01
1.025000000000000e+11 1.265706042121464e+00 8.952499160057330e+01
1.028300000000000e+11 1.300977777253401e+00 8.952691268357927e+01
1.031600000000000e+11 1.336174477139837e+00 8.952865739176085e+01
1.034900000000000e+11 1.371297133163884e+00 8.953024146759886e+01
1.038200000000000e+11 1.406346739849874e+00 8.953167927830167e+01
1.041500000000000e+11 1.441324296438152e+00 8.953298380441703e+01
1.044800000000000e+11 1.476230806882370e+00 8.953416662026456e+01
1.048100000000000e+11 1.511067278274207e+00 8.953523788704082e+01
1.051400000000000e+11 1.545834717864626e+00 8.953620637470840e+01
1.054700000000000e+11 1.580534128999050e+00 8.953707952314873e+01
1.058000000000000e+11 1.615166506399602e+00 8.953786354699191e+01
1.061300000000000e+11 1.649732831299179e+00 8.953856358253641e+01
1.064600000000000e+11 1.684234066951238e+00 8.953918386977668e+01
1.067900000000000e+11 1.718671155003955e+00 8.953972795816388e+01
1.071200000000000e+11 1.753045013140699e+00 8.954019892176839e+01
1.074500000000000e+11 1.787356534259071e+00 8.954059956813146e+01
1.077800000000000e+11 1.821606587302306e+00 8.954093262542351e+01
1.081100000000000e+11 1.855796019684802e+00 8.954120089444807e+01
1.084400000000000e+11 1.889925661086246e+00 8.954140735527966e+01
1.087700000000000e+11 1.923996328244462e+00 8.954155522260427e+01
1.091000000000000e+11 1.958008830269790e+00 8.954164794861731e+01
1.094300000000000e+11 1.991963973945484e+00 8.954168917718980e+01
1.097600000000000e+11 2.025862568476640e+00 8.954168265744049e+01
1.100900000000000e+11 2.059705429203067e+00 8.954163212839890e+01
1.104200000000000e+11 2.093493379896390e+00 8.954154118880997e+01
1.107500000000000e+11 2.127227253406828e+00 8.954141316707467e+01
1.110800000000000e+11 2.160907890594657e+00 8.954125100579317e+01
1.114100000000000e+11 2.194536137661116e+00 8.954105717344784e+01
1.117400000000000e+11 2.228112842159993e+00 8.954083361263626e+01
1.120700000000000e+11 2.261638848111484e+00 8.954058173031521e+01
1.124000000000000e+11 2.295114990736023e+00 8.954030243107907e+01
1.127300000000000e+11 2.328542091369160e+00 8.953999619008626e+01
1.130600000000000e+11 2.361920953103034e+00 8.953966315826500e+01
1.133900000000000e+11 2.395252357627998e+00 8.953930328925182e+01
1.137200000000000e+11 2.428537063625480e+00 8.953891647549615e+01
1.140500000000000e+11 2.461775806903253e+00 8.953850268020919e+01
1.143800000000000e+11 2.494969302283319e+00 8.953806205245601e+01
1.147100000000000e+11 2.528118247069347e+00 8.953759501458468e+01
1.150400000000000e+11 2.561223325753534e+00 8.953710231411355e+01
1.153700000000000e+11 2.594285215490911e+00 8.953658503589753e+01
1.157000000000000e+11 2.627304591784956e+00 8.953604457443915e+01
1.160300000000000e+11 2.660282133801667e+00 8.953548257021008e+01
1.163600000000000e+11 2.693218528764342e+00 8.953490081740560e+01
1.166900000000000e+11 2.726114474972169e+00 8.953430115328283e+01
1.170200000000000e+11 2.758970683127152e+00 8.953368534093913e+01
1.173500000000000e+11 2.791787875827760e+00 8.953305495782726e+01
1.176800000000000e+11 2.824566785278639e+00 8.953241130152038e+01
1.180100000000000e+11 2.857308149452968e+00 8.953175532230861e+01
1.183400000000000e+11 2.890012707107736e+00 8.953108758930517e+01
1.186700000000000e+11 2.922681192175807e+00 8.953040829324391e+01
1.190000000000000e+11 2.955314328128044e+00 8.952971728533275e+01
1.193300000000000e+11 2.987912822907083e+00 8.952901414786720e+01
1.196600000000000e+11 3.020477364979132e+00 8.952829828909947e+01
1.199900000000000e+11 3.053008620938363e+00 8.952756905246953e+01
1.203200000000000e+11 3.085507234938448e+00 8.952682582895088e+01
1.206500000000000e+11 3.117973830037685e+00 8.952606816106142e+01
1.209800000000000e+11 3.150409011343119e+00 8.952529582806942e+01
1.213100000000000e+11 3.182813370649908e+00 8.952450890394884e+01
1.216400000000000e+11 3.215187492111688e+00 8.952370778251327e+01
1.219700000000000e+11 3.247531958365301e+00 8.952289316756355e+01
1.223000000000000e+11 3.279847356478929e+00 8.952206602948336e+01
1.226300000000000e+11 3.312134283104791e+00 8.952122753313550e+01
1.229600000000000e+11 3.344393348294547e+00 8.952037894480462e+01
1.232900000000000e+11 3.376625177568645e+00 8.951952152800393e+01
1.236200000000000e+11 3.408830412010321e+00 8.951865643903146e+01
1.239500000000000e+11 3.441009706357955e+00 8.951778463309094e+01
1.242800000000000e+11 3.473163725279494e+00 8.951690679063327e+01
1.246100000000000e+11 3.505293138204442e+00 8.951602327143482e+01
1.249400000000000e+11 3.537398613244081e+00 8.951513410103212e+01
1.252700000000000e+11 3.569480810832501e+00 8.951423899079562e+01
1.256000000000000e+11 3.601540377757640e+00 8.951333738946290e+01
1.259300000000000e+11 3.633577942219067e+00 8.951242856075477e+01
1.262600000000000e+11 3.665594110450012e+00 8.951151167904607e+01
1.265900000000000e+11 3.697589465285244e+00 8.951058593326675e+01
1.269200000000000e+11 3.729564566858066e+00 8.950965062840223e+01
1.272500000000000e+11 3.761519955391395e+00 8.950870527426923e+01
1.275800000000000e+11 3.793456155829202e+00 8.950774965257325e+01
1.279100000000000e+11 3.825373683860924e+00 8.950678385551501e+01
1.282400000000000e+11 3.857273052741576e+00 8.950580829213527e+01
1.285700000000000e+11 3.889154780220084e+00 8.950482366188425e+01
1.289000000000000e+11 3.921019394869716e+00 8.950383089824653e+01
1.292300000000000e+11 3.952867441166879e+00 8.950283108826750e+01
1.295600000000000e+11 3.984699482787355e+00 8.950182537626782e+01
1.298900000000000e+11 4.016516103766246e+00 8.950081486158074e+01
1.302200000000000e+11 4.048317907384647e+00 8.949980050072612e+01
1.305500000000000e+11 4.080105512879196e+00 8.949878302392094e+01
1.308800000000000e+11 4.111879550296017e+00 8.949776287433134e+01
1.312100000000000e+11 4.143640654005477e+00 8.949674017611578e+01
1.315400000000000e+11 4.175389455536939e+00 8.949571473435910e+01
1.318700000000000e+11 4.207126576470078e+00 8.949468606673737e+01
1.322000000000000e+11 4.238852622120155e+00 8.949365346353805e+01
1.325300000000000e+11 4.270568176679628e+00 8.949261606978912e+01
1.328600000000000e+11 4.302273800334701e+00 8.949157298103856e+01
1.331900000000000e+11 4.333970028675986e+00 8.949052334298574e+01
1.335200000000000e+11 4.365657374488395e+00 8.948946644482227e+01
1.338500000000000e+11 4.397336331759987e+00 8.948840179683819e+01
1.341800000000000e+11 4.429007381518761e+00 8.948732918450349e+01
1.345100000000000e+11 4.460670998913409e+00 8.948624869367865e+01
1.348400000000000e+11 4.492327660820073e+00 8.948516070458038e+01
1.351700000000000e+11 4.523977853196058e+00 8.948406585533799e+01
1.355000000000000e+11 4.555622077420549e+00 8.948296497908105e+01
1.358300000000000e+11 4.587260854960890e+00 8.948185902118932e+01
1.361600000000000e+11 4.618894729870380e+00 8.948074894534335e+01
1.364900000000000e+11 4.650524268844567e+00 8.947963563812003e+01
1.368200000000000e+11 4.682150058814678e+00 8.947851982199111e+01
1.371500000000000e+11 4.713772702312688e+00 8.947740198568295e+01
1.374800000000000e+11 4.745392811077633e+00 8.947628233904244e+01
1.378100000000000e+11 4.777010998560775e+00 8.947516079700249e+01
1.381400000000000e+11 4.808627872109718e+00 8.947403699424608e+01
1.384700000000000e+11 4.840244025653872e+00 8.947291032898436e+01
1.388000000000000e+11 4.871860033670297e+00 8.947178003128457e+01
1.391300000000000e+11 4.903476447085831e+00 8.947064524884343e+01
1.394600000000000e+11 4.935093791576705e+00 8.946950514131477e+01
1.397900000000000e+11 4.966712568482439e+00 8.946835897342699e+01
1.401200000000000e+11 4.998333258281892e+00 8.946720619723892e+01
1.404500000000000e+11 5.029956326310415e+00 8.946604651501444e+01
1.407800000000000e+11 5.061582230160241e+00 8.946487991617249e+01
1.411100000000000e+11 5.093211428022644e+00 8.946370668444480e+01
1.414400000000000e+11 5.124844387122895e+00 8.946252737442340e+01
1.417700000000000e+11 5.156481591376326e+00 8.946134275983688e+01
1.421000000000000e+11 5.188123547464133e+00 8.946015375879456e+01
1.424300000000000e+11 5.219770788678371e+00 8.945896134362317e+01
1.427600000000000e+11 5.251423876109288e+00 8.945776644450450e+01
1.430900000000000e+11 5.283083397017011e+00 8.945656985678806e+01
1.434200000000000e+11 5.314749960518371e+00 8.945537216149276e+01
1.437500000000000e+11 5.346424191000669e+00 8.945417366717933e+01
1.440800000000000e+11 5.378106719914066e+00 8.945297437921131e+01
1.444100000000000e+11 5.409798176772021e+00 8.945177399962493e+01
1.447400000000000e+11 5.441499180281382e+00 8.945057195771430e+01
1.450700000000000e+11 5.473210330524874e+00 8.944936746828817e+01
1.454000000000000e+11 5.504932203020681e+00 8.944815961172878e+01
1.457300000000000e+11 5.536665345303350e+00 8.944694742773567e+01
1.460600000000000e+11 5.568410276417058e+00 8.944573001323097e+01
1.463900000000000e+11 5.600167489418607e+00 8.944450661445157e+01
1.467200000000000e+11 5.631937456676682e+00 8.944327670383602e+01
1.470500000000000e+11 5.663720637464108e+00 8.944204003384664e+01
1.473800000000000e+11 5.695517487096126e+00 8.944079666221154e+01
1.477100000000000e+11 5.727328466698417e+00 8.943954694598227e+01
1.480400000000000e+11 5.759154052612253e+00 8.943829150498874e+01
1.483700000000000e+11 5.790994744469253e+00 8.943703115839720e+01
1.487000000000000e+11 5.822851071092184e+00 8.943576684084317e+01
1.490300000000000e+11 5.854723593594207e+00 8.943449950670161e+01
1.493600000000000e+11 5.886612905328535e+00 8.943323003229651e+01
1.496900000000000e+11 5.918519628663442e+00 8.943195912607167e+01
1.500200000000000e+11 5.950444408884872e+00 8.943068725595147e+01
1.503500000000000e+11 5.982387905830638e+00 8.942941460137247e+01
1.506800000000000e+11 6.014350784102497e+00 8.942814103495330e+01
1.510100000000000e+11 6.046333702861666e+00 8.942686613573376e+01
1.513400000000000e+11 6.078337306268432e+00 8.942558923267586e+01
1.516700000000000e+11 6.110362215575160e+00 8.942430947400679e+01
1.520000000000000e+11 6.142409023722815e+00 8.942302591531021e+01
1.523300000000000e+11 6.174478293042633e+00 8.942173761732253e+01
1.526600000000000e+11 6.206570556351311e+00 8.942044374336724e+01
1.529900000000000e+11 6.238686321377626e+00 8.941914364635751e+01
1.533200000000000e+11 6.270826078112724e+00 8.941783693634662e+01
1.536500000000000e+11 6.302990308365028e+00 8.941652352157288e+01
1.539800000000000e+11 6.335179496561757e+00 8.941520361865715e+01
1.543100000000000e+11 6.367394140695574e+00 8.941387773077864e+01
1.546400000000000e+11 6.399634762282458e+00 8.941254659595820e+01
1.549700000000000e+11 6.431901914284652e+00 8.941121111068141e+01
1.553000000000000e+11 6.464196186147539e+00 8.940987223666451e+01
1.556300000000000e+11 6.496518205389068e+00 8.940853090036117e+01
1.559600000000000e+11 6.528868635530070e+00 8.940718789560512e+01
1.562900000000000e+11 6.561248170534072e+00 8.940584379952318e+01
1.566200000000000e+11 6.593657526292474e+00 8.940449891053892e+01
1.569500000000000e+11 6.626097430008930e+00 8.940315321505278e+01
1.572800000000000e+11 6.658568608571435e+00 8.940180638645256e+01
1.576100000000000e+11 6.691071777125307e+00 8.940045781677611e+01
1.579400000000000e+11 6.723607629060921e+00 8.939910667795633e+01
1.582700000000000e+11 6.756176828503231e+00 8.939775200648019e+01
1.586000000000000e+11 6.788780006149065e+00 8.939639280280043e+01
1.589300000000000e+11 6.821417758960688e+00 8.939502813522884e+01
1.592600000000000e+11 6.854090653833244e+00 8.939365723747390e+01
1.595900000000000e+11 6.886799234934074e+00 8.939227958954048e+01
1.599200000000000e+11 6.919544034025138e+00 8.939089497333396e+01
1.602500000000000e+11 6.952325582749461e+00 8.938950349685008e+01
1.605800000000000e+11 6.985144425634521e+00 8.938810558403483e+01
1.609100000000000e+11 7.018001132466281e+00 8.938670193093999e+01
1.612400000000000e+11 7.050896308719155e+00 8.938529343231349e+01
1.615700000000000e+11 7.083830602904750e+00 8.938388108589979e+01
1.619000000000000e+11 7.116804709997502e+00 8.938246588414248e+01
1.622300000000000e+11 7.149819370485243e+00 8.938104870442525e+01
1.625600000000000e+11 7.182875365042594e+00 8.937963020930577e+01
1.628900000000000e+11 7.215973505279362e+00 8.937821076732763e+01
1.632200000000000e+11 7.249114621440548e+00 8.937679040302856e+01
1.635500000000000e+11 7.282299548272927e+00 8.937536878186751e+01
1.638800000000000e+11 7.315529110496419e+00 8.937394523227869e+01
1.642100000000000e+11 7.348804109396294e+00 8.937251880325248e+01
1.645400000000000e+11 7.382125311974620e+00 8.937108835214809e+01
1.648700000000000e+11 7.415493443872835e+00 8.936965265424293e+01
1.652000000000000e+11 7.448909186915817e+00 8.936821052312989e+01
1.655300000000000e+11 7.482373181673142e+00 8.936676092978593e+01
1.658600000000000e+11 7.515886034923801e+00 8.936530310805222e+01
1.661900000000000e+11 7.549448331401971e+00 8.936383663546680e+01
1.665200000000000e+11 7.583060648741849e+00 8.936236148071697e+01
1.668500000000000e+11 7.616723574183520e+00 8.936087801226233e+01
1.671800000000000e+11 7.650437721382496e+00 8.935938696656027e+01
1.675100000000000e+11 7.684203745612506e+00 8.935788937842793e+01
1.678400000000000e+11 7.718022355773505e+00 8.935638647999805e+01
1.681700000000000e+11 7.751894321904507e+00 8.935487957803413e+01
1.685000000000000e+11 7.785820477333029e+00 8.935336992175074e+01
1.688300000000000e+11 7.819801715119027e+00 8.935185857444615e+01
1.691600000000000e+11 7.853838979035131e+00 8.935034630209242e+01
1.694900000000000e+11 7.887933249888378e+00 8.934883349049615e+01
1.698200000000000e+11 7.922085528492890e+00 8.934732009992213e+01
1.701500000000000e+11 7.956296816978107e+00 8.934580566237919e+01
1.704800000000000e+11 7.990568100333181e+00 8.934428932248520e+01
1.708100000000000e+11 8.024900330110988e+00 8.934276991838286e+01
1.711400000000000e+11 8.059294412040945e+00 8.934124609501053e+01
1.714700000000000e+11 8.093751198943480e+00 8.933971643858766e+01
1.718000000000000e+11 8.128271489823831e+00 8.933817961880457e+01
1.721300000000000e+11 8.162856035409908e+00 8.933663452417507e+01
1.724600000000000e+11 8.197505549737320e+00 8.933508037646759e+01
1.727900000000000e+11 8.232220726749039e+00 8.933351681201744e+01
1.731200000000000e+11 8.267002260328194e+00 8.933194392090661e+01
1.734500000000000e+11 8.301850865784886e+00 8.933036223917830e+01
1.737800000000000e+11 8.336767300609122e+00 8.932877269398307e+01
1.741100000000000e+11 8.371752382317846e+00 8.932717650641598e+01
1.744400000000000e+11 8.406807001460258e+00 8.932557506125889e+01
1.747700000000000e+11 8.441932128292772e+00 8.932396975645115e+01
1.751000000000000e+11 8.477128812246290e+00 8.932236184747799e+01
1.754300000000000e+11 8.512398174029281e+00 8.932075230272815e+01
1.757600000000000e+11 8.547741390971188e+00 8.931914168510201e+01
1.760900000000000e+11 8.583159676930258e+00 8.931753007280776e+01
1.764200000000000e+11 8.618654258696056e+00 8.931591702853879e+01
1.767500000000000e+11 8.654226351245793e+00 8.931430162148254e+01
1.770800000000000e+11 8.689877134408244e+00 8.931268250126755e+01
1.774100000000000e+11 8.725607733431914e+00 8.931105801760853e+01
1.777400000000000e+11 8.761419205633944e+00 8.930942637453995e+01
1.780700000000000e+11 8.797312534754550e+00 8.930778580430085e+01
1.784000000000000e+11 8.833288633902754e+00 8.930613474353260e+01
1.787300000000000e+11 8.869348357124833e+00 8.930447199374120e+01
1.790600000000000e+11 8.905492518740999e+00 8.930279684912655e+01
1.793900000000000e+11 8.941721918766742e+00 8.930110917775181e+01
1.797200000000000e+11 8.978037372050760e+00 8.929940944641680e+01
1.800500000000000e+11 9.014439738296311e+00 8.929769868509000e+01
1.803800000000000e+11 9.050929949941057e+00 8.929597839279765e+01
1.807100000000000e+11 9.087509034982727e+00 8.929425039289079e+01
1.810400000000000e+11 9.124178132250233e+00 8.929251665098492e+01
1.813700000000000e+11 9.160938497305869e+00 8.929077907303218e+01
1.817000000000000e+11 9.197791498055091e+00 8.928903930349614e+01
1.820300000000000e+11 9.234738600161528e+00 8.928729854414708e+01
1.823600000000000e+11 9.271781343411192e+00 8.928555741247449e+01
1.826900000000000e+11 9.308921311135189e+00 8.928381585523120e+01
1.830200000000000e+11 9.346160095589321e+00 8.928207312745994e+01
1.833500000000000e+11 9.383499262706470e+00 8.928032784100340e+01
1.836800000000000e+11 9.420940319829866e+00 8.927857807956079e+01
1.840100000000000e+11 9.458484689863537e+00 8.927682157051402e+01
1.843400000000000e+11 9.496133694750053e+00 8.927505589771047e+01
1.846700000000000e+11 9.533888550343088e+00 8.927327873476095e+01
1.850000000000000e+11 9.571750373656569e+00 8.927148807575151e+01
1.853300000000000e+11 9.609720202247672e+00 8.926968243983283e+01
1.856600000000000e+11 9.647799024243813e+00 8.926786102811421e+01
1.859900000000000e+11 9.685987816381958e+00 8.926602381548109e+01
1.863200000000000e+11 9.724287586510632e+00 8.926417156603195e+01
1.866500000000000e+11 9.762699416413469e+00 8.926230576823825e+01
1.869800000000000e+11 9.801224500621046e+00 8.926042849395432e+01
1.873100000000000e+11 9.839864177117137e+00 8.925854219325508e+01
1.876400000000000e+11 9.878619946513259e+00 8.925664944396591e+01
1.879700000000000e+11 9.917493477306172e+00 8.925475267994119e+01
1.883000000000000e+11 9.956486596159305e+00 8.925285392506358e+01
1.886300000000000e+11 9.995601263634814e+00 8.925095456023078e+01
1.889600000000000e+11 1.003483953730666e+01 8.924905514813281e+01
1.892900000000000e+11 1.007420352555213e+01 8.924715533557465e+01
1.896200000000000e+11 1.011369533640963e+01 8.924525384587966e+01
1.899500000000000e+11 1.015331702657460e+01 8.924334856520156e+01
1.902800000000000e+11 1.019307055580886e+01 8.924143671715782e+01
1.906100000000000e+11 1.023295775170768e+01 8.923951511105452e+01
1.909400000000000e+11 1.027298028892462e+01 8.923758044099415e+01
1.912700000000000e+11 1.031313968565734e+01 8.923562960720071e+01
1.916000000000000e+11 1.035343731855726e+01 8.923366002763980e+01
1.919300000000000e+11 1.039387445539840e+01 8.923166990785657e+01
1.922600000000000e+11 1.043445230300261e+01 8.922965844005019e+01
1.925900000000000e+11 1.047517206624951e+01 8.922762590852231e+01
1.929200000000000e+11 1.051603501268484e+01 8.922557368731169e+01
1.932500000000000e+11 1.055704253642369e+01 8.922350412622590e+01
1.935800000000000e+11 1.059819621483010e+01 8.922142033266712e+01
1.939100000000000e+11 1.063949785189477e+01 8.921932586749533e+01
1.942400000000000e+11 1.068094950330852e+01 8.921722438259005e+01
1.945700000000000e+11 1.072255347986483e+01 8.921511923475140e+01
1.949000000000000e+11 1.076431232787793e+01 8.921301311433575e+01
1.952300000000000e+11 1.080622878758884e+01 8.921090772704302e+01
1.955600000000000e+11 1.084830573282425e+01 8.920880356341279e+01
1.958900000000000e+11 1.089054609724975e+01 8.920669978308436e+01
1.962200000000000e+11 1.093295279418921e+01 8.920459423032878e+01
1.965500000000000e+11 1.097552863798626e+01 8.920248358472409e+01
1.968800000000000e+11 1.101827627512873e+01 8.920036363728060e+01
1.972100000000000e+11 1.106119813277517e+01 8.919822966917859e+01
1.975400000000000e+11 1.110429639093951e+01 8.919607689887890e+01
1.978700000000000e+11 1.114757298249827e+01 8.919390095494435e+01
1.982000000000000e+11 1.119102962256236e+01 8.919169832741885e+01
1.985300000000000e+11 1.123466786584331e+01 8.918946675069870e+01
1.988600000000000e+11 1.127848918771156e+01 8.918720547565896e+01
1.991900000000000e+11 1.132249508199946e+01 8.918491539811738e+01
1.995200000000000e+11 1.136668716651458e+01 8.918259902377113e+01
1.998500000000000e+11 1.141106728594694e+01 8.918026026540267e+01
2.001800000000000e+11 1.145563760154500e+01 8.917790408496580e+01
2.005100000000000e+11 1.150040065769064e+01 8.917553600949263e+01
2.008400000000000e+11 1.154535941729270e+01 8.917316156397496e+01
2.011700000000000e+11 1.159051726063776e+01 8.917078567491086e+01
2.015000000000000e+11 1.163587794574713e+01 8.916841210388084e+01
2.018300000000000e+11 1.168144553209977e+01 8.916604297048755e+01
2.021600000000000e+11 1.172722427342361e+01 8.916367841800349e+01
2.024900000000000e+11 1.177321848875907e+01 8.916131646341179e+01
2.028200000000000e+11 1.181943242377058e+01 8.915895305706957e+01
2.031500000000000e+11 1.186587011602278e+01 8.915658235737995e+01
2.034800000000000e+11 1.191253527839484e+01 8.915419720441733e+01
2.038100000000000e+11 1.195943121386426e+01 8.915178975547271e+01
2.041400000000000e+11 1.200656077256016e+01 8.914935222708762e+01
2.044700000000000e+11 1.205392635840361e+01 8.914687767428617e+01
2.048000000000000e+11 1.210152998811765e+01 8.914436073002676e+01
2.051300000000000e+11 1.214937340026851e+01 8.914179822746131e+01
2.054600000000000e+11 1.219745820679559e+01 8.913918963486449e+01
2.057900000000000e+11 1.224578607468283e+01 8.913653724776698e+01
2.061200000000000e+11 1.229435892154803e+01 8.913384610386912e+01
2.064500000000000e+11 1.234317910640153e+01 8.913112361200325e+01
2.067800000000000e+11 1.239224959600517e+01 8.912837891449557e+01
2.071100000000000e+11 1.244157408833404e+01 8.912562203012574e+01
2.074400000000000e+11 1.249115707762984e+01 8.912286284976251e+01
2.077700000000000e+11 1.254100385027338e+01 8.912011007604509e+01
2.081000000000000e+11 1.259112040684690e+01 8.911737020996908e+01
2.084300000000000e+11 1.264151331280179e+01 8.911464668932894e+01
2.087600000000000e+11 1.269218948746433e+01 8.911193927587190e+01
2.090900000000000e+11 1.274315594800649e+01 8.910924376990440e+01
2.094200000000000e+11 1.279441953077682e+01 8.910655210406968e+01
2.097500000000000e+11 1.284598661638509e+01 8.910385283415951e+01
2.100800000000000e+11 1.289786288664913e+01 8.910113200696236e+01
2.104100000000000e+11 1.295005314061227e+01 8.909837434669554e+01
2.107400000000000e+11 1.300256119322061e+01 8.909556466617127e+01
2.110700000000000e+11 1.305538987406665e+01 8.909268938011265e+01
2.114000000000000e+11 1.310854113525825e+01 8.908973797912353e+01
2.117300000000000e+11 1.316201626760929e+01 8.908670431616525e+01
2.120600000000000e+11 1.321581621378527e+01 8.908358756441226e+01
2.123900000000000e+11 1.326994195673352e+01 8.908039272626075e+01
2.127200000000000e+11 1.332439495266003e+01 8.907713060696977e+01
2.130500000000000e+11 1.337917757093911e+01 8.907381721062174e+01
2.133800000000000e+11 1.343429349944338e+01 8.907047256733689e+01
2.137100000000000e+11 1.348974807345893e+01 8.906711905472046e+01
2.140400000000000e+11 1.354554848988785e+01 8.906377932855220e+01
2.143700000000000e+11 1.360170387580095e+01 8.906047402286426e+01
2.147000000000000e+11 1.365822519119794e+01 8.905721941322119e+01
2.150300000000000e+11 1.371512495932659e+01 8.905402525541808e+01
2.153600000000000e+11 1.377241683307292e+01 8.905089301225790e+01
2.156900000000000e+11 1.383011502151191e+01 8.904781466237164e+01
2.160200000000000e+11 1.388823361532179e+01 8.904477224763173e+01
2.163500000000000e+11 1.394678586202434e+01 8.904173826174515e+01
2.166800000000000e+11 1.400578345066346e+01 8.903867691591122e+01
2.170100000000000e+11 1.406523586953704e+01 8.903554624314307e+01
2.173400000000000e+11 1.412514989930198e+01 8.903230092716620e+01
2.176700000000000e+11 1.418552929692496e+01 8.902889567134366e+01
2.180000000000000e+11 1.424637471381858e+01 8.902528886435164e+01
2.183300000000000e+11 1.430768387479306e+01 8.902144625813899e+01
2.186600000000000e+11 1.436945202436416e+01 8.901734435455940e+01
2.189900000000000e+11 1.443167262500538e+01 8.901297320272316e+01
2.193200000000000e+11 1.449433826990179e+01 8.900833834031930e+01
2.196500000000000e+11 1.455744175253382e+01 8.900346166739956e+01
2.199800000000000e+11 1.462097721880342e+01 8.899838111687139e+01
2.203100000000000e+11 1.468494131601925e+01 8.899314907668013e+01
2.206400000000000e+11 1.474933424812943e+01 8.898782961752579e+01
2.209700000000000e+11 1.481416064888520e+01 8.898249467898798e+01
2.213000000000000e+11 1.487943019433787e+01 8.897721945801271e+01
2.216300000000000e+11 1.494515789278653e+01 8.897207731887428e+01
2.219600000000000e+11 1.501136401298256e+01 8.896713459612960e+01
2.222900000000000e+11 1.507807363844639e+01 8.896244568635559e+01
2.226200000000000e+11 1.514531586513693e+01 8.895804881740489e+01
2.229500000000000e+11 1.521312268904831e+01 8.895396284478223e+01
2.232800000000000e+11 1.528152765713994e+01 8.895018535545849e+01
2.236100000000000e+11 1.535056437693071e+01 8.894669226463282e+01
2.239400000000000e+11 1.542026499504978e+01 8.894343897763324e+01
2.242700000000000e+11 1.549065876146110e+01 8.894036306625847e+01
2.246000000000000e+11 1.556177079310491e+01 8.893738828653875e+01
2.249300000000000e+11 1.563362113821968e+01 8.893442965359999e+01
2.252600000000000e+11 1.570622422138347e+01 8.893139919886812e+01
2.255900000000000e+11 1.577958872085187e+01 8.892821197348589e+01
2.259200000000000e+11 1.585371789629149e+01 8.892479183543794e+01
2.262500000000000e+11 1.592861034919923e+01 8.892107656934593e+01
2.265800000000000e+11 1.600426116312147e+01 8.891702193686997e+01
2.269100000000000e+11 1.608066333922890e+01 8.891260433849195e+01
2.272400000000000e+11 1.615780941757661e+01 8.890782187754044e+01
2.275700000000000e+11 1.623569315775621e+01 8.890269374573916e+01
2.279000000000000e+11 1.631431114619381e+01 8.889725798564989e+01
2.282300000000000e+11 1.639366420182216e+01 8.889156781791445e+01
2.285600000000000e+11 1.647375846712426e+01 8.888568683899928e+01
2.288900000000000e+11 1.655460609653635e+01 8.887968348823739e+01
2.292200000000000e+11 1.663622548702332e+01 8.887362524328337e+01
2.295500000000000e+11 1.671864103365615e+01 8.886757302515774e+01
2.298800000000000e+11 1.680188243308987e+01 8.886157627554992e+01
2.302100000000000e+11 1.688598359653703e+01 8.885566911102924e+01
2.305400000000000e+11 1.697098126775269e+01 8.884986786574842e+01
2.308700000000000e+11 1.705691346761657e+01 8.884417021380871e+01
2.312000000000000e+11 1.714381790265598e+01 8.883855592485148e+01
2.315300000000000e+11 1.723173047869626e+01 8.883298916369731e+01
2.318600000000000e+11 1.732068405220232e+01 8.882742210963096e+01
2.321900000000000e+11 1.741070753135976e+01 8.882179955543235e+01
2.325200000000000e+11 1.750182540819645e+01 8.881606406111780e+01
2.328500000000000e+11 1.759405776471489e+01 8.881016119042501e+01
2.331800000000000e+11 1.768742075345831e+01 8.880404435382442e+01
2.335100000000000e+11 1.778192750998266e+01 8.879767882075704e+01
2.338400000000000e+11 1.787758941524767e+01 8.879104454241882e+01
2.341700000000000e+11 1.797441759360999e+01 8.878413753758906e+01
2.345000000000000e+11 1.807242450992684e+01 8.877696972762814e+01
2.348300000000000e+11 1.817162551942202e+01 8.876956725066516e+01
2.351600000000000e+11 1.827204022750837e+01 8.876196742601965e+01
2.354900000000000e+11 1.837369353356825e+01 8.875421466518527e+01
2.358200000000000e+11 1.847661626146120e+01 8.874635572363327e+01
2.361500000000000e+11 1.858084531778346e+01 8.873843474916244e+01
2.364800000000000e+11 1.868642336328306e+01 8.873048860154167e+01
2.368100000000000e+11 1.879339802929796e+01 8.872254289264593e+01
2.371400000000000e+11 1.890182075529192e+01 8.871460912810960e+01
2.374700000000000e+11 1.901174536128348e+01 8.870668322669867e+01
2.378000000000000e+11 1.912322649645143e+01 8.869874556163865e+01
2.381300000000000e+11 1.923631811960044e+01 8.869076252136766e+01
2.384600000000000e+11 1.935107216681934e+01 8.868268943952440e+01
2.387900000000000e+11 1.946753754627371e+01 8.867447460974687e+01
2.391200000000000e+11 1.958575957082831e+01 8.866606399320868e+01
2.394500000000000e+11 1.970577989863716e+01 8.865740615653330e+01
2.397800000000000e+11 1.982763700366413e+01 8.864845695202249e+01
2.401100000000000e+11 1.995136714683626e+01 8.863918347394309e+01
2.404400000000000e+11 2.007700576907228e+01 8.862956689222274e+01
2.407700000000000e+11 2.020458918461835e+01 8.861960387216465e+01
2.411000000000000e+11 2.033415642125379e+01 8.860930642562349e+01
2.414300000000000e+11 2.046575103635705e+01 8.859870019252388e+01
2.417600000000000e+11 2.059942273662540e+01 8.858782130692650e+01
2.420900000000000e+11 2.073522864496818e+01 8.857671214400901e+01
2.424200000000000e+11 2.087323408972489e+01 8.856541635931499e+01
2.427500000000000e+11 2.101351283626169e+01 8.855397370778799e+01
2.430800000000000e+11 2.115614673521613e+01 8.854241515928457e+01
2.434100000000000e+11 2.130122482012693e+01 8.853075880568191e+01
2.437400000000000e+11 2.144884194428669e+01 8.851900698339027e+01
2.440700000000000e+11 2.159909709663794e+01 8.850714492007985e+01
2.444000000000000e+11 2.175209157419175e+01 8.849514106619303e+01
2.447300000000000e+11 2.190792720957327e+01 8.848294910449538e+01
2.450600000000000e+11 2.206670485422990e+01 8.847051146092102e+01
2.453900000000000e+11 2.222852329972583e+01 8.845776398444234e+01
2.457200000000000e+11 2.239347878257675e+01 8.844464133864257e+01
2.460500000000000e+11 2.256166516531241e+01 8.843108256641746e+01
2.463800000000000e+11 2.273317482270211e+01 8.841703626082743e+01
2.467100000000000e+11 2.290810019332434e+01 8.840246480343781e+01
2.470400000000000e+11 2.308653588962176e+01 8.838734721477891e+01
2.473700000000000e+11 2.326858120098345e+01 8.837168029247461e+01
2.477000000000000e+11 2.345434278038111e+01 8.835547787902546e+01
2.480300000000000e+11 2.364393728058093e+01 8.833876828726930e+01
2.483600000000000e+11 2.383749370417856e+01 8.832159009912293e+01
2.486900000000000e+11 2.403515525379998e+01 8.830398672363702e+01
2.490200000000000e+11 2.423708051360691e+01 8.828600023623854e+01
2.493500000000000e+11 2.444344385732019e+01 8.826766510772012e+01
2.496800000000000e+11 2.465443505576480e+01 8.824900245887105e+01
2.500100000000000e+11 2.487025814130154e+01 8.823001544002045e+01
2.503400000000000e+11 2.509112966918500e+01 8.821068623582448e+01
2.506700000000000e+11 2.531727658844814e+01 8.819097504242278e+01
2.510000000000000e+11 2.554893398949822e+01 8.817082117057284e+01
2.513300000000000e+11 2.578634302585949e+01 8.815014621315601e+01
2.516600000000000e+11 2.602974930925761e+01 8.812885900010920e+01
2.519900000000000e+11 2.627940204911730e+01 8.810686187061486e+01
2.523200000000000e+11 2.653555415114990e+01 8.808405764189042e+01
2.526500000000000e+11 2.679846340957385e+01 8.806035656284878e+01
2.529800000000000e+11 2.706839483078472e+01 8.803568252019491e+01
2.533100000000000e+11 2.734562402200374e+01 8.800997781814287e+01
2.536400000000000e+11 2.763044147676869e+01 8.798320597734495e+01
2.539700000000000e+11 2.792315750043902e+01 8.795535218316867e+01
2.543000000000000e+11 2.822410745271992e+01 8.792642124116492e+01
2.546300000000000e+11 2.853365694844679e+01 8.789643314688193e+01
2.549600000000000e+11 2.885220665786901e+01 8.786541662373523e+01
2.552900000000000e+11 2.918019638563424e+01 8.783340120157392e+01
2.556200000000000e+11 2.951810818225951e+01 8.780040857678004e+01
2.559500000000000e+11 2.986646834802912e+01 8.776644409319908e+01
2.562800000000000e+11 3.022584831848475e+01 8.773148919896455e+01
2.566100000000000e+11 3.059686456160777e+01 8.769549566228541e+01
2.569400000000000e+11 3.098017775616590e+01 8.765838217315590e+01
2.572700000000000e+11 3.137649164468338e+01 8.762003373037631e+01
2.576000000000000e+11 3.178655205007144e+01 8.758030393501035e+01
2.579300000000000e+11 3.221114660148837e+01 8.753902000947873e+01
2.582600000000000e+11 3.265110572541729e+01 8.749599006649427e+01
2.585900000000000e+11 3.310730541971871e+01 8.745101189486496e+01
2.589200000000000e+11 3.358067224395790e+01 8.740388233755803e+01
2.592500000000000e+11 3.407219083589403e+01 8.735440623292014e+01
2.595800000000000e+11 3.458291411322303e+01 8.730240388556952e+01
2.599100000000000e+11 3.511397615638739e+01 8.724771613231702e+01
2.602400000000000e+11 3.566660760957392e+01 8.719020626335114e+01
2.605700000000000e+11 3.624215330073815e+01 8.712975833309577e+01
2.609000000000000e+11 3.684209168489631e+01 8.706627172373956e+01
2.612300000000000e+11 3.746805567330857e+01 8.699965217658873e+01
2.615600000000000e+11 3.812185443654017e+01 8.692979984773537e+01
2.618900000000000e+11 3.880549586932447e+01 8.685659524022203e+01
2.622200000000000e+11 3.952120958185255e+01 8.677988408252016e+01
2.625500000000000e+11 4.027147053199261e+01 8.669946233619193e+01
2.628800000000000e+11 4.105902372673624e+01 8.661506250630653e+01
2.632100000000000e+11 4.188691078499817e+01 8.652634229002444e+01
2.635400000000000e+11 4.275849955106786e+01 8.643287633809034e+01
2.638700000000000e+11 4.367751836177963e+01 8.633415153994729e+01
2.642000000000000e+11 4.464809698718153e+01 8.622956580618616e+01
2.645300000000000e+11 4.567481667726273e+01 8.611842985043779e+01
2.648600000000000e+11 4.676277215921466e+01 8.599997100832451e+01
2.651900000000000e+11 4.791764885708218e+01 8.587333771351869e+01
2.655200000000000e+11 4.914581908073235e+01 8.573760291306095e+01
2.658500000000000e+11 5.045446150465865e+01 8.559176446729624e+01
2.661800000000000e+11 5.185170900227317e+01 8.543474045092441e+01
2.665100000000000e+11 5.334683091794269e+01 8.526535724150357e+01
2.668400000000000e+11 5.495045728208148e+01 8.508232832392095e+01
2.671700000000000e+11 5.667485448634376e+01 8.488422181028756e+01
2.675000000000000e+11 5.853426478543808e+01 8.466941471269919e+01
2.678300000000000e+11 6.054532602496131e+01 8.443603192968216e+01
2.681600000000000e+11 6.272759369952579e+01 8.418186760998047e+01
2.684900000000000e+11 6.510419552579293e+01 8.390428590214741e+01
2.688200000000000e+11 6.770266020332464e+01 8.360009690212520e+01
2.691500000000000e+11 7.055597847654839e+01 8.326540162220600e+01
2.694800000000000e+11 7.370397835672419e+01 8.289539666207340e+01
2.698100000000000e+11 7.719513106495138e+01 8.248412442288921e+01
2.701400000000000e+11 8.108895568151131e+01 8.202414731563827e+01
2.704700000000000e+11 8.545926789092645e+01 8.150611308452781e+01
2.708000000000000e+11 9.039863670185746e+01 8.091816075529141e+01
2.711300000000000e+11 9.602459762070569e+01 8.024508878189610e+01
2.714600000000000e+11 1.024884634792421e+02 7.946716153378301e+01
2.717900000000000e+11 1.099880461626071e+02 7.855835430880592e+01
2.721200000000000e+11 1.187863746605802e+02 7.748370626786290e+01
2.724500000000000e+11 1.292397684902735e+02 7.619521850164980e+01
2.727800000000000e+11 1.418407145419206e+02 7.462530935167949e+01
2.731100000000000e+11 1.572842871530560e+02 7.267603770094216e+01
2.734400000000000e+11 1.765713303394535e+02 7.020075847509904e+01
2.737700000000000e+11 2.011642783326975e+02 6.697187467325165e+01
2.741000000000000e+11 2.331941058157814e+02 6.262281295488559e+01
2.744300000000000e+11 2.755915817363460e+02 5.654456288485901e+01
2.747600000000000e+11 3.314077008260575e+02 4.772308427159525e+01
2.750900000000000e+11 3.993399479101897e+02 3.463466344557885e+01
2.754200000000000e+11 4.595898962797381e+02 1.596854468655731e+01
2.757500000000000e+11 4.677025886785166e+02 -6.493857619955969e+00
2.760800000000000e+11 4.129699751935744e+02 -2.698273358002346e+01
2.764100000000000e+11 3.390667542189714e+02 -4.198031303105981e+01
2.767400000000000e+11 2.755544538620861e+02 -5.212478836056346e+01
2.770700000000000e+11 2.271494729047910e+02 -5.903890946340463e+01
2.774000000000000e+11 1.908958096649389e+02 -6.392008487090833e+01
2.777300000000000e+11 1.633646783348979e+02 -6.749953516176218e+01
2.780600000000000e+11 1.419986397072108e+02 -7.021440421656536e+01
2.783900000000000e+11 1.250475734883385e+02 -7.233252319527706e+01
2.787200000000000e+11 1.113258952735320e+02 -7.402399544180247e+01
2.790500000000000e+11 1.000198734474897e+02 -7.540089435235403e+01
2.793800000000000e+11 9.055954579390549e+01 -7.653963816594643e+01
2.797100000000000e+11 8.253689318113541e+01 -7.749399282048273e+01
2.800400000000000e+11 7.565357600982050e+01 -7.830288361310653e+01
2.803700000000000e+11 6.968709123379728e+01 -7.899523758386752e+01
2.807000000000000e+11 6.446844596074256e+01 -7.959306879711463e+01
2.810300000000000e+11 5.986713486201857e+01 -8.011348865868753e+01
2.813600000000000e+11 5.578083579125767e+01 -8.057003783948376e+01
2.816900000000000e+11 5.212821366748118e+01 -8.097357833239889e+01
2.820200000000000e+11 4.884381197673333e+01 -8.133289451539268e+01
2.823500000000000e+11 4.587437210574037e+01 -8.165510009191303e+01
2.826800000000000e+11 4.317614531916787e+01 -8.194591691816289e+01
2.830100000000000e+11 4.071290441301364e+01 -8.220987280836977e+01
2.833400000000000e+11 3.845445377429325e+01 -8.245045313055050e+01
2.836700000000000e+11 3.637549687297123e+01 -8.267023222890650e+01
2.840000000000000e+11 3.445476077266098e+01 -8.287100357662604e+01
2.843300000000000e+11 3.267430529100874e+01 -8.305392102400452e+01
2.846600000000000e+11 3.101896447764358e+01 -8.321965705601984e+01
2.849900000000000e+11 2.947588292633666e+01 -8.336857749510008e+01
2.853200000000000e+11 2.803412084319744e+01 -8.350092576045957e+01
2.856500000000000e+11 2.668431080198364e+01 -8.361700405356159e+01
2.859800000000000e+11 2.541835631648430e+01 -8.371733432580221e+01
2.863100000000000e+11 2.422916801903638e+01 -8.380277942278627e+01
2.866400000000000e+11 2.311043740557064e+01 -8.387460529536334e+01
2.869700000000000e+11 2.205645070028665e+01 -8.393446941581851e+01
2.873000000000000e+11 2.106194625464667e+01 -8.398432891459471e+01
2.876300000000000e+11 2.012201791547739e+01 -8.402627403965772e+01
2.879600000000000e+11 1.923206403626305e+01 -8.406230679523605e+01
2.882900000000000e+11 1.838777762897066e+01 -8.409409828128541e+01
2.886200000000000e+11 1.758516832122836e+01 -8.412276768584267e+01
2.889500000000000e+11 1.682060243545333e+01 -8.414872740954173e+01
2.892800000000000e+11 1.609084497570042e+01 -8.417163002929949e+01
2.896100000000000e+11 1.539308774259201e+01 -8.419043399007339e+01
2.899400000000000e+11 1.472495166677618e+01 -8.420357975899245e+01
2.902700000000000e+11 1.408445814968661e+01 -8.420924337682257e+01
2.906000000000000e+11 1.346997201679965e+01 -8.420561749352368e+01
2.909300000000000e+11 1.288012533333312e+01 -8.419116646999726e+01
2.912600000000000e+11 1.231373486787986e+01 -8.416481255632992e+01
2.915900000000000e+11 1.176972569232976e+01 -8.412602989568398e+01
2.919200000000000e+11 1.124707002752564e+01 -8.407484461275931e+01
2.922500000000000e+11 1.074474570115819e+01 -8.401175575583828e+01
2.925800000000000e+11 1.026171423971324e+01 -8.393760017603198e+01
2.929100000000000e+11 9.796915730228744e+00 -8.385338534961873e+01
2.932400000000000e+11 9.349276319464673e+00 -8.376011080206908e+01
2.935700000000000e+11 8.917724116960931e+00 -8.365859435415665e+01
2.939000000000000e+11 8.501209728839047e+00 -8.354931568404162e+01
2.942300000000000e+11 8.098728234475109e+00 -8.343228694463158e+01
2.945600000000000e+11 7.709339951911405e+00 -8.330695777431707e+01
2.948900000000000e+11 7.332187828949688e+00 -8.317215928660460e+01
2.952200000000000e+11 6.966509816763272e+00 -8.302608820218542e+01
2.955500000000000e+11 6.611645177022186e+00 -8.286632833233570e+01
2.958800000000000e+11 6.267034330806795e+00 -8.268990254156857e+01
2.962100000000000e+11 5.932212522472222e+00 -8.249334454391756e+01
2.965400000000000e+11 5.606798172927337e+00 -8.227277671269455e+01
2.968700000000000e+11 5.290477272937405e+00 -8.202397759709571e+01
2.972000000000000e+11 4.982985479364657e+00 -8.174242094478747e+01
2.975300000000000e+11 4.684089712041380e+00 -8.142326648915170e+01
2.978600000000000e+11 4.393571013004920e+00 -8.106128120360084e+01
2.981900000000000e+11 4.111210244494278e+00 -8.065066760112630e+01
2.985200000000000e+11 3.836777899168993e+00 -8.018477209198842e+01
2.988500000000000e+11 3.570028916266834e+00 -7.965563996763697e+01
2.991800000000000e+11 3.310702991544669e+00 -7.905337185333626e+01
2.995100000000000e+11 3.058530499574369e+00 -7.836521544004550e+01
2.998400000000000e+11 2.813243892578950e+00 -7.757428913706555e+01
3.001700000000000e+11 2.574594401642272e+00 -7.665776910211889e+01
3.005000000000000e+11 2.342374186144820e+00 -7.558425654722566e+01
3.008300000000000e+11 2.116444984515800e+00 -7.430983850337863e+01
3.011600000000000e+11 1.896776236897283e+00 -7.277198590530217e+01
3.014900000000000e+11 1.683499446404092e+00 -7.087974789093033e+01
3.018200000000000e+11 1.476993121684381e+00 -6.849740593748434e+01
3.021500000000000e+11 1.278028317493002e+00 -6.541629587416550e+01
3.024800000000000e+11 1.088038442299091e+00 -6.130508100250300e+01
3.028100000000000e+11 9.096498435618786e-01 -5.562261801262928e+01
3.031400000000000e+11 7.477526835707815e-01 -4.748108115402913e+01
3.034700000000000e+11 6.115306108072416e-01 -3.553654385393059e+01
3.038000000000000e+11 5.170118219681020e-01 -1.844759420067724e+01
3.041300000000000e+11 4.843905149500841e-01 2.890771616569384e+00
3.044600000000000e+11 5.211915204657286e-01 2.360766990417400e+01
3.047900000000000e+11 6.116941388291284e-01 3.953265949444226e+01
3.051200000000000e+11 7.336692863499737e-01 5.053636683427258e+01
3.054500000000000e+11 8.719063663793170e-01 5.807277087265955e+01
3.057800000000000e+11 1.018112571914241e+00 6.338747790862053e+01
3.061100000000000e+11 1.167937465290854e+00 6.727686827474898e+01
3.064400000000000e+11 1.319049226037303e+00 7.022397945551778e+01
3.067700000000000e+11 1.470159879338722e+00 7.252533414616501e+01
3.071000000000000e+11 1.620542235542133e+00 7.436846369347880e+01
3.074300000000000e+11 1.769781264241929e+00 7.587592263979820e+01
3.077600000000000e+11 1.917639237852362e+00 7.713034651225452e+01
3.080900000000000e+11 2.063978921582907e+00 7.818908747554018e+01
3.084200000000000e+11 2.208718311702675e+00 7.909303765388646e+01
3.087500000000000e+11 2.351803733613968e+00 7.987211699920047e+01
3.090800000000000e+11 2.493194344327171e+00 8.054878258516207e+01
3.094100000000000e+11 2.632854086874062e+00 8.114032398234190e+01
3.097400000000000e+11 2.770748630247549e+00 8.166038958900562e+01
3.100700000000000e+11 2.906845589942942e+00 8.212001164426299e+01
3.104000000000000e+11 3.041116741578284e+00 8.252829681738415e+01
3.107300000000000e+11 3.173541201127303e+00 8.289289022913333e+01
3.110600000000000e+11 3.304108743038456e+00 8.322028512791479e+01
3.113900000000000e+11 3.432822606233382e+00 8.351602818713182e+01
3.117200000000000e+11 3.559701315843420e+00 8.378485592093170e+01
3.120500000000000e+11 3.684779229309187e+00 8.403078785765265e+01
3.123800000000000e+11 3.808105694843061e+00 8.425719503200031e+01
3.127100000000000e+11 3.929742879686892e+00 8.446685699393136e+01
3.130400000000000e+11 4.049762474717738e+00 8.466201627255010e+01
3.133700000000000e+11 4.168241600472195e+00 8.484443573957950e+01
3.137000000000000e+11 4.285258318931363e+00 8.501546142295312e+01
3.140300000000000e+11 4.400887189769794e+00 8.517609096511038e+01
3.143600000000000e+11 4.515195297527016e+00 8.532704609858820e+01
3.146900000000000e+11 4.628239120089964e+00 8.546884624075727e+01
3.150200000000000e+11 4.740062516120124e+00 8.560187960023701e+01
3.153500000000000e+11 4.850695990414891e+00 8.572646802324853e+01
3.156800000000000e+11 4.960157264833284e+00 8.584292213587320e+01
3.160100000000000e+11 5.068453052359312e+00 8.595158406804593e+01
3.163400000000000e+11 5.175581816351679e+00 8.605285605854519e+01
3.166700000000000e+11 5.281537207091178e+00 8.614721440367931e+01
3.170000000000000e+11 5.386311811251810e+00 8.623520939240292e+01
3.173300000000000e+11 5.489900831010059e+00 8.631745294776792e+01
3.176600000000000e+11 5.592305328479406e+00 8.639459657313559e+01
3.179900000000000e+11 5.693534724771559e+00 8.646730281444820e+01
3.183200000000000e+11 5.793608324994996e+00 8.653621375989238e+01
3.186500000000000e+11 5.892555742345259e+00 8.660192009626620e+01
3.189800000000000e+11 5.990416206039834e+00 8.666493394309596e+01
3.193100000000000e+11 6.087236848448667e+00 8.672566812826584e+01
3.196400000000000e+11 6.183070165852930e+00 8.678442380828879e+01
3.199700000000000e+11 6.277970925449494e+00 8.684138744262715e+01
3.203000000000000e+11 6.371992841143959e+00 8.689663718538129e+01
3.206300000000000e+11 6.465185357758013e+00 8.695015784443596e+01
3.209600000000000e+11 6.557590866195246e+00 8.700186276039800e+01
3.212900000000000e+11 6.649242623042694e+00 8.705162034719652e+01
3.216200000000000e+11 6.740163572456692e+00 8.709928266619242e+01
3.219500000000000e+11 6.830366174108380e+00 8.714471330439120e+01
3.222800000000000e+11 6.919853238312423e+00 8.718781199511842e+01
3.226100000000000e+11 7.008619668764686e+00 8.722853382893868e+01
3.229400000000000e+11 7.096654924599475e+00 8.726690150284655e+01
3.232700000000000e+11 7.183945945265460e+00 8.730300977929886e+01
3.236000000000000e+11 7.270480240212569e+00 8.733702209789780e+01
3.239300000000000e+11 7.356248833983453e+00 8.736916002596745e+01
3.242600000000000e+11 7.441248776422604e+00 8.739968688207885e+01
3.245900000000000e+11 7.525484974886282e+00 8.742888736391639e+01
3.249200000000000e+11 7.608971175531434e+00 8.745704532039217e+01
3.252500000000000e+11 7.691730006927845e+00 8.748442190742838e+01
3.255800000000000e+11 7.773792092918732e+00 8.751123625569686e+01
3.259100000000000e+11 7.855194333770718e+00 8.753765047285833e+01
3.262400000000000e+11 7.935977536277202e+00 8.756376033488120e+01
3.265700000000000e+11 8.016183636684634e+00 8.758959243682949e+01
3.269000000000000e+11 8.095852798933274e+00 8.761510792940177e+01
3.272300000000000e+11 8.175020680985584e+00 8.764021232525178e+01
3.275600000000000e+11 8.253716143027001e+00 8.766477028037635e+01
3.278900000000000e+11 8.331959625104266e+00 8.768862379601602e+01
3.282200000000000e+11 8.409762353128432e+00 8.771161198872535e+01
3.285500000000000e+11 8.487126448182392e+00 8.773359046682903e+01
3.288800000000000e+11 8.564045923319023e+00 8.775444843690029e+01
3.292100000000000e+11 8.640508463648139e+00 8.777412193068120e+01
3.295400000000000e+11 8.716497808252592e+00 8.779260195950452e+01
3.298700000000000e+11 8.791996493828366e+00 8.780993692448064e+01
3.302000000000000e+11 8.866988685435134e+00 8.782622918277629e+01
3.305300000000000e+11 8.941462812458250e+00 8.784162623700179e+01
3.308600000000000e+11 9.015413748263152e+00 8.785630752280207e+01
3.311900000000000e+11 9.088844317893692e+00 8.787046817345467e+01
3.315200000000000e+11 9.161765984989296e+00 8.788430140497896e+01
3.318500000000000e+11 9.234198650385915e+00 8.789798126950775e+01
3.321800000000000e+11 9.306169582791851e+00 8.791164746166602e+01
3.325100000000000e+11 9.377711587979928e+00 8.792539364036729e+01
3.328400000000000e+11 9.448860598723357e+00 8.793926036895590e+01
3.331700000000000e+11 9.519652925724987e+00 8.795323331464708e+01
3.335000000000000e+11 9.590122444209834e+00 8.796724682816371e+01
3.338300000000000e+11 9.660297998100390e+00 8.798119249674316e+01
3.341600000000000e+11 9.730201282897843e+00 8.799493177979282e+01
3.344900000000000e+11 9.799845421495995e+00 8.800831144395904e+01
3.348200000000000e+11 9.869234378779392e+00 8.802118025156074e+01
3.351500000000000e+11 9.938363277785335e+00 8.803340524834806e+01
3.354800000000000e+11 1.000721959073195e+01 8.804488605231579e+01
3.358100000000000e+11 1.007578509119430e+01 8.805556575714938e+01
3.361400000000000e+11 1.014403837773584e+01 8.806543740848811e+01
3.364700000000000e+11 1.021195772178714e+01 8.807454545268547e+01
3.368000000000000e+11 1.027952395909231e+01 8.808298205188335e+01
3.371300000000000e+11 1.034672313785860e+01 8.809087865797849e+01
3.374600000000000e+11 1.041354865849926e+01 8.809839369437574e+01
3.377900000000000e+11 1.048000268759500e+01 8.810569756621548e+01
3.381200000000000e+11 1.054609669802797e+01 8.811295647338757e+01
3.384500000000000e+11 1.061185107172160e+01 8.812031661326949e+01
3.387800000000000e+11 1.067729379311760e+01 8.812789032160084e+01
3.391100000000000e+11 1.074245835166927e+01 8.813574551345833e+01
3.394400000000000e+11 1.080738105145834e+01 8.814389946860362e+01
3.397700000000000e+11 1.087209798755556e+01 8.815231758561305e+01
3.401000000000000e+11 1.093664198559148e+01 8.816091724645875e+01
3.404300000000000e+11 1.100103980911636e+01 8.816957643374643e+01
3.407600000000000e+11 1.106530991744424e+01 8.817814627542487e+01
3.410900000000000e+11 1.112946100651873e+01 8.818646630276271e+01
3.414200000000000e+11 1.119349149150191e+01 8.819438093575171e+01
3.417500000000000e+11 1.125738999928794e+01 8.820175558312393e+01
3.420800000000000e+11 1.132113684071117e+01 8.820849077449903e+01
3.424100000000000e+11 1.138470633539395e+01 8.821453292654104e+01
3.427400000000000e+11 1.144806977637019e+01 8.821988066485073e+01
3.430700000000000e+11 1.151119875518832e+01 8.822458604725342e+01
3.434000000000000e+11 1.157406852767575e+01 8.822875052134550e+01
3.437300000000000e+11 1.163666109009254e+01 8.823251595372405e+01
3.440600000000000e+11 1.169896765642211e+01 8.823605154355324e+01
3.443900000000000e+11 1.176099027860576e+01 8.823953783538281e+01
3.447200000000000e+11 1.182274242843172e+01 8.824314933852177e+01
3.450500000000000e+11 1.188424845591275e+01 8.824703741516002e+01
3.453800000000000e+11 1.194554194575969e+01 8.825131510085872e+01
3.457100000000000e+11 1.200666310117120e+01 8.825604536605258e+01
3.460400000000000e+11 1.206765538238096e+01 8.826123402678107e+01
3.463700000000000e+11 1.212856170654105e+01 8.826682809153596e+01
3.467000000000000e+11 1.218942056737189e+01 8.827271982564967e+01
3.470300000000000e+11 1.225026245175816e+01 8.827875627122472e+01
3.473600000000000e+11 1.231110691337695e+01 8.828475343067738e+01
3.476900000000000e+11 1.237196061122857e+01 8.829051385721904e+01
3.480200000000000e+11 1.243281653779694e+01 8.829584604231543e+01
3.483500000000000e+11 1.249365455479659e+01 8.830058378424627e+01
3.486800000000000e+11 1.255444323374150e+01 8.830460368471601e+01
3.490100000000000e+11 1.261514287498381e+01 8.830783905684349e+01
3.493400000000000e+11 1.267570946383517e+01 8.831028882573013e+01
3.496700000000000e+11 1.273609922656700e+01 8.831202043514814e+01
3.500000000000000e+11 1.279627338148960e+01 8.831316630185171e+01
