2.000000000000000e+10 2.221747659214637e+01 -9.006208585799548e+01
2.033000000000000e+10 2.181927463908339e+01 -9.006308903658271e+01
2.066000000000000e+10 2.143318513790362e+01 -9.006409135204969e+01
2.099000000000000e+10 2.105863672366765e+01 -9.006509305923353e+01
2.132000000000000e+10 2.069509336113895e+01 -9.006609450365445e+01
2.165000000000000e+10 2.034205164530502e+01 -9.006709607675492e+01
2.198000000000000e+10 1.999903835065504e+01 -9.006809816815220e+01
2.231000000000000e+10 1.966560820330436e+01 -9.006910112004404e+01
2.264000000000000e+10 1.934134185253915e+01 -9.007010518844959e+01
2.297000000000000e+10 1.902584402061130e+01 -9.007111051505443e+01
2.330000000000000e+10 1.871874181171953e+01 -9.007211711216262e+01
2.363000000000000e+10 1.841968316310363e+01 -9.007312486179411e+01
2.396000000000000e+10 1.812833542308584e+01 -9.007413352845488e+01
2.429000000000000e+10 1.784438404271463e+01 -9.007514278371318e+01
2.462000000000000e+10 1.756753136938782e+01 -9.007615223955702e+01
2.495000000000000e+10 1.729749553243804e+01 -9.007716148671950e+01
2.528000000000000e+10 1.703400941212078e+01 -9.007817013378626e+01
2.561000000000000e+10 1.677681968473268e+01 -9.007917784297791e+01
2.594000000000000e+10 1.652568593768937e+01 -9.008018435899848e+01
2.627000000000000e+10 1.628037984928438e+01 -9.008118952818825e+01
2.660000000000000e+10 1.604068442855371e+01 -9.008219330633639e+01
2.693000000000000e+10 1.580639331117136e+01 -9.008319575473809e+01
2.726000000000000e+10 1.557731010764216e+01 -9.008419702532784e+01
2.759000000000000e+10 1.535324780025730e+01 -9.008519733682436e+01
2.792000000000000e+10 1.513402818537318e+01 -9.008619694469847e+01
2.825000000000000e+10 1.491948135761219e+01 -9.008719610832470e+01
2.858000000000000e+10 1.470944523259037e+01 -9.008819505886738e+01
2.891000000000000e+10 1.450376510480079e+01 -9.008919397124932e+01
2.924000000000000e+10 1.430229323733826e+01 -9.009019294303428e+01
2.957000000000000e+10 1.410488848026938e+01 -9.009119198222891e+01
2.990000000000000e+10 1.391141591463667e+01 -9.009219100502301e+01
3.023000000000000e+10 1.372174651933784e+01 -9.009318984340956e+01
3.056000000000000e+10 1.353575685843358e+01 -9.009418826159467e+01
3.089000000000000e+10 1.335332878678908e+01 -9.009518597920908e+01
3.122000000000000e+10 1.317434917232895e+01 -9.009618269868147e+01
3.155000000000000e+10 1.299870963355652e+01 -9.009717813376014e+01
3.188000000000000e+10 1.282630629132681e+01 -9.009817203613265e+01
3.221000000000000e+10 1.265703953416144e+01 -9.009916421737064e+01
3.254000000000000e+10 1.249081379661537e+01 -9.010015456399057e+01
3.287000000000000e+10 1.232753735036424e+01 -9.010114304419123e+01
3.320000000000000e+10 1.216712210775289e+01 -9.010212970575512e+01
3.353000000000000e+10 1.200948343754786e+01 -9.010311466552230e+01
3.386000000000000e+10 1.185453999257894e+01 -9.010409809174182e+01
3.419000000000000e+10 1.170221354884552e+01 -9.010508018130889e+01
3.452000000000000e+10 1.155242885553181e+01 -9.010606113440498e+01
3.485000000000000e+10 1.140511349523643e+01 -9.010704112926189e+01
3.518000000000000e+10 1.126019775359546e+01 -9.010802029971725e+01
3.551000000000000e+10 1.111761449738388e+01 -9.010899871786853e+01
3.584000000000000e+10 1.097729906013001e+01 -9.010997638355460e+01
3.617000000000000e+10 1.083918913427705e+01 -9.011095322164347e+01
3.650000000000000e+10 1.070322466897799e+01 -9.011192908727180e+01
3.683000000000000e+10 1.056934777271151e+01 -9.011290377832829e+01
3.716000000000000e+10 1.043750262004540e+01 -9.011387705374521e+01
3.749000000000000e+10 1.030763536203859e+01 -9.011484865556534e+01
3.782000000000000e+10 1.017969403994975e+01 -9.011581833239356e+01
3.815000000000000e+10 1.005362850208939e+01 -9.011678586174351e+01
3.848000000000000e+10 9.929390323801705e+00 -9.011775106893977e+01
3.881000000000000e+10 9.806932730679931e+00 -9.011871384064040e+01
3.914000000000000e+10 9.686210525191733e+00 -9.011967413163650e+01
3.947000000000000e+10 9.567180016923126e+00 -9.012063196430881e+01
3.980000000000000e+10 9.449798956629261e+00 -9.012158742090469e+01
4.013000000000000e+10 9.334026474228201e+00 -9.012254062953855e+01
4.046000000000000e+10 9.219823020781398e+00 -9.012349174546456e+01
4.079000000000000e+10 9.107150314399929e+00 -9.012444092964904e+01
4.112000000000000e+10 8.995971289899362e+00 -9.012538832690618e+01
4.145000000000000e+10 8.886250051917598e+00 -9.012633404589262e+01
4.178000000000000e+10 8.777951831120488e+00 -9.012727814301665e+01
4.211000000000000e+10 8.671042943057754e+00 -9.012822061189422e+01
4.244000000000000e+10 8.565490749202201e+00 -9.012916137937164e+01
4.277000000000000e+10 8.461263619715558e+00 -9.013010030845216e+01
4.310000000000000e+10 8.358330897524690e+00 -9.013103720772858e+01
4.343000000000000e+10 8.256662863368206e+00 -9.013197184626107e+01
4.376000000000000e+10 8.156230701565789e+00 -9.013290397228249e+01
4.409000000000000e+10 8.057006466372155e+00 -9.013383333373596e+01
4.442000000000000e+10 7.958963048885521e+00 -9.013475969848537e+01
4.475000000000000e+10 7.862074144579590e+00 -9.013568287209124e+01
4.508000000000000e+10 7.766314221608877e+00 -9.013660271133062e+01
4.541000000000000e+10 7.671658490092338e+00 -9.013751913208652e+01
4.574000000000000e+10 7.578082872604996e+00 -9.013843211084597e+01
4.607000000000000e+10 7.485563976100654e+00 -9.013934167969624e+01
4.640000000000000e+10 7.394079065454366e+00 -9.014024791539228e+01
4.673000000000000e+10 7.303606038753897e+00 -9.014115092367295e+01
4.706000000000000e+10 7.214123404393013e+00 -9.014205082047275e+01
4.739000000000000e+10 7.125610259936559e+00 -9.014294771198460e+01
4.772000000000000e+10 7.038046272643565e+00 -9.014384167562874e+01
4.805000000000000e+10 6.951411661461615e+00 -9.014473274386067e+01
4.838000000000000e+10 6.865687180249678e+00 -9.014562089245233e+01
4.871000000000000e+10 6.780854101952849e+00 -9.014650603439138e+01
4.904000000000000e+10 6.696894203444259e+00 -9.014738801997602e+01
4.937000000000000e+10 6.613789750765910e+00 -9.014826664302070e+01
4.970000000000000e+10 6.531523484541499e+00 -9.014914165248750e+01
5.003000000000000e+10 6.450078605391168e+00 -9.015001276829000e+01
5.036000000000000e+10 6.369438759250263e+00 -9.015087969961810e+01
5.069000000000000e+10 6.289588022568168e+00 -9.015174216387848e+01
5.102000000000000e+10 6.210510887435007e+00 -9.015259990430579e+01
5.135000000000000e+10 6.132192246748123e+00 -9.015345270444918e+01
5.168000000000000e+10 6.054617379573159e+00 -9.015430039806402e+01
5.201000000000000e+10 5.977771936883770e+00 -9.015514287342593e+01
5.234000000000000e+10 5.901641927868313e+00 -9.015598007163962e+01
5.267000000000000e+10 5.826213706973570e+00 -9.015681197913169e+01
5.300000000000000e+10 5.751473961824193e+00 -9.015763861509259e+01
5.333000000000000e+10 5.677409702103371e+00 -9.015846001512979e+01
5.366000000000000e+10 5.604008249425005e+00 -9.015927621276255e+01
5.399000000000000e+10 5.531257228165147e+00 -9.016008722058058e+01
5.432000000000000e+10 5.459144557164425e+00 -9.016089301291332e+01
5.465000000000000e+10 5.387658442164476e+00 -9.016169351167864e+01
5.498000000000000e+10 5.316787368808680e+00 -9.016248857675095e+01
5.531000000000000e+10 5.246520096018208e+00 -9.016327800173289e+01
5.564000000000000e+10 5.176845649557584e+00 -9.016406151546606e+01
5.597000000000000e+10 5.107753315618802e+00 -9.016483878905817e+01
5.630000000000000e+10 5.039232634287321e+00 -9.016560944766131e+01
5.663000000000000e+10 4.971273392795896e+00 -9.016637308579153e+01
5.696000000000000e+10 4.903865618521909e+00 -9.016712928464354e+01
5.729000000000000e+10 4.836999571734971e+00 -9.016787762969095e+01
5.762000000000000e+10 4.770665738148166e+00 -9.016861772685327e+01
5.795000000000000e+10 4.704854821365952e+00 -9.016934921567849e+01
5.828000000000000e+10 4.639557735348347e+00 -9.017007177829682e+01
5.861000000000000e+10 4.574765597024824e+00 -9.017078514331990e+01
5.894000000000000e+10 4.510469719191115e+00 -9.017148908435628e+01
5.927000000000000e+10 4.446661603807187e+00 -9.017218341331797e+01
5.960000000000000e+10 4.383332935789508e+00 -9.017286796917345e+01
5.993000000000000e+10 4.320475577356705e+00 -9.017354260321120e+01
6.026000000000000e+10 4.258081562949195e+00 -9.017420716215693e+01
6.059000000000000e+10 4.196143094704381e+00 -9.017486147065581e+01
6.092000000000000e+10 4.134652538433539e+00 -9.017550531462471e+01
6.125000000000000e+10 4.073602420016996e+00 -9.017613842684661e+01
6.158000000000000e+10 4.012985422114822e+00 -9.017676047591928e+01
6.191000000000000e+10 3.952794381080198e+00 -9.017737105930763e+01
6.224000000000000e+10 3.893022283964172e+00 -9.017796970083450e+01
6.257000000000000e+10 3.833662265511669e+00 -9.017855585251884e+01
6.290000000000000e+10 3.774707605068301e+00 -9.017912890026069e+01
6.323000000000000e+10 3.716151723342527e+00 -9.017968817253950e+01
6.356000000000000e+10 3.657988178996360e+00 -9.018023295103795e+01
6.389000000000000e+10 3.600210665066191e+00 -9.018076248198496e+01
6.422000000000000e+10 3.542813005240819e+00 -9.018127598697988e+01
6.455000000000000e+10 3.485789150044492e+00 -9.018177267218539e+01
6.488000000000000e+10 3.429133172987179e+00 -9.018225173495406e+01
6.521000000000000e+10 3.372839266750606e+00 -9.018271236725072e+01
6.554000000000000e+10 3.316901739477934e+00 -9.018315375552726e+01
6.587000000000000e+10 3.261315011227456e+00 -9.018357507705528e+01
6.620000000000000e+10 3.206073610637963e+00 -9.018397549300683e+01
6.653000000000000e+10 3.151172171836301e+00 -9.018435413883181e+01
6.686000000000000e+10 3.096605431600073e+00 -9.018471011266196e+01
6.719000000000000e+10 3.042368226769947e+00 -9.018504246255455e+01
6.752000000000000e+10 2.988455491890701e+00 -9.018535017340079e+01
6.785000000000000e+10 2.934862257047380e+00 -9.018563215423502e+01
6.818000000000000e+10 2.881583645854966e+00 -9.018588722654250e+01
6.851000000000000e+10 2.828614873556823e+00 -9.018611411395105e+01
6.884000000000000e+10 2.775951245188196e+00 -9.018631143347680e+01
6.917000000000000e+10 2.723588153766165e+00 -9.018647768826116e+01
6.950000000000000e+10 2.671521078475694e+00 -9.018661126152267e+01
6.983000000000000e+10 2.619745582830965e+00 -9.018671041128309e+01
7.016000000000000e+10 2.568257312802038e+00 -9.018677326529463e+01
7.049000000000000e+10 2.517051994906264e+00 -9.018679781552865e+01
7.082000000000000e+10 2.466125434272610e+00 -9.018678191157200e+01
7.115000000000000e+10 2.415473512693232e+00 -9.018672325229802e+01
7.148000000000000e+10 2.365092186680302e+00 -9.018661937524759e+01
7.181000000000000e+10 2.314977485547535e+00 -9.018646764323938e+01
7.214000000000000e+10 2.265125509535019e+00 -9.018626522781142e+01
7.247000000000000e+10 2.215532427993476e+00 -9.018600908916750e+01
7.280000000000000e+10 2.166194477640048e+00 -9.018569595236882e+01
7.313000000000000e+10 2.117107960894293e+00 -9.018532227951557e+01
7.346000000000000e+10 2.068269244297903e+00 -9.018488423767462e+01
7.379000000000000e+10 2.019674757019039e+00 -9.018437766222995e+01
7.412000000000000e+10 1.971320989438585e+00 -9.018379801528289e+01
7.445000000000000e+10 1.923204491813765e+00 -9.018314033858520e+01
7.478000000000000e+10 1.875321873013442e+00 -9.018239920037254e+01
7.511000000000000e+10 1.827669799318208e+00 -9.018156863528014e+01
7.544000000000000e+10 1.780244993278292e+00 -9.018064207633441e+01
7.577000000000000e+10 1.733044232622037e+00 -9.017961227778794e+01
7.610000000000000e+10 1.686064349206585e+00 -9.017847122726860e+01
7.643000000000000e+10 1.639302228002599e+00 -9.017721004537913e+01
7.676000000000000e+10 1.592754806103379e+00 -9.017581887042491e+01
7.709000000000000e+10 1.546419071748070e+00 -9.017428672538649e+01
7.742000000000000e+10 1.500292063348277e+00 -9.017260136347038e+01
7.775000000000000e+10 1.454370868507147e+00 -9.017074908765902e+01
7.808000000000000e+10 1.408652623021100e+00 -9.016871453836271e+01
7.841000000000000e+10 1.363134509856059e+00 -9.016648044173132e+01
7.874000000000000e+10 1.317813758093516e+00 -9.016402730907767e+01
7.907000000000000e+10 1.272687641845759e+00 -9.016133307525267e+01
7.940000000000000e+10 1.227753479144959e+00 -9.015837266038888e+01
7.973000000000000e+10 1.183008630816063e+00 -9.015511743501634e+01
8.006000000000000e+10 1.138450499349096e+00 -9.015153456274857e+01
8.039000000000000e+10 1.094076527790952e+00 -9.014758618701102e+01
8.072000000000000e+10 1.049884198679760e+00 -9.014322841787626e+01
8.105000000000000e+10 1.005871033046332e+00 -9.013841006077963e+01
8.138000000000000e+10 9.620345895057657e-01 -9.013307100907622e+01
8.171000000000000e+10 9.183724634591784e-01 -9.012714019435178e+01
8.204000000000000e+10 8.748822864193645e-01 -9.012053294832604e+01
8.237000000000000e+10 8.315617254676753e-01 -9.011314757173783e+01
8.270000000000000e+10 7.884084828412768e-01 -9.010486081930668e+01
8.303000000000000e+10 7.454202956434879e-01 -9.009552187995681e+01
8.336000000000000e+10 7.025949356652221e-01 -9.008494423227096e+01
8.369000000000000e+10 6.599302093056747e-01 -9.007289444323600e+01
8.402000000000000e+10 6.174239575874636e-01 -9.005907647823467e+01
8.435000000000000e+10 5.750740562793180e-01 -9.004310926710698e+01
8.468000000000000e+10 5.328784161731530e-01 -9.002449387531503e+01
8.501000000000000e+10 4.908349836237962e-01 -9.000256418132676e+01
8.534000000000000e+10 4.489417415678192e-01 -8.997641049950828e+01
8.567000000000000e+10 4.071967114370265e-01 -8.994475708561038e+01
8.600000000000000e+10 3.655979567699382e-01 -8.990575739924114e+01
8.633000000000000e+10 3.241435901355270e-01 -8.985663459018885e+01
8.666000000000000e+10 2.828317868273156e-01 -8.979301104124325e+01
8.699000000000000e+10 2.416608134032317e-01 -8.970756041026648e+01
8.732000000000000e+10 2.006290921609053e-01 -8.958702179747483e+01
8.765000000000000e+10 1.597353653806088e-01 -8.940466493687234e+01
8.798000000000000e+10 1.189791968247239e-01 -8.909737084900631e+01
8.831000000000000e+10 7.836302776712901e-02 -8.847179578951867e+01
8.864000000000000e+10 3.790736764537535e-02 -8.651179832118868e+01
8.897000000000000e+10 3.574616797266623e-03 4.508464525103287e+01
8.930000000000000e+10 4.285991221424832e-02 8.633145201005644e+01
8.963000000000000e+10 8.293962656167163e-02 8.795350413886381e+01
8.996000000000000e+10 1.229181606786822e-01 8.851649866577722e+01
9.029000000000000e+10 1.627800382455626e-01 8.880188670616096e+01
9.062000000000000e+10 2.025232890230905e-01 8.897410041693742e+01
9.095000000000000e+10 2.421482959474068e-01 8.908912480153175e+01
9.128000000000000e+10 2.816561133754782e-01 8.917124566033263e+01
9.161000000000000e+10 3.210480368927394e-01 8.923270277777382e+01
9.194000000000000e+10 3.603254583742800e-01 8.928033469559900e+01
9.227000000000000e+10 3.994898080297928e-01 8.931826217621223e+01
9.260000000000000e+10 4.385425284826663e-01 8.934911644988557e+01
9.293000000000000e+10 4.774850623263740e-01 8.937465658109930e+01
9.326000000000000e+10 5.163188459148631e-01 8.939610326776828e+01
9.359000000000000e+10 5.550453062159602e-01 8.941433020940144e+01
9.392000000000000e+10 5.936658591999472e-01 8.942997923131864e+01
9.425000000000000e+10 6.321819089673779e-01 8.944353239289522e+01
9.458000000000000e+10 6.705948471790584e-01 8.945535873171058e+01
9.491000000000000e+10 7.089060525464373e-01 8.946574547920225e+01
9.524000000000000e+10 7.471168902590790e-01 8.947491945657180e+01
9.557000000000000e+10 7.852287113047245e-01 8.948306208331681e+01
9.590000000000000e+10 8.232428516936035e-01 8.949032012632840e+01
9.623000000000000e+10 8.611606316377676e-01 8.949681354459032e+01
9.656000000000000e+10 8.989833547612616e-01 8.950264131278529e+01
9.689000000000000e+10 9.367123074290360e-01 8.950788581151248e+01
9.722000000000000e+10 9.743487582812548e-01 8.951261618232695e+01
9.755000000000000e+10 1.011893958047070e+00 8.951689092188427e+01
9.788000000000000e+10 1.049349139689105e+00 8.952075990703540e+01
9.821000000000000e+10 1.086715518899574e+00 8.952426598719153e+01
9.854000000000000e+10 1.123994294934343e+00 8.952744624248093e+01
9.887000000000000e+10 1.161186651736266e+00 8.953033298027910e+01
9.920000000000000e+10 1.198293759267296e+00 8.953295452486493e+01
9.953000000000000e+10 1.235316774943858e+00 8.953533584254399e+01
9.986000000000000e+10 1.272256845055190e+00 8.953749903591961e+01
1.001900000000000e+11 1.309115106040884e+00 8.953946373478598e+01
1.005200000000000e+11 1.345892685513649e+00 8.954124740652993e+01
1.008500000000000e+11 1.382590702934629e+00 8.954286560528875e+01
1.011800000000000e+11 1.419210269880955e+00 8.954433217609541e+01
1.015100000000000e+11 1.455752489884531e+00 8.954565942745228e+01
1.018400000000000e+11 1.492218457863821e+00 8.954685828317926e+01
1.021700000000000e+11 1.528609259212999e+00 8.954793842181570e+01
1.025000000000000e+11 1.564925968649295e+00 8.954890840938459e+01
1.028300000000000e+11 1.601169648947567e+00 8.954977582897169e+01
1.031600000000000e+11 1.637341349706094e+00 8.955054740844875e+01
1.034900000000000e+11 1.673442106288967e+00 8.955122914582203e+01
1.038200000000000e+11 1.709472939076048e+00 8.955182643026431e+01
1.041500000000000e+11 1.745434853124184e+00 8.955234415591876e+01
1.044800000000000e+11 1.781328838303506e+00 8.955278682509706e+01
1.048100000000000e+11 1.817155869926423e+00 8.955315863754259e+01
1.051400000000000e+11 1.852916909836228e+00 8.955346356293965e+01
1.054700000000000e+11 1.888612907874870e+00 8.955370539476573e+01
1.058000000000000e+11 1.924244803608447e+00 8.955388778475526e+01
1.061300000000000e+11 1.959813528159632e+00 8.955401425859826e+01
1.064600000000000e+11 1.995320005981863e+00 8.955408821483014e+01
1.067900000000000e+11 2.030765156411952e+00 8.955411291008303e+01
1.071200000000000e+11 2.066149894857562e+00 8.955409143480388e+01
1.074500000000000e+11 2.101475133509246e+00 8.955402668415041e+01
1.077800000000000e+11 2.136741781514286e+00 8.955392132891627e+01
1.081100000000000e+11 2.171950744602356e+00 8.955377779107447e+01
1.084400000000000e+11 2.207102924210000e+00 8.955359822782883e+01
1.087700000000000e+11 2.242199216202485e+00 8.955338452701132e+01
1.091000000000000e+11 2.277240509335019e+00 8.955313831537516e+01
1.094300000000000e+11 2.312227683624302e+00 8.955286097991139e+01
1.097600000000000e+11 2.347161608813422e+00 8.955255370090902e+01
1.100900000000000e+11 2.382043143105911e+00 8.955221749423069e+01
1.104200000000000e+11 2.416873132319532e+00 8.955185325929131e+01
1.107500000000000e+11 2.451652409568644e+00 8.955146182861482e+01
1.110800000000000e+11 2.486381795529983e+00 8.955104401466068e+01
1.114100000000000e+11 2.521062099286055e+00 8.955060064985656e+01
1.117400000000000e+11 2.555694119679502e+00 8.955013261644892e+01
1.120700000000000e+11 2.590278647055946e+00 8.954964086378499e+01
1.124000000000000e+11 2.624816465229677e+00 8.954912641188881e+01
1.127300000000000e+11 2.659308353479877e+00 8.954859034155974e+01
1.130600000000000e+11 2.693755088377440e+00 8.954803377254878e+01
1.133900000000000e+11 2.728157445257164e+00 8.954745783254648e+01
1.137200000000000e+11 2.762516199183457e+00 8.954686362060987e+01
1.140500000000000e+11 2.796832125308490e+00 8.954625216917671e+01
1.143800000000000e+11 2.831105998584061e+00 8.954562440892063e+01
1.147100000000000e+11 2.865338592856537e+00 8.954498114036660e+01
1.150400000000000e+11 2.899530679439765e+00 8.954432301545405e+01
1.153700000000000e+11 2.933683025318863e+00 8.954365053119297e+01
1.157000000000000e+11 2.967796391180027e+00 8.954296403627313e+01
1.160300000000000e+11 3.001871529483807e+00 8.954226375014676e+01
1.163600000000000e+11 3.035909182800001e+00 8.954154979279186e+01
1.166900000000000e+11 3.069910082598577e+00 8.954082222225055e+01
1.170200000000000e+11 3.103874948647076e+00 8.954008107622002e+01
1.173500000000000e+11 3.137804489103490e+00 8.953932641353494e+01
1.176800000000000e+11 3.171699401321744e+00 8.953855835138909e+01
1.180100000000000e+11 3.205560373311061e+00 8.953777709455255e+01
1.183400000000000e+11 3.239388085719986e+00 8.953698295367033e+01
1.186700000000000e+11 3.273183214156620e+00 8.953617635083904e+01
1.190000000000000e+11 3.306946431616404e+00 8.953535781196234e+01
1.193300000000000e+11 3.340678410772834e+00 8.953452794675442e+01
1.196600000000000e+11 3.374379825894168e+00 8.953368741853453e+01
1.199900000000000e+11 3.408051354184815e+00 8.953283690701964e+01
1.203200000000000e+11 3.441693676405807e+00 8.953197706804526e+01
1.206500000000000e+11 3.475307476702467e+00 8.953110849448659e+01
1.209800000000000e+11 3.508893441650245e+00 8.953023168252018e+01
1.213100000000000e+11 3.542452258613431e+00 8.952934700684314e+01
1.216400000000000e+11 3.575984613586360e+00 8.952845470752081e+01
1.219700000000000e+11 3.609491188746941e+00 8.952755488994669e+01
1.223000000000000e+11 3.642972659987993e+00 8.952664753802520e+01
1.226300000000000e+11 3.676429694700652e+00 8.952573253929701e+01
1.229600000000000e+11 3.709862950063989e+00 8.952480971946807e+01
1.232900000000000e+11 3.743273072047698e+00 8.952387888280040e+01
1.236200000000000e+11 3.776660695261981e+00 8.952293985416577e+01
1.239500000000000e+11 3.810026443703557e+00 8.952199251836183e+01
1.242800000000000e+11 3.843370932349453e+00 8.952103685253354e+01
1.246100000000000e+11 3.876694769459856e+00 8.952007294821627e+01
1.249400000000000e+11 3.909998559370056e+00 8.951910102057832e+01
1.252700000000000e+11 3.943282905492859e+00 8.951812140375473e+01
1.256000000000000e+11 3.976548413222248e+00 8.951713453260078e+01
1.259300000000000e+11 4.009795692430128e+00 8.951614091263421e+01
1.262600000000000e+11 4.043025359281521e+00 8.951514108119150e+01
1.265900000000000e+11 4.076238037158405e+00 8.951413556377302e+01
1.269200000000000e+11 4.109434356569921e+00 8.951312483013702e+01
1.272500000000000e+11 4.142614954031013e+00 8.951210925476555e+01
1.275800000000000e+11 4.175780470000038e+00 8.951108908596858e+01
1.279100000000000e+11 4.208931546068489e+00 8.951006442703621e+01
1.282400000000000e+11 4.242068821681053e+00 8.950903523166576e+01
1.285700000000000e+11 4.275192930723084e+00 8.950800131444215e+01
1.289000000000000e+11 4.308304498336575e+00 8.950696237560081e+01
1.292300000000000e+11 4.341404138314365e+00 8.950591803781776e+01
1.295600000000000e+11 4.374492451371930e+00 8.950486789149171e+01
1.298900000000000e+11 4.407570024514615e+00 8.950381154405547e+01
1.302200000000000e+11 4.440637431610912e+00 8.950274866836028e+01
1.305500000000000e+11 4.473695235159531e+00 8.950167904519837e+01
1.308800000000000e+11 4.506743989115139e+00 8.950060259554773e+01
1.312100000000000e+11 4.539784242522563e+00 8.949951939909720e+01
1.315400000000000e+11 4.572816543619359e+00 8.949842969696894e+01
1.318700000000000e+11 4.605841444007773e+00 8.949733387811666e+01
1.322000000000000e+11 4.638859502478679e+00 8.949623245053729e+01
1.325300000000000e+11 4.671871288094865e+00 8.949512599998810e+01
1.328600000000000e+11 4.704877382205623e+00 8.949401514020032e+01
1.331900000000000e+11 4.737878379166395e+00 8.949290045949536e+01
1.335200000000000e+11 4.770874885663894e+00 8.949178246912732e+01
1.338500000000000e+11 4.803867518687751e+00 8.949066155857324e+01
1.341800000000000e+11 4.836856902329882e+00 8.948953796233103e+01
1.345100000000000e+11 4.869843663717267e+00 8.948841174169117e+01
1.348400000000000e+11 4.902828428479711e+00 8.948728278344556e+01
1.351700000000000e+11 4.935811816212079e+00 8.948615081582109e+01
1.355000000000000e+11 4.968794436400584e+00 8.948501544016797e+01
1.358300000000000e+11 5.001776885246796e+00 8.948387617533442e+01
1.361600000000000e+11 5.034759743739197e+00 8.948273251033039e+01
1.364900000000000e+11 5.067743577202165e+00 8.948158396002100e+01
1.368200000000000e+11 5.100728936405218e+00 8.948043011821258e+01
1.371500000000000e+11 5.133716360155852e+00 8.947927070273010e+01
1.374800000000000e+11 5.166706379144792e+00 8.947810558784897e+01
1.378100000000000e+11 5.199699520678647e+00 8.947693482067763e+01
1.381400000000000e+11 5.232696313834737e+00 8.947575861971782e+01
1.384700000000000e+11 5.265697294519625e+00 8.947457735561514e+01
1.388000000000000e+11 5.298703009911709e+00 8.947339151593658e+01
1.391300000000000e+11 5.331714021820268e+00 8.947220165746477e+01
1.394600000000000e+11 5.364730908595814e+00 8.947100835079750e+01
1.397900000000000e+11 5.397754265368221e+00 8.946981212288436e+01
1.401200000000000e+11 5.430784702558001e+00 8.946861340338299e+01
1.404500000000000e+11 5.463822842782807e+00 8.946741248039622e+01
1.407800000000000e+11 5.496869316451215e+00 8.946620947023435e+01
1.411100000000000e+11 5.529924756477439e+00 8.946500430446321e+01
1.414400000000000e+11 5.562989792652214e+00 8.946379673575731e+01
1.417700000000000e+11 5.596065046251487e+00 8.946258636217453e+01
1.421000000000000e+11 5.629151125454499e+00 8.946137266756720e+01
1.424300000000000e+11 5.662248622070406e+00 8.946015507418592e+01
1.427600000000000e+11 5.695358109949881e+00 8.945893300222687e+01
1.430900000000000e+11 5.728480145291587e+00 8.945770593032535e+01
1.434200000000000e+11 5.761615268862735e+00 8.945647345082772e+01
1.437500000000000e+11 5.794764009956327e+00 8.945523531414744e+01
1.440800000000000e+11 5.827926891724259e+00 8.945399145756930e+01
1.444100000000000e+11 5.861104437376318e+00 8.945274201540343e+01
1.447400000000000e+11 5.894297176635090e+00 8.945148730926104e+01
1.450700000000000e+11 5.927505651797889e+00 8.945022781924231e+01
1.454000000000000e+11 5.960730422783490e+00 8.944896413877257e+01
1.457300000000000e+11 5.993972070634195e+00 8.944769691751982e+01
1.460600000000000e+11 6.027231199090973e+00 8.944642679807620e+01
1.463900000000000e+11 6.060508434051539e+00 8.944515435276722e+01
1.467200000000000e+11 6.093804420934488e+00 8.944388002699554e+01
1.470500000000000e+11 6.127119820188516e+00 8.944260409490585e+01
1.473800000000000e+11 6.160455301382020e+00 8.944132663194667e+01
1.477100000000000e+11 6.193811536461367e+00 8.944004750721223e+01
1.480400000000000e+11 6.227189192862620e+00 8.943876639644787e+01
1.483700000000000e+11 6.260588927188695e+00 8.943748281449730e+01
1.487000000000000e+11 6.294011380117261e+00 8.943619616397187e+01
1.490300000000000e+11 6.327457173088518e+00 8.943490579524220e+01
1.493600000000000e+11 6.360926907147151e+00 8.943361107166164e+01
1.496900000000000e+11 6.394421164095251e+00 8.943231143335935e+01
1.500200000000000e+11 6.427940509875447e+00 8.943100645304969e+01
1.503500000000000e+11 6.461485499870713e+00 8.942969587809107e+01
1.506800000000000e+11 6.495056685601820e+00 8.942837965441589e+01
1.510100000000000e+11 6.528654622150364e+00 8.942705792980226e+01
1.513400000000000e+11 6.562279875546985e+00 8.942573103608375e+01
1.516700000000000e+11 6.595933029357906e+00 8.942439945208012e+01
1.520000000000000e+11 6.629614689771427e+00 8.942306375104484e+01
1.523300000000000e+11 6.663325488635128e+00 8.942172453806553e+01
1.526600000000000e+11 6.697066084099520e+00 8.942038238393856e+01
1.529900000000000e+11 6.730837158769210e+00 8.941903776245550e+01
1.533200000000000e+11 6.764639415528234e+00 8.941769099773326e+01
1.536500000000000e+11 6.798473571450775e+00 8.941634222722251e+01
1.539800000000000e+11 6.832340350423462e+00 8.941499138442866e+01
1.543100000000000e+11 6.866240475251832e+00 8.941363820334392e+01
1.546400000000000e+11 6.900174660095624e+00 8.941228224432156e+01
1.549700000000000e+11 6.934143604059019e+00 8.941092293885829e+01
1.553000000000000e+11 6.968147986657200e+00 8.940955964872953e+01
1.556300000000000e+11 7.002188465697814e+00 8.940819173335061e+01
1.559600000000000e+11 7.036265677867796e+00 8.940681861829337e+01
1.562900000000000e+11 7.070380242038433e+00 8.940543985767572e+01
1.566200000000000e+11 7.104532765009157e+00 8.940405518368776e+01
1.569500000000000e+11 7.138723849145901e+00 8.940266453778669e+01
1.572800000000000e+11 7.172954101153723e+00 8.940126807994980e+01
1.576100000000000e+11 7.207224141084200e+00 8.939986617463936e+01
1.579400000000000e+11 7.241534610630738e+00 8.939845935457249e+01
1.582700000000000e+11 7.275886179814748e+00 8.939704826575228e+01
1.586000000000000e+11 7.310279551316290e+00 8.939563359924948e+01
1.589300000000000e+11 7.344715461929784e+00 8.939421601671496e+01
1.592600000000000e+11 7.379194680921005e+00 8.939279607738294e+01
1.595900000000000e+11 7.413718005381510e+00 8.939137417430287e+01
1.599200000000000e+11 7.448286252999079e+00 8.938995048669980e+01
1.602500000000000e+11 7.482900252949166e+00 8.938852495379345e+01
1.605800000000000e+11 7.517560835829006e+00 8.938709727323918e+01
1.609100000000000e+11 7.552268823684734e+00 8.938566692482820e+01
1.612400000000000e+11 7.587025021199867e+00 8.938423321743852e+01
1.615700000000000e+11 7.621830209021833e+00 8.938279535475371e+01
1.619000000000000e+11 7.656685140003542e+00 8.938135251321044e+01
1.622300000000000e+11 7.691590538850631e+00 8.937990392423427e+01
1.625600000000000e+11 7.726547105320625e+00 8.937844895222450e+01
1.628900000000000e+11 7.761555520747537e+00 8.937698716003445e+01
1.632200000000000e+11 7.796616457310132e+00 8.937551835485139e+01
1.635500000000000e+11 7.831730589154505e+00 8.937404260929826e+01
1.638800000000000e+11 7.866898604263524e+00 8.937256025507958e+01
1.642100000000000e+11 7.902121215852878e+00 8.937107184931790e+01
1.645400000000000e+11 7.937399172093343e+00 8.936957811659236e+01
1.648700000000000e+11 7.972733263096965e+00 8.936807987229096e+01
1.652000000000000e+11 8.008124324368394e+00 8.936657793495714e+01
1.655300000000000e+11 8.043573236269125e+00 8.936507303660873e+01
1.658600000000000e+11 8.079080919453387e+00 8.936356574039853e+01
1.661900000000000e+11 8.114648326656559e+00 8.936205637439519e+01
1.665200000000000e+11 8.150276431613628e+00 8.936054498875053e+01
1.668500000000000e+11 8.185966216212641e+00 8.935903134121436e+01
1.671800000000000e+11 8.221718657202535e+00 8.935751491307745e+01
1.675100000000000e+11 8.257534713865862e+00 8.935599495448749e+01
1.678400000000000e+11 8.293415318002330e+00 8.935447055496995e+01
1.681700000000000e+11 8.329361367367815e+00 8.935294073226336e+01
1.685000000000000e+11 8.365373723382197e+00 8.935140453051145e+01
1.688300000000000e+11 8.401453213493014e+00 8.934986111768501e+01
1.691600000000000e+11 8.437600638102955e+00 8.934830987196746e+01
1.694900000000000e+11 8.473816781484851e+00 8.934675044778359e+01
1.698200000000000e+11 8.510102425668393e+00 8.934518281406922e+01
1.701500000000000e+11 8.546458365940259e+00 8.934360726014046e+01
1.704800000000000e+11 8.582885426385204e+00 8.934202436780352e+01
1.708100000000000e+11 8.619384473843407e+00 8.934043495186373e+01
1.711400000000000e+11 8.655956428776094e+00 8.933883997454457e+01
1.714700000000000e+11 8.692602271808964e+00 8.933724044219259e+01
1.718000000000000e+11 8.729323045141244e+00 8.933563729468719e+01
1.721300000000000e+11 8.766119848521630e+00 8.933403129898780e+01
1.724600000000000e+11 8.802993830057757e+00 8.933242295807418e+01
1.727900000000000e+11 8.839946172677084e+00 8.933081244520402e+01
1.731200000000000e+11 8.876978077541677e+00 8.932919957098740e+01
1.734500000000000e+11 8.914090746083831e+00 8.932758378752865e+01
1.737800000000000e+11 8.951285362527862e+00 8.932596423012174e+01
1.741100000000000e+11 8.988563078773824e+00 8.932433979305740e+01
1.744400000000000e+11 9.025925003333045e+00 8.932270923246530e+01
1.747700000000000e+11 9.063372195635042e+00 8.932107128612051e+01
1.751000000000000e+11 9.100905666504433e+00 8.931942479811458e+01
1.754300000000000e+11 9.138526384986704e+00 8.931776883550344e+01
1.757600000000000e+11 9.176235291040113e+00 8.931610278455786e+01
1.760900000000000e+11 9.214033312980755e+00 8.931442641606459e+01
1.764200000000000e+11 9.251921388032565e+00 8.931273991210072e+01
1.767500000000000e+11 9.289900483954227e+00 8.931104385052879e+01
1.770800000000000e+11 9.327971619534836e+00 8.930933914777907e+01
1.774100000000000e+11 9.366135881797168e+00 8.930762696484281e+01
1.777400000000000e+11 9.404394438020018e+00 8.930590858536708e+01
1.780700000000000e+11 9.442748541173135e+00 8.930418527785994e+01
1.784000000000000e+11 9.481199528002159e+00 8.930245815598181e+01
1.787300000000000e+11 9.519748809747458e+00 8.930072805144229e+01
1.790600000000000e+11 9.558397856253032e+00 8.929899541307549e+01
1.793900000000000e+11 9.597148174941729e+00 8.929726024328201e+01
1.797200000000000e+11 9.636001286721427e+00 8.929552207940668e+01
1.800500000000000e+11 9.674958701279909e+00 8.929378002313180e+01
1.803800000000000e+11 9.714021894374673e+00 8.929203281603283e+01
1.807100000000000e+11 9.753192289603222e+00 8.929027895457064e+01
1.810400000000000e+11 9.792471246755385e+00 8.928851683351418e+01
1.813700000000000e+11 9.831860058230438e+00 8.928674490351540e+01
1.817000000000000e+11 9.871359954207140e+00 8.928496182671834e+01
1.820300000000000e+11 9.910972116357792e+00 8.928316661404862e+01
1.823600000000000e+11 9.950697698995523e+00 8.928135872931442e+01
1.826900000000000e+11 9.990537855721083e+00 8.927953814831541e+01
1.830200000000000e+11 1.003049376899089e+01 8.927770536553670e+01
1.833500000000000e+11 1.007056667962970e+01 8.927586134628362e+01
1.836800000000000e+11 1.011075791320912e+01 8.927400742775762e+01
1.840100000000000e+11 1.015106890043328e+01 8.927214517801376e+01
1.843400000000000e+11 1.019150118920036e+01 8.927027622639541e+01
1.846700000000000e+11 1.023205644679759e+01 8.926840208241586e+01
1.850000000000000e+11 1.027273645167202e+01 8.926652396175241e+01
1.853300000000000e+11 1.031354307529342e+01 8.926464263781864e+01
1.856600000000000e+11 1.035447825569137e+01 8.926275833524377e+01
1.859900000000000e+11 1.039554396518327e+01 8.926087067768651e+01
1.863200000000000e+11 1.043674217551936e+01 8.925897869710178e+01
1.866500000000000e+11 1.047807482406756e+01 8.925708090535495e+01
1.869800000000000e+11 1.051954378469091e+01 8.925517542258558e+01
1.873100000000000e+11 1.056115084662211e+01 8.925326015061675e+01
1.876400000000000e+11 1.060289770392620e+01 8.925133297462042e+01
1.879700000000000e+11 1.064478595713347e+01 8.924939197277840e+01
1.883000000000000e+11 1.068681712740807e+01 8.924743561219852e+01
1.886300000000000e+11 1.072899268231370e+01 8.924546291009611e+01
1.889600000000000e+11 1.077131407098357e+01 8.924347354220926e+01
1.892900000000000e+11 1.081378276542379e+01 8.924146788535646e+01
1.896200000000000e+11 1.085640030390272e+01 8.923944698750105e+01
1.899500000000000e+11 1.089916833199570e+01 8.923741246605425e+01
1.902800000000000e+11 1.094208863691817e+01 8.923536634266939e+01
1.906100000000000e+11 1.098516317130649e+01 8.923331082969760e+01
1.909400000000000e+11 1.102839406355488e+01 8.923124808904034e+01
1.912700000000000e+11 1.107178361311041e+01 8.922917998771395e+01
1.916000000000000e+11 1.111533427064101e+01 8.922710787563048e+01
1.919300000000000e+11 1.115904860458028e+01 8.922503240964805e+01
1.922600000000000e+11 1.120292925704953e+01 8.922295344395059e+01
1.925900000000000e+11 1.124697889340586e+01 8.922087000059159e+01
1.929200000000000e+11 1.129120015052118e+01 8.921878032614744e+01
1.932500000000000e+11 1.133559558925614e+01 8.921668203164529e+01
1.935800000000000e+11 1.138016765639648e+01 8.921457230412342e+01
1.939100000000000e+11 1.142491866056061e+01 8.921244817027974e+01
1.942400000000000e+11 1.146985076532492e+01 8.921030678650362e+01
1.945700000000000e+11 1.151496600115461e+01 8.920814572588006e+01
1.949000000000000e+11 1.156026629582530e+01 8.920596323197324e+01
1.952300000000000e+11 1.160575352106987e+01 8.920375841153258e+01
1.955600000000000e+11 1.165142955137811e+01 8.920153134357106e+01
1.958900000000000e+11 1.169729632941314e+01 8.919928309014284e+01
1.962200000000000e+11 1.174335593155742e+01 8.919701560382822e+01
1.965500000000000e+11 1.178961062678237e+01 8.919473153751630e+01
1.968800000000000e+11 1.183606292241329e+01 8.919243397249345e+01
1.972100000000000e+11 1.188271559142819e+01 8.919012608999653e+01
1.975400000000000e+11 1.192957167760791e+01 8.918781081830464e+01
1.978700000000000e+11 1.197663447699873e+01 8.918549049129231e+01
1.982000000000000e+11 1.202390749655772e+01 8.918316655465331e+01
1.985300000000000e+11 1.207139439328875e+01 8.918083935253163e+01
1.988600000000000e+11 1.211909889938823e+01 8.917850802029777e+01
1.991900000000000e+11 1.216702474066793e+01 8.917617049923525e+01
1.995200000000000e+11 1.221517555659952e+01 8.917382367688246e+01
1.998500000000000e+11 1.226355483058830e+01 8.917146364385233e+01
2.001800000000000e+11 1.231216583846280e+01 8.916908604542913e+01
2.005100000000000e+11 1.236101162168205e+01 8.916668649542696e+01
2.008400000000000e+11 1.241009498952559e+01 8.916426101187284e+01
2.011700000000000e+11 1.245941855173273e+01 8.916180642999484e+01
2.015000000000000e+11 1.250898477995606e+01 8.915932074833800e+01
2.018300000000000e+11 1.255879609330553e+01 8.915680336875681e+01
2.021600000000000e+11 1.260885496048719e+01 8.915425520023186e+01
2.024900000000000e+11 1.265916400890096e+01 8.915167860918999e+01
2.028200000000000e+11 1.270972612980657e+01 8.914907721410046e+01
2.031500000000000e+11 1.276054456846626e+01 8.914645553815657e+01
2.034800000000000e+11 1.281162298911618e+01 8.914381854921263e+01
2.038100000000000e+11 1.286296550665995e+01 8.914117112923857e+01
2.041400000000000e+11 1.291457667997977e+01 8.913851752492612e+01
2.044700000000000e+11 1.296646146545474e+01 8.913586083559566e+01
2.048000000000000e+11 1.301862513333657e+01 8.913320259352427e+01
2.051300000000000e+11 1.307107315364930e+01 8.913054248506778e+01
2.054600000000000e+11 1.312381106184931e+01 8.912787824890391e+01
2.057900000000000e+11 1.317684431720257e+01 8.912520577133652e+01
2.061200000000000e+11 1.323017816839011e+01 8.912251937933141e+01
2.064500000000000e+11 1.328381754100013e+01 8.911981231162328e+01
2.067800000000000e+11 1.333776696022010e+01 8.911707732884980e+01
2.071100000000000e+11 1.339203051924430e+01 8.911430740725783e+01
2.074400000000000e+11 1.344661189986383e+01 8.911149644890925e+01
2.077700000000000e+11 1.350151444674149e+01 8.910863993591019e+01
2.081000000000000e+11 1.355674129144652e+01 8.910573545787854e+01
2.084300000000000e+11 1.361229551694987e+01 8.910278305084147e+01
2.087600000000000e+11 1.366818034851416e+01 8.909978530151241e+01
2.090900000000000e+11 1.372439935327107e+01 8.909674719219680e+01
2.094200000000000e+11 1.378095662869934e+01 8.909367568658797e+01
2.097500000000000e+11 1.383785696001235e+01 8.909057908312947e+01
2.100800000000000e+11 1.389510592827702e+01 8.908746618786991e+01
2.104100000000000e+11 1.395270995485525e+01 8.908434538023663e+01
2.107400000000000e+11 1.401067627325326e+01 8.908122366054650e+01
2.110700000000000e+11 1.406901282622959e+01 8.907810577546761e+01
2.114000000000000e+11 1.412772809346822e+01 8.907499351585975e+01
2.117300000000000e+11 1.418683086257546e+01 8.907188527007233e+01
2.120600000000000e+11 1.424632996285318e+01 8.906877589543598e+01
2.123900000000000e+11 1.430623398653669e+01 8.906565694282013e+01
2.127200000000000e+11 1.436655102533269e+01 8.906251723603100e+01
2.130500000000000e+11 1.442728845069949e+01 8.905934377244101e+01
2.133800000000000e+11 1.448845276414870e+01 8.905612287689368e+01
2.137100000000000e+11 1.455004953892172e+01 8.905284151105057e+01
2.140400000000000e+11 1.461208346700920e+01 8.904948861810432e+01
2.143700000000000e+11 1.467455851616893e+01 8.904605637080645e+01
2.147000000000000e+11 1.473747819113502e+01 8.904254119082377e+01
2.150300000000000e+11 1.480084588252027e+01 8.903894442026680e+01
2.153600000000000e+11 1.486466527700227e+01 8.903527255137408e+01
2.156900000000000e+11 1.492894079426035e+01 8.903153695614799e+01
2.160200000000000e+11 1.499367801067398e+01 8.902775310147217e+01
2.163500000000000e+11 1.505888402773448e+01 8.902393928329063e+01
2.166800000000000e+11 1.512456774486454e+01 8.902011496152539e+01
2.170100000000000e+11 1.519074000201159e+01 8.901629882111882e+01
2.173400000000000e+11 1.525741356672359e+01 8.901250671955120e+01
2.176700000000000e+11 1.532460295281473e+01 8.900874970366840e+01
2.180000000000000e+11 1.539232407226340e+01 8.900503228580699e+01
2.183300000000000e+11 1.546059373746133e+01 8.900135115943968e+01
2.186600000000000e+11 1.552942904599723e+01 8.899769450775217e+01
2.189900000000000e+11 1.559884669340965e+01 8.899404201611304e+01
2.193200000000000e+11 1.566886226946053e+01 8.899036564424642e+01
2.196500000000000e+11 1.573948959933576e+01 8.898663115031648e+01
2.199800000000000e+11 1.581074019197601e+01 8.898280029232367e+01
2.203100000000000e+11 1.588262285309291e+01 8.897883356802868e+01
2.206400000000000e+11 1.595514351040494e+01 8.897469329890461e+01
2.209700000000000e+11 1.602830528381076e+01 8.897034682177137e+01
2.213000000000000e+11 1.610210881461871e+01 8.896576952813835e+01
2.216300000000000e+11 1.617655284698816e+01 8.896094748881595e+01
2.219600000000000e+11 1.625163503309651e+01 8.895587942122167e+01
2.222900000000000e+11 1.632735291305343e+01 8.895057779827022e+01
2.226200000000000e+11 1.640370500306320e+01 8.894506895813444e+01
2.229500000000000e+11 1.648069191243025e+01 8.893939214918585e+01
2.232800000000000e+11 1.655831740304304e+01 8.893359752822654e+01
2.236100000000000e+11 1.663658930484788e+01 8.892774321610452e+01
2.239400000000000e+11 1.671552020787841e+01 8.892189159575557e+01
2.242700000000000e+11 1.679512786539518e+01 8.891610510674820e+01
2.246000000000000e+11 1.687543526278028e+01 8.891044184128306e+01
2.249300000000000e+11 1.695647033159985e+01 8.890495127439361e+01
2.252600000000000e+11 1.703826531584690e+01 8.889967046262410e+01
2.255900000000000e+11 1.712085582559486e+01 8.889462101962651e+01
2.259200000000000e+11 1.720427963978172e+01 8.888980712509971e+01
2.262500000000000e+11 1.728857534228943e+01 8.888521474873741e+01
2.265800000000000e+11 1.737378089183559e+01 8.888081217893355e+01
2.269100000000000e+11 1.745993223482586e+01 8.887655184412667e+01
2.272400000000000e+11 1.754706207024167e+01 8.887237331123079e+01
2.275700000000000e+11 1.763519886656634e+01 8.886820724934223e+01
2.279000000000000e+11 1.772436621319660e+01 8.886398006617732e+01
2.282300000000000e+11 1.781458256398392e+01 8.885961886672048e+01
2.285600000000000e+11 1.790586140042539e+01 8.885505635362401e+01
2.288900000000000e+11 1.799821180898272e+01 8.885023528998272e+01
2.292200000000000e+11 1.809163943377085e+01 8.884511217750807e+01
2.295500000000000e+11 1.818614773521141e+01 8.883965986437209e+01
2.298800000000000e+11 1.828173945979034e+01 8.883386888219211e+01
2.302100000000000e+11 1.837841820803316e+01 8.882774741379113e+01
2.305400000000000e+11 1.847618997881977e+01 8.882131990401486e+01
2.308700000000000e+11 1.857506456913294e+01 8.881462443585380e+01
2.312000000000000e+11 1.867505671933552e+01 8.880770909425479e+01
2.315300000000000e+11 1.877618691435689e+01 8.880062762186404e+01
2.318600000000000e+11 1.887848177919441e+01 8.879343472767053e+01
2.321900000000000e+11 1.898197404065663e+01 8.878618143615057e+01
2.325200000000000e+11 1.908670206354126e+01 8.877891085869022e+01
2.328500000000000e+11 1.919270900540757e+01 8.877165473099730e+01
2.331800000000000e+11 1.930004166665571e+01 8.876443099299277e+01
2.335100000000000e+11 1.940874913890175e+01 8.875724259685690e+01
2.338400000000000e+11 1.951888137224994e+01 8.875007762220957e+01
2.341700000000000e+11 1.963048778934277e+01 8.874291066408588e+01
2.345000000000000e+11 1.974361607024398e+01 8.873570534932936e+01
2.348300000000000e+11 1.985831121747919e+01 8.872841774005622e+01
2.351600000000000e+11 1.997461498612492e+01 8.872100030755844e+01
2.354900000000000e+11 2.009256573176836e+01 8.871340611316265e+01
2.358200000000000e+11 2.021219869226630e+01 8.870559281831437e+01
2.361500000000000e+11 2.033354668074851e+01 8.869752616570487e+01
2.364800000000000e+11 2.045664113068419e+01 8.868918262473809e+01
2.368100000000000e+11 2.058151340233782e+01 8.868055097328246e+01
2.371400000000000e+11 2.070819623643955e+01 8.867163268629939e+01
2.374700000000000e+11 2.083672522757243e+01 8.866244111160439e+01
2.378000000000000e+11 2.096714018790599e+01 8.865299952384417e+01
2.381300000000000e+11 2.109948628178862e+01 8.864333824974855e+01
2.384600000000000e+11 2.123381483258408e+01 8.863349114170799e+01
2.387900000000000e+11 2.137018373326276e+01 8.862349173512877e+01
2.391200000000000e+11 2.150865742901650e+01 8.861336945253737e+01
2.394500000000000e+11 2.164930648031444e+01 8.860314621144659e+01
2.397800000000000e+11 2.179220675470598e+01 8.859283375400534e+01
2.401100000000000e+11 2.193743833163984e+01 8.858243194785813e+01
2.404400000000000e+11 2.208508423318183e+01 8.857192821566198e+01
2.407700000000000e+11 2.223522911200265e+01 8.856129814376143e+01
2.411000000000000e+11 2.238795803446001e+01 8.855050720857609e+01
2.414300000000000e+11 2.254335549021024e+01 8.853951345279302e+01
2.417600000000000e+11 2.270150474093934e+01 8.852827085259241e+01
2.420900000000000e+11 2.286248759107077e+01 8.851673305053608e+01
2.424200000000000e+11 2.302638462531040e+01 8.850485709285381e+01
2.427500000000000e+11 2.319327591505800e+01 8.849260680819498e+01
2.430800000000000e+11 2.336324215201456e+01 8.847995549775877e+01
2.434100000000000e+11 2.353636612681179e+01 8.846688767111505e+01
2.437400000000000e+11 2.371273443706132e+01 8.845339965201283e+01
2.440700000000000e+11 2.389243928614453e+01 8.843949898569284e+01
2.444000000000000e+11 2.407558022370301e+01 8.842520269369594e+01
2.447300000000000e+11 2.426226568245078e+01 8.841053453315993e+01
2.450600000000000e+11 2.445261418358100e+01 8.839552151468638e+01
2.453900000000000e+11 2.464675511343797e+01 8.838019000673023e+01
2.457200000000000e+11 2.484482901475520e+01 8.836456179790652e+01
2.460500000000000e+11 2.504698738310443e+01 8.834865049705719e+01
2.463800000000000e+11 2.525339200899418e+01 8.833245862308395e+01
2.467100000000000e+11 2.546421395365973e+01 8.831597567444696e+01
2.470400000000000e+11 2.567963228741374e+01 8.829917737724993e+01
2.473700000000000e+11 2.589983274938347e+01 8.828202619917100e+01
2.477000000000000e+11 2.612500650337214e+01 8.826447309458158e+01
2.480300000000000e+11 2.635534916449491e+01 8.824646032559879e+01
2.483600000000000e+11 2.659106025472754e+01 8.822792509622531e+01
2.486900000000000e+11 2.683234321363680e+01 8.820880365275345e+01
2.490200000000000e+11 2.707940604597050e+01 8.818903545170537e+01
2.493500000000000e+11 2.733246263432220e+01 8.816856698222855e+01
2.496800000000000e+11 2.759173468758082e+01 8.814735485496190e+01
2.500100000000000e+11 2.785745423963969e+01 8.812536783213109e+01
2.503400000000000e+11 2.812986656324082e+01 8.810258756857787e+01
2.506700000000000e+11 2.840923332576515e+01 8.807900795212454e+01
2.510000000000000e+11 2.869583579129174e+01 8.805463306329973e+01
2.513300000000000e+11 2.898997786907427e+01 8.802947390688696e+01
2.516600000000000e+11 2.929198882396075e+01 8.800354418855886e+01
2.519900000000000e+11 2.960222549868113e+01 8.797685550743586e+01
2.523200000000000e+11 2.992107394912398e+01 8.794941240000315e+01
2.526500000000000e+11 3.024895045781632e+01 8.792120769545659e+01
2.529800000000000e+11 3.058630196256666e+01 8.789221862380637e+01
2.533100000000000e+11 3.093360601043935e+01 8.786240405642413e+01
2.536400000000000e+11 3.129137041527965e+01 8.783170315882663e+01
2.539700000000000e+11 3.166013285351127e+01 8.780003560573144e+01
2.543000000000000e+11 3.204046067230684e+01 8.776730336037492e+01
2.546300000000000e+11 3.243295120237578e+01 8.773339386742552e+01
2.549600000000000e+11 3.283823286224989e+01 8.769818436599331e+01
2.552900000000000e+11 3.325696731202574e+01 8.766154691009677e+01
2.556200000000000e+11 3.368985286419876e+01 8.762335360027073e+01
2.559500000000000e+11 3.413762929175677e+01 8.758348149043672e+01
2.562800000000000e+11 3.460108409511169e+01 8.754181664317369e+01
2.566100000000000e+11 3.508106020700896e+01 8.749825686428684e+01
2.569400000000000e+11 3.557846503623578e+01 8.745271274959391e+01
2.572700000000000e+11 3.609428068479746e+01 8.740510681475094e+01
2.576000000000000e+11 3.662957512675783e+01 8.735537064095854e+01
2.579300000000000e+11 3.718551411654752e+01 8.730344014145484e+01
2.582600000000000e+11 3.776337360507346e+01 8.724924922053616e+01
2.585900000000000e+11 3.836455248621212e+01 8.719272224317780e+01
2.589200000000000e+11 3.899058557477048e+01 8.713376584510355e+01
2.592500000000000e+11 3.964315682785613e+01 8.707226067879036e+01
2.595800000000000e+11 4.032411296060963e+01 8.700805370232671e+01
2.599100000000000e+11 4.103547776818509e+01 8.694095157171262e+01
2.602400000000000e+11 4.177946764116810e+01 8.687071559451267e+01
2.605700000000000e+11 4.255850894325056e+01 8.679705855040648e+01
2.609000000000000e+11 4.337525810044259e+01 8.671964349350969e+01
2.612300000000000e+11 4.423262542485278e+01 8.663808443753460e+01
2.615600000000000e+11 4.513380386036889e+01 8.655194860535181e+01
2.618900000000000e+11 4.608230399396471e+01 8.646075971722382e+01
2.622200000000000e+11 4.708199683111125e+01 8.636400161322958e+01
2.625500000000000e+11 4.813716599890147e+01 8.626112136823934e+01
2.628800000000000e+11 4.925257123403409e+01 8.615153097055172e+01
2.632100000000000e+11 5.043352525952485e+01 8.603460660063730e+01
2.635400000000000e+11 5.168598648631868e+01 8.590968456104623e+01
2.638700000000000e+11 5.301667043527253e+01 8.577605296335454e+01
2.642000000000000e+11 5.443318341425804e+01 8.563293835841381e+01
2.645300000000000e+11 5.594418287281566e+01 8.547948658243548e+01
2.648600000000000e+11 5.755957008252364e+01 8.531473715915526e+01
2.651900000000000e+11 5.929072247479323e+01 8.513759061778644e+01
2.655200000000000e+11 6.115077527205121e+01 8.494676802241470e+01
2.658500000000000e+11 6.315496519844304e+01 8.474076181815231e+01
2.661800000000000e+11 6.532105336956393e+01 8.451777673003720e+01
2.665100000000000e+11 6.766985039105745e+01 8.427565883508991e+01
2.668400000000000e+11 7.022587490310934e+01 8.401180997671098e+01
2.671700000000000e+11 7.301818826592654e+01 8.372308327961940e+01
2.675000000000000e+11 7.608146424888005e+01 8.340565347275502e+01
2.678300000000000e+11 7.945737567708223e+01 8.305485276636722e+01
2.681600000000000e+11 8.319641340663088e+01 8.266495874024784e+01
2.684900000000000e+11 8.736030203452412e+01 8.222891442843853e+01
2.688200000000000e+11 9.202524971216134e+01 8.173795150547151e+01
2.691500000000000e+11 9.728637948494357e+01 8.118107361096457e+01
2.694800000000000e+11 1.032638576995556e+02 8.054433611992421e+01
2.698100000000000e+11 1.101114949006675e+02 7.980982846436115e+01
2.701400000000000e+11 1.180290024270355e+02 7.895422531589051e+01
2.704700000000000e+11 1.272797550758296e+02 7.794673872652626e+01
2.708000000000000e+11 1.382171989850393e+02 7.674634827049974e+01
2.711300000000000e+11 1.513269379972039e+02 7.529844507349971e+01
2.714600000000000e+11 1.673085010207186e+02 7.352964074830464e+01
2.717900000000000e+11 1.872474054421635e+02 7.131894316579019e+01
2.721200000000000e+11 2.127017992839933e+02 6.842459550514486e+01
2.724500000000000e+11 2.456923783264506e+02 6.451238202200503e+01
2.727800000000000e+11 2.892289475006896e+02 5.909405353899479e+01
2.731100000000000e+11 3.471280137293766e+02 5.130793661056241e+01
2.734400000000000e+11 4.209786334934461e+02 3.974919530765985e+01
2.737700000000000e+11 4.978290131623529e+02 2.275917197934944e+01
2.741000000000000e+11 5.321934906435919e+02 6.850412577526472e-01
2.744300000000000e+11 4.885956213553494e+02 -2.136196780674581e+01
2.747600000000000e+11 4.057844205936981e+02 -3.830187303038561e+01
2.750900000000000e+11 3.287734365532237e+02 -4.981856638055562e+01
2.754200000000000e+11 2.692209055392076e+02 -5.757280799084726e+01
2.757500000000000e+11 2.248003899035085e+02 -6.296599309832709e+01
2.760800000000000e+11 1.913572536369180e+02 -6.686922927898121e+01
2.764100000000000e+11 1.656337729018386e+02 -6.979873435037358e+01
2.767400000000000e+11 1.453891607630971e+02 -7.206616452946564e+01
2.770700000000000e+11 1.291145774019413e+02 -7.386650061924044e+01
2.774000000000000e+11 1.157836106233418e+02 -7.532640937921303e+01
2.777300000000000e+11 1.046839421978854e+02 -7.653112245714186e+01
2.780600000000000e+11 9.531010030402878e+01 -7.753982990536318e+01
2.783900000000000e+11 8.729548572173118e+01 -7.839480643931107e+01
2.787200000000000e+11 8.036874794855746e+01 -7.912700886455190e+01
2.790500000000000e+11 7.432525822647233e+01 -7.975961867367015e+01
2.793800000000000e+11 6.900806813826497e+01 -8.031034840077091e+01
2.797100000000000e+11 6.429493817881185e+01 -8.079298111468751e+01
2.800400000000000e+11 6.008932825410432e+01 -8.121842062258847e+01
2.803700000000000e+11 5.631402568728851e+01 -8.159542137998702e+01
2.807000000000000e+11 5.290656263862402e+01 -8.193110386963873e+01
2.810300000000000e+11 4.981586942353466e+01 -8.223132340311220e+01
2.813600000000000e+11 4.699979573988060e+01 -8.250093713474833e+01
2.816900000000000e+11 4.442325080406346e+01 -8.274399955522112e+01
2.820200000000000e+11 4.205679106773724e+01 -8.296390741490004e+01
2.823500000000000e+11 3.987553575696601e+01 -8.316350889898921e+01
2.826800000000000e+11 3.785832527909265e+01 -8.334518772720395e+01
2.830100000000000e+11 3.598706140499052e+01 -8.351092994272366e+01
2.833400000000000e+11 3.424618474982333e+01 -8.366237903523800e+01
2.836700000000000e+11 3.262225682135821e+01 -8.380088343358068e+01
2.840000000000000e+11 3.110362233173078e+01 -8.392753913849113e+01
2.843300000000000e+11 2.968013359979060e+01 -8.404322924914754e+01
2.846600000000000e+11 2.834292338942069e+01 -8.414866131603495e+01
2.849900000000000e+11 2.708421589484719e+01 -8.424440280103907e+01
2.853200000000000e+11 2.589716811075109e+01 -8.433091443083649e+01
2.856500000000000e+11 2.477573572992977e+01 -8.440858088513951e+01
2.859800000000000e+11 2.371455914691043e+01 -8.447773806144838e+01
2.863100000000000e+11 2.270886622189602e+01 -8.453869609491709e+01
2.866400000000000e+11 2.175438925657174e+01 -8.459175737459192e+01
2.869700000000000e+11 2.084729421279452e+01 -8.463722897010175e+01
2.873000000000000e+11 1.998412061481686e+01 -8.467542914567312e+01
2.876300000000000e+11 1.916173085390294e+01 -8.470668796635053e+01
2.879600000000000e+11 1.837726779269061e+01 -8.473134236519343e+01
2.882900000000000e+11 1.762811967246845e+01 -8.474972640709184e+01
2.886200000000000e+11 1.691189138300481e+01 -8.476215782011606e+01
2.889500000000000e+11 1.622638118201447e+01 -8.476892213472921e+01
2.892800000000000e+11 1.556956196736419e+01 -8.477025594465864e+01
2.896100000000000e+11 1.493956622418182e+01 -8.476633085787014e+01
2.899400000000000e+11 1.433467380238438e+01 -8.475723962951398e+01
2.902700000000000e+11 1.375330173516654e+01 -8.474298576118517e+01
2.906000000000000e+11 1.319399538910243e+01 -8.472347752567610e+01
2.909300000000000e+11 1.265542034113558e+01 -8.469852695885479e+01
2.912600000000000e+11 1.213635450265103e+01 -8.466785388499373e+01
2.915900000000000e+11 1.163568014902880e+01 -8.463109454853664e+01
2.919200000000000e+11 1.115237565569900e+01 -8.458781395515565e+01
2.922500000000000e+11 1.068550687917735e+01 -8.453752061617817e+01
2.925800000000000e+11 1.023421824470297e+01 -8.447968207533538e+01
2.929100000000000e+11 9.797723703046261e+00 -8.441373939929886e+01
2.932400000000000e+11 9.375297791955580e+00 -8.433911874773698e+01
2.935700000000000e+11 8.966267079056379e+00 -8.425523820858660e+01
2.939000000000000e+11 8.570002271831090e+00 -8.416150828244947e+01
2.942300000000000e+11 8.185911258117338e+00 -8.405732470822362e+01
2.945600000000000e+11 7.813433291088079e+00 -8.394205271036755e+01
2.948900000000000e+11 7.452034461702456e+00 -8.381500217576279e+01
2.952200000000000e+11 7.101204516379025e+00 -8.367539368405714e+01
2.955500000000000e+11 6.760454986491705e+00 -8.352231566056879e+01
2.958800000000000e+11 6.429318507963748e+00 -8.335467313046713e+01
2.962100000000000e+11 6.107349132183071e+00 -8.317112855955740e+01
2.965400000000000e+11 5.794123371121995e+00 -8.297003500223120e+01
2.968700000000000e+11 5.489241685609158e+00 -8.274936117143039e+01
2.972000000000000e+11 5.192330119615961e+00 -8.250660702368985e+01
2.975300000000000e+11 4.903041806090958e+00 -8.223870692223522e+01
2.978600000000000e+11 4.621058119738354e+00 -8.194191527302409e+01
2.981900000000000e+11 4.346089325588263e+00 -8.161166652056096e+01
2.985200000000000e+11 4.077874664409316e+00 -8.124239721123806e+01
2.988500000000000e+11 3.816181922012869e+00 -8.082731193048105e+01
2.991800000000000e+11 3.560806645755457e+00 -8.035806636918964e+01
2.995100000000000e+11 3.311571297821800e+00 -7.982432800718064e+01
2.998400000000000e+11 3.068324777147502e+00 -7.921315523309551e+01
3.001700000000000e+11 2.830942916784653e+00 -7.850810448122776e+01
3.005000000000000e+11 2.599330806759044e+00 -7.768792385646483e+01
3.008300000000000e+11 2.373428174569794e+00 -7.672460562933431e+01
3.011600000000000e+11 2.153219714704499e+00 -7.558042068578798e+01
3.014900000000000e+11 1.938753471108952e+00 -7.420329138203576e+01
3.018200000000000e+11 1.730172712911914e+00 -7.251936905060212e+01
3.021500000000000e+11 1.527771429118324e+00 -7.042075715308761e+01
3.024800000000000e+11 1.332093338061071e+00 -6.774454419739119e+01
3.028100000000000e+11 1.144115449235968e+00 -6.423592834989125e+01
3.031400000000000e+11 9.656041217330560e-01 -5.948234565879650e+01
3.034700000000000e+11 7.998335024374699e-01 -5.279946832751702e+01
3.038000000000000e+11 6.530371422224370e-01 -4.307184526040164e+01
3.041300000000000e+11 5.369465124377857e-01 -2.876013282355306e+01
3.044600000000000e+11 4.704625718934001e-01 -9.061668782589262e+00
3.047900000000000e+11 4.709868504341845e-01 1.311943952568082e+01
3.051200000000000e+11 5.350934165487974e-01 3.215281119316752e+01
3.054500000000000e+11 6.415299345561154e-01 4.575665314409011e+01
3.057800000000000e+11 7.710064766938600e-01 5.498292853573253e+01
3.061100000000000e+11 9.121781169661018e-01 6.134022535643513e+01
3.064400000000000e+11 1.059069858559730e+00 6.587911898968169e+01
3.067700000000000e+11 1.208501698878885e+00 6.924004151106627e+01
3.071000000000000e+11 1.358705706158009e+00 7.181027451615523e+01
3.074300000000000e+11 1.508654014170892e+00 7.383042958922999e+01
3.077600000000000e+11 1.657727950365637e+00 7.545535975473845e+01
3.080900000000000e+11 1.805547805142212e+00 7.678825454033226e+01
3.084200000000000e+11 1.951880626341358e+00 7.790008209271514e+01
3.087500000000000e+11 2.096587553037319e+00 7.884101921021838e+01
3.090800000000000e+11 2.239592050859466e+00 7.964739744873485e+01
3.094100000000000e+11 2.380859648726462e+00 8.034606391260998e+01
3.097400000000000e+11 2.520384270319751e+00 8.095720500719949e+01
3.100700000000000e+11 2.658178537464359e+00 8.149622895372923e+01
3.104000000000000e+11 2.794266627694295e+00 8.197505546187224e+01
3.107300000000000e+11 2.928678919972312e+00 8.240302171122708e+01
3.110600000000000e+11 3.061448015810607e+00 8.278753320919988e+01
3.113900000000000e+11 3.192605907880445e+00 8.313454026609585e+01
3.117200000000000e+11 3.322182154792172e+00 8.344889182812302e+01
3.120500000000000e+11 3.450202949662596e+00 8.373460052783373e+01
3.123800000000000e+11 3.576690966669183e+00 8.399504165836250e+01
3.127100000000000e+11 3.701665850904662e+00 8.423310177641979e+01
3.130400000000000e+11 3.825145194237989e+00 8.445128823199494e+01
3.133700000000000e+11 3.947145821722206e+00 8.465180814192888e+01
3.137000000000000e+11 4.067685204728117e+00 8.483662355288671e+01
3.140300000000000e+11 4.186782821388306e+00 8.500748837633508e+01
3.143600000000000e+11 4.304461302989697e+00 8.516597186212933e+01
3.146900000000000e+11 4.420747235728735e+00 8.531347273845483e+01
3.150200000000000e+11 4.535671528336452e+00 8.545122757723881e+01
3.153500000000000e+11 4.649269303946874e+00 8.558031638375526e+01
3.156800000000000e+11 4.761579324933805e+00 8.570166782723261e+01
3.160100000000000e+11 4.872643007689860e+00 8.581606592004366e+01
3.163400000000000e+11 4.982503125991188e+00 8.592415932828715e+01
3.166700000000000e+11 5.091202332797986e+00 8.602647388017606e+01
3.170000000000000e+11 5.198781648157455e+00 8.612342826185002e+01
3.173300000000000e+11 5.305279063665628e+00 8.621535238666691e+01
3.176600000000000e+11 5.410728401564624e+00 8.630250752500466e+01
3.179900000000000e+11 5.515158540358043e+00 8.638510701182027e+01
3.183200000000000e+11 5.618593081582300e+00 8.646333622319635e+01
3.186500000000000e+11 5.721050487925897e+00 8.653737053317086e+01
3.189800000000000e+11 5.822544675784064e+00 8.660739011765958e+01
3.193100000000000e+11 5.923086000315917e+00 8.667359074085746e+01
3.196400000000000e+11 6.022682532602919e+00 8.673619000946049e+01
3.199700000000000e+11 6.121341500316380e+00 8.679542897372619e+01
3.203000000000000e+11 6.219070748052452e+00 8.685156935231400e+01
3.206300000000000e+11 6.315880072537507e+00 8.690488702209154e+01
3.209600000000000e+11 6.411782301208407e+00 8.695566271194785e+01
3.212900000000000e+11 6.506794008826236e+00 8.700417104570680e+01
3.216200000000000e+11 6.600935803178408e+00 8.705066917732164e+01
3.219500000000000e+11 6.694232153987874e+00 8.709538624537700e+01
3.222800000000000e+11 6.786710784670275e+00 8.713851474745003e+01
3.226100000000000e+11 6.878401690108040e+00 8.718020471148037e+01
3.229400000000000e+11 6.969335880857503e+00 8.722056124288378e+01
3.232700000000000e+11 7.059543981475995e+00 8.725964568114004e+01
3.236000000000000e+11 7.149054825200190e+00 8.729748024062398e+01
3.239300000000000e+11 7.237894187548368e+00 8.733405567140896e+01
3.242600000000000e+11 7.326083787473284e+00 8.736934118849722e+01
3.245900000000000e+11 7.413640657851458e+00 8.740329570916637e+01
3.249200000000000e+11 7.500576950040544e+00 8.743587932664983e+01
3.252500000000000e+11 7.586900193700971e+00 8.746706394317555e+01
3.255800000000000e+11 7.672613987439510e+00 8.749684208483582e+01
3.259100000000000e+11 7.757719052648272e+00 8.752523311286033e+01
3.262400000000000e+11 7.842214546486541e+00 8.755228630995877e+01
3.265700000000000e+11 7.926099503868295e+00 8.757808062940416e+01
3.269000000000000e+11 8.009374265135163e+00 8.760272121783818e+01
3.272300000000000e+11 8.092041747092290e+00 8.762633312949811e+01
3.275600000000000e+11 8.174108430172270e+00 8.764905291106359e+01
3.278900000000000e+11 8.255584962222789e+00 8.767101892903669e+01
3.282200000000000e+11 8.336486317119581e+00 8.769236141857287e+01
3.285500000000000e+11 8.416831490454300e+00 8.771319324518670e+01
3.288800000000000e+11 8.496642760654288e+00 8.773360228859119e+01
3.292100000000000e+11 8.575944587530229e+00 8.775364618960843e+01
3.295400000000000e+11 8.654762257076776e+00 8.777334996301518e+01
3.298700000000000e+11 8.733120407630262e+00 8.779270669441716e+01
3.302000000000000e+11 8.811041585487892e+00 8.781168123526641e+01
3.305300000000000e+11 8.888544976363859e+00 8.783021651656156e+01
3.308600000000000e+11 8.965645442639621e+00 8.784824184717257e+01
3.311900000000000e+11 9.042352966763472e+00 8.786568237201466e+01
3.315200000000000e+11 9.118672561248555e+00 8.788246875683606e+01
3.318500000000000e+11 9.194604659432308e+00 8.789854615037321e+01
3.321800000000000e+11 9.270145953086500e+00 8.791388155179327e+01
3.325100000000000e+11 9.345290597888908e+00 8.792846887325952e+01
3.328400000000000e+11 9.420031670179512e+00 8.794233121738044e+01
3.331700000000000e+11 9.494362732086516e+00 8.795552016419069e+01
3.335000000000000e+11 9.568279349690522e+00 8.796811215517883e+01
3.338300000000000e+11 9.641780411738736e+00 8.798020234448668e+01
3.341600000000000e+11 9.714869114379074e+00 8.799189653295124e+01
3.344900000000000e+11 9.787553508889868e+00 8.800330198601191e+01
3.348200000000000e+11 9.859846551513005e+00 8.801451804437367e+01
3.351500000000000e+11 9.931765643299999e+00 8.802562745645358e+01
3.354800000000000e+11 1.000333169865108e+01 8.803668929200738e+01
3.358100000000000e+11 1.007456782899866e+01 8.804773414313951e+01
3.361400000000000e+11 1.014549776806229e+01 8.805876209634167e+01
3.364700000000000e+11 1.021614419315809e+01 8.806974368828929e+01
3.368000000000000e+11 1.028652711014568e+01 8.808062376486406e+01
3.371300000000000e+11 1.035666246615434e+01 8.809132787586741e+01
3.374600000000000e+11 1.042656113428791e+01 8.810177058549378e+01
3.377900000000000e+11 1.049622837978219e+01 8.811186488612366e+01
3.381200000000000e+11 1.056566387081921e+01 8.812153178970847e+01
3.384500000000000e+11 1.063486224382953e+01 8.813070914855508e+01
3.387800000000000e+11 1.070381417784743e+01 8.813935882803597e+01
3.391100000000000e+11 1.077250788077012e+01 8.814747151086459e+01
3.394400000000000e+11 1.084093084736533e+01 8.815506864076042e+01
3.397700000000000e+11 1.090907171892216e+01 8.816220129048411e+01
3.401000000000000e+11 1.097692206069651e+01 8.816894603874496e+01
3.404300000000000e+11 1.104447787738300e+01 8.817539823377129e+01
3.407600000000000e+11 1.111174070872009e+01 8.818166328048598e+01
3.410900000000000e+11 1.117871818525537e+01 8.818784678846166e+01
3.414200000000000e+11 1.124542397496903e+01 8.819404453961025e+01
3.417500000000000e+11 1.131187711025941e+01 8.820033326534684e+01
3.420800000000000e+11 1.137810074621065e+01 8.820676315845392e+01
3.424100000000000e+11 1.144412045913316e+01 8.821335288942366e+01
3.427400000000000e+11 1.150996224326368e+01 8.822008766395068e+01
3.430700000000000e+11 1.157565039812265e+01 8.822692056834343e+01
3.434000000000000e+11 1.164120551549049e+01 8.823377713011674e+01
3.437300000000000e+11 1.170664277111623e+01 8.824056270263434e+01
3.440600000000000e+11 1.177197070192885e+01 8.824717199684436e+01
3.443900000000000e+11 1.183719060654219e+01 8.825349985877375e+01
3.447200000000000e+11 1.190229664901238e+01 8.825945225169667e+01
3.450500000000000e+11 1.196727667844917e+01 8.826495636184455e+01
3.453800000000000e+11 1.203211370658215e+01 8.826996881140516e+01
3.457100000000000e+11 1.209678791853069e+01 8.827448112736836e+01
3.460400000000000e+11 1.216127903539592e+01 8.827852186474499e+01
3.463700000000000e+11 1.222556880658590e+01 8.828215509498185e+01
3.467000000000000e+11 1.228964338934438e+01 8.828547531625836e+01
3.470300000000000e+11 1.235349537531165e+01 8.828859918987334e+01
3.473600000000000e+11 1.241712524960900e+01 8.829165482378895e+01
3.476900000000000e+11 1.248054211526825e+01 8.829476958060781e+01
3.480200000000000e+11 1.254376358112132e+01 8.829805755766284e+01
3.483500000000000e+11 1.260681478900805e+01 8.830160795329823e+01
3.486800000000000e+11 1.266972663941732e+01 8.830547548643227e+01
3.490100000000000e+11 1.273253335568134e+01 8.830967387666294e+01
3.493400000000000e+11 1.279526959767991e+01 8.831417313057811e+01
3.496700000000000e+11 1.285796738937549e+01 8.831890103774633e+01
3.500000000000000e+11 1.292065315447352e+01 8.832374888700058e+01
