2.000000000000000e+10 2.261879923824032e+01 -9.006228656009931e+01
2.033000000000000e+10 2.221679896870432e+01 -9.006339428162387e+01
2.066000000000000e+10 2.182706709675385e+01 -9.006447436931863e+01
2.099000000000000e+10 2.144902891522768e+01 -9.006552078761638e+01
2.132000000000000e+10 2.108214563724467e+01 -9.006653132334294e+01
2.165000000000000e+10 2.072591120129198e+01 -9.006750758613103e+01
2.198000000000000e+10 2.037984940361831e+01 -9.006845462599625e+01
2.231000000000000e+10 2.004351136188355e+01 -9.006938022784813e+01
2.264000000000000e+10 1.971647330389798e+01 -9.007029397100203e+01
2.297000000000000e+10 1.939833466438277e+01 -9.007120615991488e+01
2.330000000000000e+10 1.908871646232690e+01 -9.007212673925137e+01
2.363000000000000e+10 1.878725992285403e+01 -9.007306430185311e+01
2.396000000000000e+10 1.849362530140470e+01 -9.007402528335020e+01
2.429000000000000e+10 1.820749086502510e+01 -9.007501341391840e+01
2.462000000000000e+10 1.792855198581730e+01 -9.007602946876277e+01
2.495000000000000e+10 1.765652030500667e+01 -9.007707132738352e+01
2.528000000000000e+10 1.739112293216411e+01 -9.007813432070850e+01
2.561000000000000e+10 1.713210165222706e+01 -9.007921181777942e+01
2.594000000000000e+10 1.687921212225444e+01 -9.008029598230218e+01
2.627000000000000e+10 1.663222304945976e+01 -9.008137861584127e+01
2.660000000000000e+10 1.639091535112534e+01 -9.008245199967052e+01
2.693000000000000e+10 1.615508130476353e+01 -9.008350965139203e+01
2.726000000000000e+10 1.592452370277072e+01 -9.008454692457306e+01
2.759000000000000e+10 1.569905502944649e+01 -9.008556139831319e+01
2.792000000000000e+10 1.547849667947866e+01 -9.008655302673343e+01
2.825000000000000e+10 1.526267823591682e+01 -9.008752404344752e+01
2.858000000000000e+10 1.505143682256733e+01 -9.008847864058264e+01
2.891000000000000e+10 1.484461654110294e+01 -9.008942246351283e+01
2.924000000000000e+10 1.464206799756728e+01 -9.009036197912025e+01
2.957000000000000e+10 1.444364791699089e+01 -9.009130378571388e+01
2.990000000000000e+10 1.424921883914979e+01 -9.009225393589131e+01
3.023000000000000e+10 1.405864888361892e+01 -9.009321733963608e+01
3.056000000000000e+10 1.387181156866582e+01 -9.009419730443855e+01
3.089000000000000e+10 1.368858566645315e+01 -9.009519525348517e+01
3.122000000000000e+10 1.350885507660634e+01 -9.009621064375081e+01
3.155000000000000e+10 1.333250870141260e+01 -9.009724108511980e+01
3.188000000000000e+10 1.315944030852978e+01 -9.009828264160112e+01
3.221000000000000e+10 1.298954837079314e+01 -9.009933027820753e+01
3.254000000000000e+10 1.282273587708836e+01 -9.010037840378351e+01
3.287000000000000e+10 1.265891011286643e+01 -9.010142145216514e+01
3.320000000000000e+10 1.249798241325240e+01 -9.010245444213123e+01
3.353000000000000e+10 1.233986789544979e+01 -9.010347346064073e+01
3.386000000000000e+10 1.218448517994051e+01 -9.010447602327972e+01
3.419000000000000e+10 1.203175611161560e+01 -9.010546127954888e+01
3.452000000000000e+10 1.188160549235803e+01 -9.010643004709499e+01
3.485000000000000e+10 1.173396083577028e+01 -9.010738467658847e+01
3.518000000000000e+10 1.158875215284498e+01 -9.010832876580550e+01
3.551000000000000e+10 1.144591177466832e+01 -9.010926675602192e+01
3.584000000000000e+10 1.130537421502714e+01 -9.011020345463666e+01
3.617000000000000e+10 1.116707607241210e+01 -9.011114353408470e+01
3.650000000000000e+10 1.103095596770750e+01 -9.011209105808314e+01
3.683000000000000e+10 1.089695451114422e+01 -9.011304908210576e+01
3.716000000000000e+10 1.076501429010580e+01 -9.011401936630358e+01
3.749000000000000e+10 1.063507986828339e+01 -9.011500222679501e+01
3.782000000000000e+10 1.050709778653319e+01 -9.011599653672700e+01
3.815000000000000e+10 1.038101655657583e+01 -9.011699987320785e+01
3.848000000000000e+10 1.025678664026533e+01 -9.011800879168655e+01
3.881000000000000e+10 1.013436040935737e+01 -9.011901919704948e+01
3.914000000000000e+10 1.001369208327715e+01 -9.012002677174475e+01
3.947000000000000e+10 9.894737645060664e+00 -9.012102741647665e+01
3.980000000000000e+10 9.777454738151501e+00 -9.012201765879000e+01
4.013000000000000e+10 9.661802548844184e+00 -9.012299498910389e+01
4.046000000000000e+10 9.547741680685490e+00 -9.012395809193039e+01
4.079000000000000e+10 9.435234027955849e+00 -9.012490695125140e+01
4.112000000000000e+10 9.324242655407895e+00 -9.012584282208414e+01
4.145000000000000e+10 9.214731690766381e+00 -9.012676807387668e+01
4.178000000000000e+10 9.106666235194261e+00 -9.012768592411251e+01
4.211000000000000e+10 9.000012295155239e+00 -9.012860009115126e+01
4.244000000000000e+10 8.894736737055899e+00 -9.012951440286362e+01
4.277000000000000e+10 8.790807263939049e+00 -9.013043240134773e+01
4.310000000000000e+10 8.688192411537271e+00 -9.013135698363111e+01
4.343000000000000e+10 8.586861559372570e+00 -9.013229011390905e+01
4.376000000000000e+10 8.486784951446664e+00 -9.013323263503868e+01
4.409000000000000e+10 8.387933720503920e+00 -9.013418419653364e+01
4.442000000000000e+10 8.290279909894503e+00 -9.013514330432284e+01
4.475000000000000e+10 8.193796487695616e+00 -9.013610748520777e+01
4.508000000000000e+10 8.098457348870982e+00 -9.013707354756716e+01
4.541000000000000e+10 8.004237302742295e+00 -9.013803791049999e+01
4.574000000000000e+10 7.911112044740985e+00 -9.013899696717571e+01
4.607000000000000e+10 7.819058113136351e+00 -9.013994744526298e+01
4.640000000000000e+10 7.728052833021839e+00 -9.014088672817927e+01
4.673000000000000e+10 7.638074251134380e+00 -9.014181310536701e+01
4.706000000000000e+10 7.549101065967237e+00 -9.014272592740313e+01
4.739000000000000e+10 7.461112558041557e+00 -9.014362565163538e+01
4.772000000000000e+10 7.374088525103147e+00 -9.014451377522460e+01
4.805000000000000e+10 7.288009226440732e+00 -9.014539266382646e+01
4.838000000000000e+10 7.202855339547969e+00 -9.014626529449737e+01
4.871000000000000e+10 7.118607931091531e+00 -9.014713493979146e+01
4.904000000000000e+10 7.035248442730518e+00 -9.014800482556683e+01
4.937000000000000e+10 6.952758690910129e+00 -9.014887779727299e+01
4.970000000000000e+10 6.871120878461601e+00 -9.014975602821400e+01
5.003000000000000e+10 6.790317614805562e+00 -9.015064079867925e+01
5.036000000000000e+10 6.710331940873858e+00 -9.015153236740063e+01
5.069000000000000e+10 6.631147354587602e+00 -9.015242994728632e+01
5.102000000000000e+10 6.552747832871292e+00 -9.015333178678621e+01
5.135000000000000e+10 6.475117846719128e+00 -9.015423534763841e+01
5.168000000000000e+10 6.398242366690358e+00 -9.015513756015818e+01
5.201000000000000e+10 6.322106857301825e+00 -9.015603512963580e+01
5.234000000000000e+10 6.246697259991988e+00 -9.015692486252935e+01
5.267000000000000e+10 6.171999965527208e+00 -9.015780397942983e+01
5.300000000000000e+10 6.098001777792149e+00 -9.015867038339302e+01
5.333000000000000e+10 6.024689871747000e+00 -9.015952285696721e+01
5.366000000000000e+10 5.952051748869894e+00 -9.016036116861238e+01
5.399000000000000e+10 5.880075193591960e+00 -9.016118607844584e+01
5.432000000000000e+10 5.808748234061413e+00 -9.016199924341743e+01
5.465000000000000e+10 5.738059110077872e+00 -9.016280303210922e+01
5.498000000000000e+10 5.667996250270078e+00 -9.016360026835366e+01
5.531000000000000e+10 5.598548259638567e+00 -9.016439392987419e+01
5.564000000000000e+10 5.529703917550289e+00 -9.016518683251432e+01
5.597000000000000e+10 5.461452185254476e+00 -9.016598133188465e+01
5.630000000000000e+10 5.393782221096957e+00 -9.016677907233485e+01
5.663000000000000e+10 5.326683400920283e+00 -9.016758080825491e+01
5.696000000000000e+10 5.260145340720588e+00 -9.016838631534169e+01
5.729000000000000e+10 5.194157918513628e+00 -9.016919440034702e+01
5.762000000000000e+10 5.128711292554543e+00 -9.017000300792664e+01
5.795000000000000e+10 5.063795913523141e+00 -9.017080941346445e+01
5.828000000000000e+10 4.999402528977799e+00 -9.017161048217636e+01
5.861000000000000e+10 4.935522179224928e+00 -9.017240296820104e+01
5.894000000000000e+10 4.872146184649523e+00 -9.017318382346664e+01
5.927000000000000e+10 4.809266125427683e+00 -9.017395048520648e+01
5.960000000000000e+10 4.746873815296350e+00 -9.017470111321482e+01
5.993000000000000e+10 4.684961271623393e+00 -9.017543475302162e+01
6.026000000000000e+10 4.623520684350264e+00 -9.017615140862880e+01
6.059000000000000e+10 4.562544386440472e+00 -9.017685201753872e+01
6.092000000000000e+10 4.502024828265437e+00 -9.017753833061018e+01
6.125000000000000e+10 4.441954557917242e+00 -9.017821270880746e+01
6.158000000000000e+10 4.382326208809226e+00 -9.017887785725632e+01
6.191000000000000e+10 4.323132495176221e+00 -9.017953652328779e+01
6.224000000000000e+10 4.264366215293188e+00 -9.018019118879053e+01
6.257000000000000e+10 4.206020261477025e+00 -9.018084378777176e+01
6.290000000000000e+10 4.148087635292757e+00 -9.018149547753991e+01
6.323000000000000e+10 4.090561465915809e+00 -9.018214648657178e+01
6.356000000000000e+10 4.033435029347886e+00 -9.018279605448345e+01
6.389000000000000e+10 3.976701766166192e+00 -9.018344247030088e+01
6.422000000000000e+10 3.920355295700213e+00 -9.018408320537992e+01
6.455000000000000e+10 3.864389424948696e+00 -9.018471512781200e+01
6.488000000000000e+10 3.808798151129493e+00 -9.018533477691027e+01
6.521000000000000e+10 3.753575657428020e+00 -9.018593867025923e+01
6.554000000000000e+10 3.698716302214279e+00 -9.018652361239901e+01
6.587000000000000e+10 3.644214602657299e+00 -9.018708697390235e+01
6.620000000000000e+10 3.590065214216931e+00 -9.018762691237899e+01
6.653000000000000e+10 3.536262907883181e+00 -9.018814251260255e+01
6.686000000000000e+10 3.482802547227560e+00 -9.018863383091002e+01
6.719000000000000e+10 3.429679067312528e+00 -9.018910183851405e+01
6.752000000000000e+10 3.376887457283299e+00 -9.018954826846451e+01
6.785000000000000e+10 3.324422748063912e+00 -9.018997538068781e+01
6.818000000000000e+10 3.272280006044449e+00 -9.019038566785332e+01
6.851000000000000e+10 3.220454333031583e+00 -9.019078153094785e+01
6.884000000000000e+10 3.168940872105572e+00 -9.019116495672606e+01
6.917000000000000e+10 3.117734818446368e+00 -9.019153722931601e+01
6.950000000000000e+10 3.066831433715575e+00 -9.019189870515595e+01
6.983000000000000e+10 3.016226062257191e+00 -9.019224867438157e+01
7.016000000000000e+10 2.965914147236459e+00 -9.019258532335733e+01
7.049000000000000e+10 2.915891244883711e+00 -9.019290580307266e+01
7.082000000000000e+10 2.866153035241642e+00 -9.019320639753805e+01
7.115000000000000e+10 2.816695328201411e+00 -9.019348277619719e+01
7.148000000000000e+10 2.767514064115663e+00 -9.019373030570891e+01
7.181000000000000e+10 2.718605308840760e+00 -9.019394439010361e+01
7.214000000000000e+10 2.669965243629763e+00 -9.019412080498036e+01
7.247000000000000e+10 2.621590150814077e+00 -9.019425599139542e+01
7.280000000000000e+10 2.573476396625046e+00 -9.019434727850687e+01
7.313000000000000e+10 2.525620412776447e+00 -9.019439301054840e+01
7.346000000000000e+10 2.478018678531569e+00 -9.019439256273418e+01
7.379000000000000e+10 2.430667704905460e+00 -9.019434624140229e+01
7.412000000000000e+10 2.383564022415308e+00 -9.019425507503431e+01
7.445000000000000e+10 2.336704173415644e+00 -9.019412051366527e+01
7.478000000000000e+10 2.290084709580587e+00 -9.019394406352704e+01
7.511000000000000e+10 2.243702194571368e+00 -9.019372689061699e+01
7.544000000000000e+10 2.197553211407619e+00 -9.019346943050854e+01
7.577000000000000e+10 2.151634373597764e+00 -9.019317104175073e+01
7.610000000000000e+10 2.105942338721650e+00 -9.019282973651208e+01
7.643000000000000e+10 2.060473822934516e+00 -9.019244201502769e+01
7.676000000000000e+10 2.015225614793111e+00 -9.019200282052195e+01
7.709000000000000e+10 1.970194586899261e+00 -9.019150561950035e+01
7.742000000000000e+10 1.925377704100054e+00 -9.019094259970942e+01
7.775000000000000e+10 1.880772027351310e+00 -9.019030496589176e+01
7.808000000000000e+10 1.836374712802890e+00 -9.018958330286223e+01
7.841000000000000e+10 1.792183006154693e+00 -9.018876796742757e+01
7.874000000000000e+10 1.748194232810723e+00 -9.018784946615180e+01
7.907000000000000e+10 1.704405784777940e+00 -9.018681877533757e+01
7.940000000000000e+10 1.660815105574634e+00 -9.018566756307548e+01
7.973000000000000e+10 1.617419674600750e+00 -9.018438828046355e+01
8.006000000000000e+10 1.574216992460576e+00 -9.018297409957268e+01
8.039000000000000e+10 1.531204568616383e+00 -9.018141868836828e+01
8.072000000000000e+10 1.488379912502443e+00 -9.017971582652808e+01
8.105000000000000e+10 1.445740528868548e+00 -9.017785887941432e+01
8.138000000000000e+10 1.403283917688995e+00 -9.017584015920029e+01
8.171000000000000e+10 1.361007578510931e+00 -9.017365021086205e+01
8.204000000000000e+10 1.318909018671878e+00 -9.017127706555948e+01
8.237000000000000e+10 1.276985764434645e+00 -9.016870550398134e+01
8.270000000000000e+10 1.235235373806352e+00 -9.016591636723723e+01
8.303000000000000e+10 1.193655449653907e+00 -9.016288594281077e+01
8.336000000000000e+10 1.152243651715763e+00 -9.015958543836497e+01
8.369000000000000e+10 1.110997706237777e+00 -9.015598053750932e+01
8.402000000000000e+10 1.069915412216471e+00 -9.015203100984596e+01
8.435000000000000e+10 1.028994643588001e+00 -9.014769032364447e+01
8.468000000000000e+10 9.882333471187277e-01 -9.014290518409946e+01
8.501000000000000e+10 9.476295361928119e-01 -9.013761489360091e+01
8.534000000000000e+10 9.071812811062132e-01 -9.013175040238465e+01
8.567000000000000e+10 8.668866968270673e-01 -9.012523288689182e+01
8.600000000000000e+10 8.267439294321843e-01 -9.011797165592328e+01
8.633000000000000e+10 7.867511425562252e-01 -9.010986113573198e+01
8.666000000000000e+10 7.469065051823214e-01 -9.010077661538732e+01
8.699000000000000e+10 7.072081819618997e-01 -9.009056832817573e+01
8.732000000000000e+10 6.676543269949776e-01 -9.007905327954646e+01
8.765000000000000e+10 6.282430816569954e-01 -9.006600396758863e+01
8.798000000000000e+10 5.889725766628625e-01 -9.005113271149132e+01
8.831000000000000e+10 5.498409381563693e-01 -9.003406959040349e+01
8.864000000000000e+10 5.108462972515765e-01 -9.001433078921040e+01
8.897000000000000e+10 4.719868021793114e-01 -8.999127205375440e+01
8.930000000000000e+10 4.332606320567581e-01 -8.996401820156672e+01
8.963000000000000e+10 3.946660113592529e-01 -8.993135262477504e+01
8.996000000000000e+10 3.562012245181495e-01 -8.989153701223283e+01
9.029000000000000e+10 3.178646308762434e-01 -8.984200315723903e+01
9.062000000000000e+10 2.796546819364337e-01 -8.977879596607552e+01
9.095000000000000e+10 2.415699466399407e-01 -8.969549607541141e+01
9.128000000000000e+10 2.036091599867436e-01 -8.958094953729525e+01
9.161000000000000e+10 1.657713385873164e-01 -8.941391466448107e+01
9.194000000000000e+10 1.280561083394419e-01 -8.914831532014715e+01
9.227000000000000e+10 9.046486746757598e-02 -8.866193260721228e+01
9.260000000000000e+10 5.300691264999139e-02 -8.748847116224898e+01
9.293000000000000e+10 1.579263104030927e-02 -8.076580722027597e+01
9.326000000000000e+10 2.183869716522818e-02 8.277441079748750e+01
9.359000000000000e+10 5.887958392686007e-02 8.711811173759568e+01
9.392000000000000e+10 9.588557537549040e-02 8.810265423538601e+01
9.425000000000000e+10 1.327936434132805e-01 8.853727845519613e+01
9.458000000000000e+10 1.695970043658419e-01 8.878184499172349e+01
9.491000000000000e+10 2.062947883227617e-01 8.893848039820928e+01
9.524000000000000e+10 2.428875466591441e-01 8.904726130234091e+01
9.557000000000000e+10 2.793763040223144e-01 8.912711890664094e+01
9.590000000000000e+10 3.157622644170796e-01 8.918815552170678e+01
9.623000000000000e+10 3.520466944511588e-01 8.923625128055653e+01
9.656000000000000e+10 3.882308681503372e-01 8.927505984766678e+01
9.689000000000000e+10 4.243160381996332e-01 8.930697079120287e+01
9.722000000000000e+10 4.603034211488202e-01 8.933361330605960e+01
9.755000000000000e+10 4.961941915181600e-01 8.935613750594429e+01
9.788000000000000e+10 5.319894823218717e-01 8.937537991828370e+01
9.821000000000000e+10 5.676903904008913e-01 8.939196508097315e+01
9.854000000000000e+10 6.032979851935881e-01 8.940637012064396e+01
9.887000000000000e+10 6.388133195947501e-01 8.941896698746537e+01
9.920000000000000e+10 6.742374415422681e-01 8.943005073335618e+01
9.953000000000000e+10 7.095714050118856e-01 8.943985882507776e+01
9.986000000000000e+10 7.448162792292971e-01 8.944858457249870e+01
1.001900000000000e+11 7.799731551316154e-01 8.945638663509440e+01
1.005200000000000e+11 8.150431484154962e-01 8.946339589244286e+01
1.008500000000000e+11 8.500273988711462e-01 8.946972053885194e+01
1.011800000000000e+11 8.849270660874266e-01 8.947544998491408e+01
1.015100000000000e+11 9.197433219852076e-01 8.948065796150983e+01
1.018400000000000e+11 9.544773409591285e-01 8.948540509119232e+01
1.021700000000000e+11 9.891302886490363e-01 8.948974109855671e+01
1.025000000000000e+11 1.023703310498685e+00 8.949370676370579e+01
1.028300000000000e+11 1.058197521277336e+00 8.949733567444132e+01
1.031600000000000e+11 1.092613996638426e+00 8.950065579912757e+01
1.034900000000000e+11 1.126953767579514e+00 8.950369088044648e+01
1.038200000000000e+11 1.161217818370234e+00 8.950646163847877e+01
1.041500000000000e+11 1.195407088160939e+00 8.950898676781834e+01
1.044800000000000e+11 1.229522476110193e+00 8.951128371616088e+01
1.048100000000000e+11 1.263564849511879e+00 8.951336923915044e+01
1.051400000000000e+11 1.297535054098894e+00 8.951525973665362e+01
1.054700000000000e+11 1.331433925481191e+00 8.951697138718347e+01
1.058000000000000e+11 1.365262300562617e+00 8.951852010850075e+01
1.061300000000000e+11 1.399021027786223e+00 8.951992138196739e+01
1.064600000000000e+11 1.432710975178585e+00 8.952118998500612e+01
1.067900000000000e+11 1.466333035391200e+00 8.952233967926342e+01
1.071200000000000e+11 1.499888127243234e+00 8.952338290143196e+01
1.074500000000000e+11 1.533377193629042e+00 8.952433049923198e+01
1.077800000000000e+11 1.566801196024032e+00 8.952519154723325e+01
1.081100000000000e+11 1.600161106170680e+00 8.952597326671274e+01
1.084400000000000e+11 1.633457895813599e+00 8.952668106166087e+01
1.087700000000000e+11 1.666692525551825e+00 8.952731867045236e+01
1.091000000000000e+11 1.699865933966591e+00 8.952788842071948e+01
1.094300000000000e+11 1.732979028154008e+00 8.952839156475329e+01
1.097600000000000e+11 1.766032676648968e+00 8.952882866511895e+01
1.100900000000000e+11 1.799027705481496e+00 8.952919999575856e+01
1.104200000000000e+11 1.831964897786368e+00 8.952950592299909e+01
1.107500000000000e+11 1.864844997022987e+00 8.952974723349966e+01
1.110800000000000e+11 1.897668713492481e+00 8.952992538195430e+01
1.114100000000000e+11 1.930436733500201e+00 8.953004263961769e+01
1.117400000000000e+11 1.963149730240077e+00 8.953010213461869e+01
1.120700000000000e+11 1.995808375298615e+00 8.953010778553644e+01
1.124000000000000e+11 2.028413349611150e+00 8.953006413983682e+01
1.127300000000000e+11 2.060965352756739e+00 8.952997613749636e+01
1.130600000000000e+11 2.093465109646259e+00 8.952984882671619e+01
1.133900000000000e+11 2.125913373923461e+00 8.952968706241586e+01
1.137200000000000e+11 2.158310927734838e+00 8.952949521893731e+01
1.140500000000000e+11 2.190658577896078e+00 8.952927694604820e+01
1.143800000000000e+11 2.222957148852968e+00 8.952903499223976e+01
1.147100000000000e+11 2.255207473165620e+00 8.952877111198761e+01
1.150400000000000e+11 2.287410380501325e+00 8.952848606489226e+01
1.153700000000000e+11 2.319566686278494e+00 8.952817970526597e+01
1.157000000000000e+11 2.351677181143555e+00 8.952785115176756e+01
1.160300000000000e+11 2.383742622381509e+00 8.952749901893246e+01
1.163600000000000e+11 2.415763728165795e+00 8.952712168664436e+01
1.166900000000000e+11 2.447741175264086e+00 8.952671758030634e+01
1.170200000000000e+11 2.479675600462983e+00 8.952628543391650e+01
1.173500000000000e+11 2.511567605591906e+00 8.952582451048666e+01
1.176800000000000e+11 2.543417765654021e+00 8.952533475895792e+01
1.180100000000000e+11 2.575226639249144e+00 8.952481689346240e+01
1.183400000000000e+11 2.606994780231031e+00 8.952427238877519e+01
1.186700000000000e+11 2.638722749408394e+00 8.952370339425089e+01
1.190000000000000e+11 2.670411125086283e+00 8.952311257663264e+01
1.193300000000000e+11 2.702060511356113e+00 8.952250290903646e+01
1.196600000000000e+11 2.733671543267786e+00 8.952187742851669e+01
1.199900000000000e+11 2.765244888332813e+00 8.952123898737965e+01
1.203200000000000e+11 2.796781244181999e+00 8.952059002366110e+01
1.206500000000000e+11 2.828281332597389e+00 8.951993237386274e+01
1.209800000000000e+11 2.859745890513785e+00 8.951926714646604e+01
1.213100000000000e+11 2.891175658903393e+00 8.951859466838457e+01
1.216400000000000e+11 2.922571370683388e+00 8.951791450900261e+01
1.219700000000000e+11 2.953933738897011e+00 8.951722557860293e+01
1.223000000000000e+11 2.985263446401969e+00 8.951652629051559e+01
1.226300000000000e+11 3.016561138156006e+00 8.951581477005122e+01
1.229600000000000e+11 3.047827416931657e+00 8.951508908873720e+01
1.232900000000000e+11 3.079062842947308e+00 8.951434750006673e+01
1.236200000000000e+11 3.110267937502135e+00 8.951358865305620e+01
1.239500000000000e+11 3.141443190291739e+00 8.951281176236179e+01
1.242800000000000e+11 3.172589069698724e+00 8.951201671828098e+01
1.246100000000000e+11 3.203706035038767e+00 8.951120412615647e+01
1.249400000000000e+11 3.234794549531985e+00 8.951037527188238e+01
1.252700000000000e+11 3.265855092680941e+00 8.950953201767553e+01
1.256000000000000e+11 3.296888170784550e+00 8.950867663923106e+01
1.259300000000000e+11 3.327894324494944e+00 8.950781162118557e+01
1.262600000000000e+11 3.358874132616624e+00 8.950693943186003e+01
1.265900000000000e+11 3.389828211723864e+00 8.950606230016271e+01
1.269200000000000e+11 3.420757211597815e+00 8.950518201714567e+01
1.272500000000000e+11 3.451661806912650e+00 8.950429978205322e+01
1.275800000000000e+11 3.482542685990039e+00 8.950341610808822e+01
1.279100000000000e+11 3.513400537749790e+00 8.950253079700200e+01
1.282400000000000e+11 3.544236038182026e+00 8.950164298463459e+01
1.285700000000000e+11 3.575049837728573e+00 8.950075125237440e+01
1.289000000000000e+11 3.605842550883318e+00 8.949985379291064e+01
1.292300000000000e+11 3.636614749106744e+00 8.949894861326145e+01
1.295600000000000e+11 3.667366957822434e+00 8.949803375441513e+01
1.298900000000000e+11 3.698099657851938e+00 8.949710750537116e+01
1.302200000000000e+11 3.728813291193735e+00 8.949616859007388e+01
1.305500000000000e+11 3.759508270604933e+00 8.949521630857592e+01
1.308800000000000e+11 3.790184992048974e+00 8.949425061849459e+01
1.312100000000000e+11 3.820843848768235e+00 8.949327214892163e+01
1.315400000000000e+11 3.851485245560774e+00 8.949228214578713e+01
1.318700000000000e+11 3.882109611804170e+00 8.949128235461711e+01
1.322000000000000e+11 3.912717411882624e+00 8.949027485289145e+01
1.325300000000000e+11 3.943309151924896e+00 8.948926184924892e+01
1.328600000000000e+11 3.973885382128616e+00 8.948824547004807e+01
1.331900000000000e+11 4.004446694390959e+00 8.948722755497455e+01
1.335200000000000e+11 4.034993715445201e+00 8.948620948237738e+01
1.338500000000000e+11 4.065527096167042e+00 8.948519204192280e+01
1.341800000000000e+11 4.096047498114752e+00 8.948417536729599e+01
1.345100000000000e+11 4.126555578664902e+00 8.948315893555024e+01
1.348400000000000e+11 4.157051976263820e+00 8.948214163293544e+01
1.351700000000000e+11 4.187537297322105e+00 8.948112188028753e+01
1.355000000000000e+11 4.218012106126441e+00 8.948009780505654e+01
1.358300000000000e+11 4.248476918849782e+00 8.947906744234227e+01
1.361600000000000e+11 4.278932202330672e+00 8.947802894442111e+01
1.364900000000000e+11 4.309378377810203e+00 8.947698077742358e+01
1.368200000000000e+11 4.339815829305528e+00 8.947592188518358e+01
1.371500000000000e+11 4.370244915818358e+00 8.947485180364502e+01
1.374800000000000e+11 4.400665986170882e+00 8.947377071427657e+01
1.378100000000000e+11 4.431079394975799e+00 8.947267943115341e+01
1.381400000000000e+11 4.461485518111989e+00 8.947157932312369e+01
1.384700000000000e+11 4.491884766106767e+00 8.947047217907790e+01
1.388000000000000e+11 4.522277594021288e+00 8.946936003012442e+01
1.391300000000000e+11 4.552664506778735e+00 8.946824494684245e+01
1.394600000000000e+11 4.583046059329512e+00 8.946712883233288e+01
1.397900000000000e+11 4.613422851574037e+00 8.946601323219200e+01
1.401200000000000e+11 4.643795518502516e+00 8.946489918082308e+01
1.404500000000000e+11 4.674164716511068e+00 8.946378709980100e+01
1.407800000000000e+11 4.704531107261614e+00 8.946267675870831e+01
1.411100000000000e+11 4.734895340725358e+00 8.946156730249427e+01
1.414400000000000e+11 4.765258039156682e+00 8.946045734263838e+01
1.417700000000000e+11 4.795619783673120e+00 8.945934510287418e+01
1.421000000000000e+11 4.825981104871237e+00 8.945822860466119e+01
1.424300000000000e+11 4.856342478513012e+00 8.945710587350131e+01
1.427600000000000e+11 4.886704326807023e+00 8.945597514504098e+01
1.430900000000000e+11 4.917067025240009e+00 8.945483504987567e+01
1.434200000000000e+11 4.947430914338684e+00 8.945368475810201e+01
1.437500000000000e+11 4.977796315224738e+00 8.945252406872964e+01
1.440800000000000e+11 5.008163547415181e+00 8.945135343465729e+01
1.444100000000000e+11 5.038532947065954e+00 8.945017392047875e+01
1.447400000000000e+11 5.068904883782889e+00 8.944898709723475e+01
1.450700000000000e+11 5.099279774242822e+00 8.944779488469419e+01
1.454000000000000e+11 5.129658091171088e+00 8.944659935713928e+01
1.457300000000000e+11 5.160040366677194e+00 8.944540253242792e+01
1.460600000000000e+11 5.190427189519832e+00 8.944420616588759e+01
1.463900000000000e+11 5.220819196490943e+00 8.944301157019636e+01
1.467200000000000e+11 5.251217058722143e+00 8.944181947983182e+01
1.470500000000000e+11 5.281621464252493e+00 8.944062997420372e+01
1.473800000000000e+11 5.312033098607345e+00 8.943944246763917e+01
1.477100000000000e+11 5.342452625371359e+00 8.943825576759497e+01
1.480400000000000e+11 5.372880668773814e+00 8.943706819549074e+01
1.483700000000000e+11 5.403317800129104e+00 8.943587775812024e+01
1.487000000000000e+11 5.433764529609078e+00 8.943468235234910e+01
1.490300000000000e+11 5.464221304297755e+00 8.943347998230162e+01
1.493600000000000e+11 5.494688512845213e+00 8.943226896683815e+01
1.496900000000000e+11 5.525166496360846e+00 8.943104811597793e+01
1.500200000000000e+11 5.555655564535464e+00 8.942981685797500e+01
1.503500000000000e+11 5.586156015421963e+00 8.942857530368167e+01
1.506800000000000e+11 5.616668156899499e+00 8.942732424117324e+01
1.510100000000000e+11 5.647192327635188e+00 8.942606506069741e+01
1.513400000000000e+11 5.677728915372024e+00 8.942479961714800e+01
1.516700000000000e+11 5.708278370606448e+00 8.942353004371246e+01
1.520000000000000e+11 5.738841214161940e+00 8.942225853544268e+01
1.523300000000000e+11 5.769418037767876e+00 8.942098712471901e+01
1.526600000000000e+11 5.800009497459360e+00 8.941971747157966e+01
1.529900000000000e+11 5.830616300352917e+00 8.941845069054395e+01
1.533200000000000e+11 5.861239186047050e+00 8.941718723199678e+01
1.536500000000000e+11 5.891878904477545e+00 8.941592683076217e+01
1.539800000000000e+11 5.922536192456919e+00 8.941466852771748e+01
1.543100000000000e+11 5.953211751307321e+00 8.941341076287023e+01
1.546400000000000e+11 5.983906227929524e+00 8.941215153098236e+01
1.549700000000000e+11 6.014620201340342e+00 8.941088858434321e+01
1.553000000000000e+11 6.045354176186680e+00 8.940961966231973e+01
1.556300000000000e+11 6.076108584051997e+00 8.940834272438389e+01
1.559600000000000e+11 6.106883792583361e+00 8.940705616273854e+01
1.562900000000000e+11 6.137680121658644e+00 8.940575897252955e+01
1.566200000000000e+11 6.168497865072863e+00 8.940445086175620e+01
1.569500000000000e+11 6.199337315619999e+00 8.940313228899576e+01
1.572800000000000e+11 6.230198791055847e+00 8.940180442432423e+01
1.576100000000000e+11 6.261082658283654e+00 8.940046903663701e+01
1.579400000000000e+11 6.291989353235524e+00 8.939912831812880e+01
1.582700000000000e+11 6.322919394313778e+00 8.939778466324154e+01
1.586000000000000e+11 6.353873387878380e+00 8.939644042422206e+01
1.589300000000000e+11 6.384852025054894e+00 8.939509766805963e+01
1.592600000000000e+11 6.415856070017639e+00 8.939375795969478e+01
1.595900000000000e+11 6.446886340785369e+00 8.939242219397126e+01
1.599200000000000e+11 6.477943684358745e+00 8.939109049406298e+01
1.602500000000000e+11 6.509028948650561e+00 8.938976218749956e+01
1.605800000000000e+11 6.540142954041169e+00 8.938843586310711e+01
1.609100000000000e+11 6.571286467486075e+00 8.938710950393883e+01
1.612400000000000e+11 6.602460181904141e+00 8.938578068345342e+01
1.615700000000000e+11 6.633664703082686e+00 8.938444680558368e+01
1.619000000000000e+11 6.664900545610494e+00 8.938310536464739e+01
1.622300000000000e+11 6.696168138448583e+00 8.938175419874810e+01
1.625600000000000e+11 6.727467839769408e+00 8.938039171069815e+01
1.628900000000000e+11 6.758799959731341e+00 8.937901703352510e+01
1.632200000000000e+11 6.790164789010507e+00 8.937763012304212e+01
1.635500000000000e+11 6.821562630273994e+00 8.937623176723399e+01
1.638800000000000e+11 6.852993829417290e+00 8.937482351061081e+01
1.642100000000000e+11 6.884458803347248e+00 8.937340750036664e+01
1.645400000000000e+11 6.915958061384086e+00 8.937198626927677e+01
1.648700000000000e+11 6.947492217952560e+00 8.937056247690838e+01
1.652000000000000e+11 6.979061995085568e+00 8.936913863525521e+01
1.655300000000000e+11 7.010668214284960e+00 8.936771684679687e+01
1.658600000000000e+11 7.042311778376947e+00 8.936629858204334e+01
1.661900000000000e+11 7.073993645046050e+00 8.936488451988926e+01
1.665200000000000e+11 7.105714794632174e+00 8.936347446792888e+01
1.668500000000000e+11 7.137476195421692e+00 8.936206737186967e+01
1.671800000000000e+11 7.169278769995843e+00 8.936066141412671e+01
1.675100000000000e+11 7.201123366165900e+00 8.935925419249843e+01
1.678400000000000e+11 7.233010735627359e+00 8.935784296145764e+01
1.681700000000000e+11 7.264941522732555e+00 8.935642491190028e+01
1.685000000000000e+11 7.296916264785334e+00 8.935499746091440e+01
1.688300000000000e+11 7.328935404094494e+00 8.935355852170096e+01
1.691600000000000e+11 7.360999310807436e+00 8.935210672541764e+01
1.694900000000000e+11 7.393108314400302e+00 8.935064157127800e+01
1.698200000000000e+11 7.425262740751220e+00 8.934916348831197e+01
1.701500000000000e+11 7.457462951071105e+00 8.934767380107996e+01
1.704800000000000e+11 7.489709378680351e+00 8.934617460143822e+01
1.708100000000000e+11 7.522002559751002e+00 8.934466853821176e+01
1.711400000000000e+11 7.554343154663482e+00 8.934315854530044e+01
1.714700000000000e+11 7.586731957523830e+00 8.934164753544212e+01
1.718000000000000e+11 7.619169892557551e+00 8.934013809086093e+01
1.721300000000000e+11 7.651657997431423e+00 8.933863218286520e+01
1.724600000000000e+11 7.684197394917435e+00 8.933713095001127e+01
1.727900000000000e+11 7.716789255565736e+00 8.933563455890601e+01
1.731200000000000e+11 7.749434755058499e+00 8.933414216357932e+01
1.734500000000000e+11 7.782135030570986e+00 8.933265196945551e+01
1.737800000000000e+11 7.814891140684175e+00 8.933116139721861e+01
1.741100000000000e+11 7.847704033146726e+00 8.932966733145552e+01
1.744400000000000e+11 7.880574524085181e+00 8.932816642988973e+01
1.747700000000000e+11 7.913503291166966e+00 8.932665546230017e+01
1.751000000000000e+11 7.946490881838030e+00 8.932513164454107e+01
1.754300000000000e+11 7.979537736219409e+00 8.932359293293078e+01
1.757600000000000e+11 8.012644222708110e+00 8.932203824767740e+01
1.760900000000000e+11 8.045810682951522e+00 8.932046760074353e+01
1.764200000000000e+11 8.079037481792286e+00 8.931888211292734e+01
1.767500000000000e+11 8.112325057137902e+00 8.931728391609967e+01
1.770800000000000e+11 8.145673964570642e+00 8.931567594831206e+01
1.774100000000000e+11 8.179084911907786e+00 8.931406166074329e+01
1.777400000000000e+11 8.212558779829457e+00 8.931244466494796e+01
1.780700000000000e+11 8.246096626022274e+00 8.931082835566298e+01
1.784000000000000e+11 8.279699671928004e+00 8.930921554769859e+01
1.787300000000000e+11 8.313369272967334e+00 8.930760816483489e+01
1.790600000000000e+11 8.347106874853694e+00 8.930600701409480e+01
1.793900000000000e+11 8.380913960139603e+00 8.930441167069162e+01
1.797200000000000e+11 8.414791990281442e+00 8.930282048807213e+01
1.800500000000000e+11 8.448742349138115e+00 8.930123073488036e+01
1.803800000000000e+11 8.482766293856388e+00 8.929963884758665e+01
1.807100000000000e+11 8.516864918513413e+00 8.929804077531431e+01
1.810400000000000e+11 8.551039134733140e+00 8.929643238331545e+01
1.813700000000000e+11 8.585289671860597e+00 8.929480987469084e+01
1.817000000000000e+11 8.619617097331897e+00 8.929317018710501e+01
1.820300000000000e+11 8.654021855794969e+00 8.929151132278315e+01
1.823600000000000e+11 8.688504323544242e+00 8.928983257595850e+01
1.826900000000000e+11 8.723064873125885e+00 8.928813463165190e+01
1.830200000000000e+11 8.757703941744355e+00 8.928641952231114e+01
1.833500000000000e+11 8.792422096493816e+00 8.928469044317430e+01
1.836800000000000e+11 8.827220089533283e+00 8.928295144184851e+01
1.840100000000000e+11 8.862098897136491e+00 8.928120701096998e+01
1.843400000000000e+11 8.897059738015200e+00 8.927946162357698e+01
1.846700000000000e+11 8.932104068308631e+00 8.927771925779392e+01
1.850000000000000e+11 8.967233552966450e+00 8.927598295975265e+01
1.853300000000000e+11 9.002450015692965e+00 8.927425449107419e+01
1.856600000000000e+11 9.037755371925904e+00 8.927253409974716e+01
1.859900000000000e+11 9.073151551243564e+00 8.927082044159226e+01
1.863200000000000e+11 9.108640416923189e+00 8.926911066470745e+01
1.866500000000000e+11 9.144223690949584e+00 8.926740065282370e+01
1.869800000000000e+11 9.179902892512853e+00 8.926568540698388e+01
1.873100000000000e+11 9.215679296930441e+00 8.926395953008706e+01
1.876400000000000e+11 9.251553920068874e+00 8.926221776720362e+01
1.879700000000000e+11 9.287527530886925e+00 8.926045554742011e+01
1.883000000000000e+11 9.323600691905318e+00 8.925866947120802e+01
1.886300000000000e+11 9.359773824505774e+00 8.925685769124640e+01
1.889600000000000e+11 9.396047293272341e+00 8.925502014402802e+01
1.892900000000000e+11 9.432421501389602e+00 8.925315860364331e+01
1.896200000000000e+11 9.468896987658756e+00 8.925127654657098e+01
1.899500000000000e+11 9.505474515151581e+00 8.924937883539815e+01
1.902800000000000e+11 9.542155141994254e+00 8.924747124829214e+01
1.906100000000000e+11 9.578940266240776e+00 8.924555989776285e+01
1.909400000000000e+11 9.615831639151036e+00 8.924365059505682e+01
1.912700000000000e+11 9.652831344227579e+00 8.924174822395784e+01
1.916000000000000e+11 9.689941742792405e+00 8.923985618892137e+01
1.919300000000000e+11 9.727165390382307e+00 8.923797599700237e+01
1.922600000000000e+11 9.764504931432162e+00 8.923610702131590e+01
1.925900000000000e+11 9.801962982278397e+00 8.923424647675235e+01
1.929200000000000e+11 9.839542014147790e+00 8.923238961794323e+01
1.932500000000000e+11 9.877244248303580e+00 8.923053014699715e+01
1.935800000000000e+11 9.915071574792405e+00 8.922866079655694e+01
1.939100000000000e+11 9.953025504305339e+00 8.922677403449839e+01
1.942400000000000e+11 9.991107159670396e+00 8.922486282217690e+01
1.945700000000000e+11 1.002931730970013e+01 8.922292135014662e+01
1.949000000000000e+11 1.006765644387796e+01 8.922094567477995e+01
1.952300000000000e+11 1.010612488209058e+01 8.921893418650816e+01
1.955600000000000e+11 1.014472290974595e+01 8.921688785502981e+01
1.958900000000000e+11 1.018345092555440e+01 8.921481021757141e+01
1.962200000000000e+11 1.022230958735914e+01 8.921270710125181e+01
1.965500000000000e+11 1.026129994091239e+01 8.921058609742322e+01
1.968800000000000e+11 1.030042351752618e+01 8.920845583191770e+01
1.972100000000000e+11 1.033968238904718e+01 8.920632509771723e+01
1.975400000000000e+11 1.037907917242079e+01 8.920420193332703e+01
1.978700000000000e+11 1.041861698090367e+01 8.920209273910214e+01
1.982000000000000e+11 1.045829932430653e+01 8.920000152378013e+01
1.985300000000000e+11 1.049812996599741e+01 8.919792936412068e+01
1.988600000000000e+11 1.053811274922060e+01 8.919587414241933e+01
1.991900000000000e+11 1.057825140907792e+01 8.919383060119992e+01
1.995200000000000e+11 1.061854938884438e+01 8.919179072385482e+01
1.998500000000000e+11 1.065900967983476e+01 8.918974441724225e+01
2.001800000000000e+11 1.069963470266134e+01 8.918768044047489e+01
2.005100000000000e+11 1.074042624446617e+01 8.918558749656059e+01
2.008400000000000e+11 1.078138546180003e+01 8.918345538314816e+01
2.011700000000000e+11 1.082251295267180e+01 8.918127608773752e+01
2.015000000000000e+11 1.086380889444831e+01 8.917904471284409e+01
2.018300000000000e+11 1.090527323740820e+01 8.917676012824433e+01
2.021600000000000e+11 1.094690593751349e+01 8.917442526992045e+01
2.024900000000000e+11 1.098870720703504e+01 8.917204703693042e+01
2.028200000000000e+11 1.103067775859768e+01 8.916963577543895e+01
2.031500000000000e+11 1.107281901741728e+01 8.916720438009609e+01
2.034800000000000e+11 1.111513327818272e+01 8.916476708294681e+01
2.038100000000000e+11 1.115762378717184e+01 8.916233803512135e+01
2.041400000000000e+11 1.120029473650350e+01 8.915992981300100e+01
2.044700000000000e+11 1.124315116543658e+01 8.915755199537503e+01
2.048000000000000e+11 1.128619877262878e+01 8.915520995924112e+01
2.051300000000000e+11 1.132944365244791e+01 8.915290402855490e+01
2.054600000000000e+11 1.137289197689474e+01 8.915062908293284e+01
2.057900000000000e+11 1.141654965157361e+01 8.914837469397305e+01
2.061200000000000e+11 1.146042197867277e+01 8.914612580867006e+01
2.064500000000000e+11 1.150451336149866e+01 8.914386394653640e+01
2.067800000000000e+11 1.154882708341293e+01 8.914156882439400e+01
2.071100000000000e+11 1.159336518901277e+01 8.913922027543363e+01
2.074400000000000e+11 1.163812848734063e+01 8.913680029191985e+01
2.077700000000000e+11 1.168311668640109e+01 8.913429499794900e+01
2.081000000000000e+11 1.172832865614757e+01 8.913169635290957e+01
2.084300000000000e+11 1.177376280442817e+01 8.912900339923122e+01
2.087600000000000e+11 1.181941753831928e+01 8.912622289941741e+01
2.090900000000000e+11 1.186529177298934e+01 8.912336925529789e+01
2.094200000000000e+11 1.191138544281199e+01 8.912046366334462e+01
2.097500000000000e+11 1.195769996574777e+01 8.911753252882620e+01
2.100800000000000e+11 1.200423861262764e+01 8.911460523264806e+01
2.104100000000000e+11 1.205100673811348e+01 8.911171141153191e+01
2.107400000000000e+11 1.209801183961448e+01 8.910887796842138e+01
2.110700000000000e+11 1.214526342370290e+01 8.910612606994384e+01
2.114000000000000e+11 1.219277267565637e+01 8.910346840687005e+01
2.117300000000000e+11 1.224055194536264e+01 8.910090698885965e+01
2.120600000000000e+11 1.228861408047503e+01 8.909843171539964e+01
2.123900000000000e+11 1.233697165380877e+01 8.909601991195278e+01
2.127200000000000e+11 1.238563614496683e+01 8.909363694731258e+01
2.130500000000000e+11 1.243461714473157e+01 8.909123796042979e+01
2.133800000000000e+11 1.248392165380264e+01 8.908877062954926e+01
2.137100000000000e+11 1.253355354441351e+01 8.908617882145931e+01
2.140400000000000e+11 1.258351324412215e+01 8.908340687247002e+01
2.143700000000000e+11 1.263379768611338e+01 8.908040418343990e+01
2.147000000000000e+11 1.268440055065637e+01 8.907712976564837e+01
2.150300000000000e+11 1.273531279939350e+01 8.907355635761256e+01
2.153600000000000e+11 1.278652347969403e+01 8.906967374774692e+01
2.156900000000000e+11 1.283802075241952e+01 8.906549098411813e+01
2.160200000000000e+11 1.288979307515913e+01 8.906103722775890e+01
2.163500000000000e+11 1.294183045624107e+01 8.905636110487070e+01
2.166800000000000e+11 1.299412568423011e+01 8.905152852838728e+01
2.170100000000000e+11 1.304667543437294e+01 8.904661908187992e+01
2.173400000000000e+11 1.309948115817188e+01 8.904172117878464e+01
2.176700000000000e+11 1.315254967495246e+01 8.903692631749979e+01
2.180000000000000e+11 1.320589340426859e+01 8.903232283868809e+01
2.183300000000000e+11 1.325953020394323e+01 8.902798964722703e+01
2.186600000000000e+11 1.331348280859685e+01 8.902399038186027e+01
2.189900000000000e+11 1.336777789533532e+01 8.902036849757152e+01
2.193200000000000e+11 1.342244483426717e+01 8.901714366897923e+01
2.196500000000000e+11 1.347751420902823e+01 8.901430983082372e+01
2.199800000000000e+11 1.353301621404468e+01 8.901183505032192e+01
2.203100000000000e+11 1.358897904877058e+01 8.900966328497070e+01
2.206400000000000e+11 1.364542743314890e+01 8.900771792967963e+01
2.209700000000000e+11 1.370238136238039e+01 8.900590691140920e+01
2.213000000000000e+11 1.375985520293639e+01 8.900412896044899e+01
2.216300000000000e+11 1.381785720670789e+01 8.900228058657235e+01
2.219600000000000e+11 1.387638948813581e+01 8.900026322487508e+01
2.222900000000000e+11 1.393544847266802e+01 8.899798999623484e+01
2.226200000000000e+11 1.399502578695054e+01 8.899539155343520e+01
2.229500000000000e+11 1.405510952495004e+01 8.899242055435434e+01
2.232800000000000e+11 1.411568579283180e+01 8.898905441274830e+01
2.236100000000000e+11 1.417674041160860e+01 8.898529611607323e+01
2.239400000000000e+11 1.423826064247534e+01 8.898117305702804e+01
2.242700000000000e+11 1.430023679672062e+01 8.897673398792061e+01
2.246000000000000e+11 1.436266360060638e+01 8.897204436094972e+01
2.249300000000000e+11 1.442554120512656e+01 8.896718045007349e+01
2.252600000000000e+11 1.448887575964125e+01 8.896222274996153e+01
2.255900000000000e+11 1.455267950471526e+01 8.895724920589107e+01
2.259200000000000e+11 1.461697038008916e+01 8.895232884000409e+01
2.262500000000000e+11 1.468177118511264e+01 8.894751630262199e+01
2.265800000000000e+11 1.474710836756949e+01 8.894284779498101e+01
2.269100000000000e+11 1.481301054915899e+01 8.893833868853307e+01
2.272400000000000e+11 1.487950691897906e+01 8.893398301609916e+01
2.275700000000000e+11 1.494662563796896e+01 8.892975484477184e+01
2.279000000000000e+11 1.501439239619874e+01 8.892561137424482e+01
2.282300000000000e+11 1.508282925107550e+01 8.892149745224712e+01
2.285600000000000e+11 1.515195384907741e+01 8.891735107491986e+01
2.288900000000000e+11 1.522177909875223e+01 8.891310935574620e+01
2.292200000000000e+11 1.529231332152680e+01 8.890871440984068e+01
2.295500000000000e+11 1.536356086311673e+01 8.890411861444775e+01
2.298800000000000e+11 1.543552310600904e+01 8.889928877002050e+01
2.302100000000000e+11 1.550819978652494e+01 8.889420879325291e+01
2.305400000000000e+11 1.558159049181895e+01 8.888888071388789e+01
2.308700000000000e+11 1.565569619549964e+01 8.888332390788912e+01
2.312000000000000e+11 1.573052068701264e+01 8.887757266566790e+01
2.315300000000000e+11 1.580607175995823e+01 8.887167235005445e+01
2.318600000000000e+11 1.588236204731276e+01 8.886567453007699e+01
2.321900000000000e+11 1.595940942508765e+01 8.885963157108964e+01
2.325200000000000e+11 1.603723694723877e+01 8.885359121048926e+01
2.328500000000000e+11 1.611587231980539e+01 8.884759164647116e+01
2.331800000000000e+11 1.619534696704722e+01 8.884165761500365e+01
2.335100000000000e+11 1.627569478243398e+01 8.883579783224572e+01
2.338400000000000e+11 1.635695068880208e+01 8.883000404514809e+01
2.341700000000000e+11 1.643914915163474e+01 8.882425177483528e+01
2.345000000000000e+11 1.652232279517755e+01 8.881850267078849e+01
2.348300000000000e+11 1.660650126222885e+01 8.881270823510967e+01
2.351600000000000e+11 1.669171043561049e+01 8.880681454091351e+01
2.354900000000000e+11 1.677797210461283e+01 8.880076747055378e+01
2.358200000000000e+11 1.686530411637938e+01 8.879451794785491e+01
2.361500000000000e+11 1.695372100440641e+01 8.878802663902979e+01
2.364800000000000e+11 1.704323503875335e+01 8.878126764960540e+01
2.368100000000000e+11 1.713385759986182e+01 8.877423084443193e+01
2.371400000000000e+11 1.722560074437382e+01 8.876692255492964e+01
2.374700000000000e+11 1.731847881044727e+01 8.875936459875952e+01
2.378000000000000e+11 1.741250990407858e+01 8.875159170620080e+01
2.381300000000000e+11 1.750771711769308e+01 8.874364760807660e+01
2.384600000000000e+11 1.760412935708956e+01 8.873558017607606e+01
2.387900000000000e+11 1.770178169054336e+01 8.872743610417380e+01
2.391200000000000e+11 1.780071518098654e+01 8.871925566946385e+01
2.394500000000000e+11 1.790097621418270e+01 8.871106810666254e+01
2.397800000000000e+11 1.800261538757672e+01 8.870288807261635e+01
2.401100000000000e+11 1.810568607081186e+01 8.869471357048960e+01
2.404400000000000e+11 1.821024278495961e+01 8.868652555804761e+01
2.407700000000000e+11 1.831633956941910e+01 8.867828929473616e+01
2.411000000000000e+11 1.842402851065912e+01 8.866995730500241e+01
2.414300000000000e+11 1.853335859458306e+01 8.866147366843980e+01
2.417600000000000e+11 1.864437501515927e+01 8.865277920801815e+01
2.420900000000000e+11 1.875711902862525e+01 8.864381705049595e+01
2.424200000000000e+11 1.887162838914428e+01 8.863453798853213e+01
2.427500000000000e+11 1.898793834342529e+01 8.862490508724906e+01
2.430800000000000e+11 1.910608310432114e+01 8.861489704839592e+01
2.434100000000000e+11 1.922609767264217e+01 8.860450996636185e+01
2.437400000000000e+11 1.934801983766961e+01 8.859375727042811e+01
2.440700000000000e+11 1.947189216438873e+01 8.858266783109704e+01
2.444000000000000e+11 1.959776377200963e+01 8.857128239681769e+01
2.447300000000000e+11 1.972569172482085e+01 8.855964870194686e+01
2.450600000000000e+11 1.985574189177717e+01 8.854781572940050e+01
2.453900000000000e+11 1.998798918244714e+01 8.853582770714227e+01
2.457200000000000e+11 2.012251712936938e+01 8.852371845576106e+01
2.460500000000000e+11 2.025941685445409e+01 8.851150667984699e+01
2.463800000000000e+11 2.039878552312145e+01 8.849919270980689e+01
2.467100000000000e+11 2.054072444751409e+01 8.848675706057898e+01
2.470400000000000e+11 2.068533704319466e+01 8.847416099258942e+01
2.473700000000000e+11 2.083272686725580e+01 8.846134905594060e+01
2.477000000000000e+11 2.098299596667098e+01 8.844825339182755e+01
2.480300000000000e+11 2.113624374308892e+01 8.843479937695467e+01
2.483600000000000e+11 2.129256649564962e+01 8.842091204720467e+01
2.486900000000000e+11 2.145205774057996e+01 8.840652264242136e+01
2.490200000000000e+11 2.161480933111710e+01 8.839157458589898e+01
2.493500000000000e+11 2.178091332096022e+01 8.837602825446226e+01
2.496800000000000e+11 2.195046443700826e+01 8.835986400503975e+01
2.500100000000000e+11 2.212356296062592e+01 8.834308309161158e+01
2.503400000000000e+11 2.230031776833273e+01 8.832570631643067e+01
2.506700000000000e+11 2.248084925831318e+01 8.830777049094885e+01
2.510000000000000e+11 2.266529189205423e+01 8.828932301178311e+01
2.513300000000000e+11 2.285379611163745e+01 8.827041506175237e+01
2.516600000000000e+11 2.304652945089644e+01 8.825109410381992e+01
2.519900000000000e+11 2.324367673811488e+01 8.823139642908731e+01
2.523200000000000e+11 2.344543938211789e+01 8.821134053714884e+01
2.526500000000000e+11 2.365203383352772e+01 8.819092206382518e+01
2.529800000000000e+11 2.386368940864272e+01 8.817011083130986e+01
2.533100000000000e+11 2.408064574477207e+01 8.814885039095454e+01
2.536400000000000e+11 2.430315021387309e+01 8.812706017829125e+01
2.539700000000000e+11 2.453145564886368e+01 8.810464012804381e+01
2.543000000000000e+11 2.476581872973127e+01 8.808147733152644e+01
2.546300000000000e+11 2.500649933364184e+01 8.805745408802271e+01
2.549600000000000e+11 2.525376107736081e+01 8.803245653089022e+01
2.552900000000000e+11 2.550787317767957e+01 8.800638291813769e+01
2.556200000000000e+11 2.576911363543759e+01 8.797915067829526e+01
2.559500000000000e+11 2.603777362261238e+01 8.795070139849260e+01
2.562800000000000e+11 2.631416283248315e+01 8.792100312601060e+01
2.566100000000000e+11 2.659861545276332e+01 8.789004961116173e+01
2.569400000000000e+11 2.689149635228144e+01 8.785785642427943e+01
2.572700000000000e+11 2.719320704242352e+01 8.782445420328283e+01
2.576000000000000e+11 2.750419099079280e+01 8.778987959814127e+01
2.579300000000000e+11 2.782493792797129e+01 8.775416474213449e+01
2.582600000000000e+11 2.815598689581442e+01 8.771732626781831e+01
2.585900000000000e+11 2.849792792968785e+01 8.767935497507608e+01
2.589200000000000e+11 2.885140243559838e+01 8.764020723546020e+01
2.592500000000000e+11 2.921710250110097e+01 8.759979907790414e+01
2.595800000000000e+11 2.959576954910086e+01 8.755800365447277e+01
2.599100000000000e+11 2.998819288879023e+01 8.751465245143230e+01
2.602400000000000e+11 3.039520882213888e+01 8.746954022131750e+01
2.605700000000000e+11 3.081770101505267e+01 8.742243320419253e+01
2.609000000000000e+11 3.125660283187099e+01 8.737307982318843e+01
2.612300000000000e+11 3.171290225856793e+01 8.732122272239792e+01
2.615600000000000e+11 3.218764990868074e+01 8.726661080084500e+01
2.618900000000000e+11 3.268197042779884e+01 8.720900981179736e+01
2.622200000000000e+11 3.319707740440072e+01 8.714821015686294e+01
2.625500000000000e+11 3.373429167843211e+01 8.708403070932785e+01
2.628800000000000e+11 3.429506273874645e+01 8.701631783633405e+01
2.632100000000000e+11 3.488099274191485e+01 8.694493922608902e+01
2.635400000000000e+11 3.549386259246836e+01 8.686977262392642e+01
2.638700000000000e+11 3.613565951981979e+01 8.679069009088450e+01
2.642000000000000e+11 3.680860568622576e+01 8.670753886734985e+01
2.645300000000000e+11 3.751518757277380e+01 8.662012029941393e+01
2.648600000000000e+11 3.825818621797114e+01 8.652816851941341e+01
2.651900000000000e+11 3.904070881926463e+01 8.643133062759284e+01
2.655200000000000e+11 3.986622273705715e+01 8.632914997704110e+01
2.658500000000000e+11 4.073859354314938e+01 8.622105381579418e+01
2.661800000000000e+11 4.166212940808661e+01 8.610634600610454e+01
2.665100000000000e+11 4.264163480386044e+01 8.598420485949228e+01
2.668400000000000e+11 4.368247719674159e+01 8.585368535332142e+01
2.671700000000000e+11 4.479067112077087e+01 8.571372419767576e+01
2.675000000000000e+11 4.597298477783878e+01 8.556314547149304e+01
2.678300000000000e+11 4.723707515604739e+01 8.540066390933077e+01
2.681600000000000e+11 4.859165868198331e+01 8.522488244413969e+01
2.684900000000000e+11 5.004672575993484e+01 8.503428032138368e+01
2.688200000000000e+11 5.161380939906946e+01 8.482718798743687e+01
2.691500000000000e+11 5.330632076808516e+01 8.460174497314306e+01
2.694800000000000e+11 5.513996834056532e+01 8.435583704944774e+01
2.698100000000000e+11 5.713328286228402e+01 8.408700888258977e+01
2.701400000000000e+11 5.930827848589603e+01 8.379234805619056e+01
2.704700000000000e+11 6.169129224777105e+01 8.346833537372704e+01
2.708000000000000e+11 6.431406134430247e+01 8.311065441753043e+01
2.711300000000000e+11 6.721512303882619e+01 8.271394987233049e+01
2.714600000000000e+11 7.044165958432588e+01 8.227151832668753e+01
2.717900000000000e+11 7.405196675003138e+01 8.177490593371327e+01
2.721200000000000e+11 7.811880982201308e+01 8.121337251173608e+01
2.724500000000000e+11 8.273406241920740e+01 8.057315817320081e+01
2.727800000000000e+11 8.801522960975063e+01 7.983645079577130e+01
2.731100000000000e+11 9.411478554889096e+01 7.897989057286969e+01
2.734400000000000e+11 1.012337880773717e+02 7.797234301432655e+01
2.737700000000000e+11 1.096421033089124e+02 7.677148908368375e+01
2.741000000000000e+11 1.197089964033027e+02 7.531845262727207e+01
2.744300000000000e+11 1.319501098781381e+02 7.352907599585663e+01
2.747600000000000e+11 1.471001136810608e+02 7.127929502012579e+01
2.750900000000000e+11 1.662233807646630e+02 6.837982784197034e+01
2.754200000000000e+11 1.908696373395451e+02 6.453118079574452e+01
2.757500000000000e+11 2.232267559482716e+02 5.924316023818005e+01
2.760800000000000e+11 2.659393783503759e+02 5.169984759771383e+01
2.764100000000000e+11 3.201028075979144e+02 4.060475330552405e+01
2.767400000000000e+11 3.771223089810383e+02 2.440562765777927e+01
2.770700000000000e+11 4.059793103279507e+02 3.198249068250167e+00
2.774000000000000e+11 3.782812458591942e+02 -1.858127338423326e+01
2.777300000000000e+11 3.174116935680555e+02 -3.583935335507304e+01
2.780600000000000e+11 2.580162594433821e+02 -4.778457160690296e+01
2.783900000000000e+11 2.111489720306912e+02 -5.588109108192940e+01
2.787200000000000e+11 1.759048708447204e+02 -6.151787315711211e+01
2.790500000000000e+11 1.492907597608993e+02 -6.559123545277130e+01
2.793800000000000e+11 1.288039687647537e+02 -6.864036313625566e+01
2.797100000000000e+11 1.126837622455615e+02 -7.099282889672959e+01
2.800400000000000e+11 9.973269818119857e+01 -7.285409267582477e+01
2.803700000000000e+11 8.913234520473600e+01 -7.435774380608628e+01
2.807000000000000e+11 8.031345139497307e+01 -7.559367987506749e+01
2.810300000000000e+11 7.287168135483230e+01 -7.662431380677064e+01
2.813600000000000e+11 6.651370896860752e+01 -7.749420100090703e+01
2.816900000000000e+11 6.102244487027029e+01 -7.823594816634201e+01
2.820200000000000e+11 5.623423281009278e+01 -7.887395292437466e+01
2.823500000000000e+11 5.202360452826452e+01 -7.942683675946549e+01
2.826800000000000e+11 4.829288628731672e+01 -7.990906644921402e+01
2.830100000000000e+11 4.496497827391962e+01 -8.033205696045154e+01
2.833400000000000e+11 4.197824894397449e+01 -8.070493448383108e+01
2.836700000000000e+11 3.928286546720750e+01 -8.103507191493388e+01
2.840000000000000e+11 3.683811645609274e+01 -8.132846957684143e+01
2.843300000000000e+11 3.461043139126448e+01 -8.159002982716567e+01
2.846600000000000e+11 3.257189631439530e+01 -8.182375897206326e+01
2.849900000000000e+11 3.069912756241948e+01 -8.203291994180439e+01
2.853200000000000e+11 2.897240672728150e+01 -8.222015233611860e+01
2.856500000000000e+11 2.737500810623806e+01 -8.238757148948584e+01
2.859800000000000e+11 2.589266930144383e+01 -8.253685443671040e+01
2.863100000000000e+11 2.451316925846750e+01 -8.266931769581586e+01
2.866400000000000e+11 2.322598776598004e+01 -8.278598943317381e+01
2.869700000000000e+11 2.202202747678221e+01 -8.288767674369862e+01
2.873000000000000e+11 2.089338464218498e+01 -8.297502742796661e+01
2.876300000000000e+11 1.983315850329557e+01 -8.304858476004782e+01
2.879600000000000e+11 1.883529201298722e+01 -8.310883329854951e+01
2.882900000000000e+11 1.789443852316273e+01 -8.315623377326561e+01
2.886200000000000e+11 1.700585044663848e+01 -8.319124543863495e+01
2.889500000000000e+11 1.616528683036303e+01 -8.321433495951487e+01
2.892800000000000e+11 1.536893736682558e+01 -8.322597179751185e+01
2.896100000000000e+11 1.461336071446422e+01 -8.322661108869428e+01
2.899400000000000e+11 1.389543517352466e+01 -8.321666602166651e+01
2.902700000000000e+11 1.321231983854608e+01 -8.319647261024991e+01
2.906000000000000e+11 1.256142437970508e+01 -8.316625038933800e+01
2.909300000000000e+11 1.194038563903682e+01 -8.312606285400973e+01
2.912600000000000e+11 1.134704929798245e+01 -8.307578135785866e+01
2.915900000000000e+11 1.077945500030017e+01 -8.301505568051623e+01
2.919200000000000e+11 1.023582350605214e+01 -8.294329360568904e+01
2.922500000000000e+11 9.714544702864606e+00 -8.285965069732839e+01
2.925800000000000e+11 9.214165594849836e+00 -8.276303012386727e+01
2.929100000000000e+11 8.733377706091497e+00 -8.265209096902448e+01
2.932400000000000e+11 8.271003650239722e+00 -8.252526208558832e+01
2.935700000000000e+11 7.825982907041013e+00 -8.238075728097594e+01
2.939000000000000e+11 7.397357090257601e+00 -8.221658652870502e+01
2.942300000000000e+11 6.984255174121292e+00 -8.203055700445634e+01
2.945600000000000e+11 6.585879257887199e+00 -8.182025703712516e+01
2.948900000000000e+11 6.201491487015677e+00 -8.158301548493768e+01
2.952200000000000e+11 5.830402718048128e+00 -8.131582847307024e+01
2.955500000000000e+11 5.471963421142114e+00 -8.101524465502941e+01
2.958800000000000e+11 5.125557173791234e+00 -8.067719885643422e+01
2.962100000000000e+11 4.790596930544343e+00 -8.029678162134942e+01
2.965400000000000e+11 4.466524079779832e+00 -7.986792803914399e+01
2.968700000000000e+11 4.152810146215823e+00 -7.938300210594066e+01
2.972000000000000e+11 3.848960896024924e+00 -7.883224092186602e+01
2.975300000000000e+11 3.554522582488111e+00 -7.820300325277915e+01
2.978600000000000e+11 3.269090172661950e+00 -7.747873436795389e+01
2.981900000000000e+11 2.992317672667804e+00 -7.663750485283009e+01
2.985200000000000e+11 2.723931207474753e+00 -7.564988954068725e+01
2.988500000000000e+11 2.463746470919904e+00 -7.447579463936169e+01
2.991800000000000e+11 2.211693864129419e+00 -7.305956116989836e+01
2.995100000000000e+11 1.967857756677415e+00 -7.132216394447724e+01
2.998400000000000e+11 1.732542284135773e+00 -6.914837989722280e+01
3.001700000000000e+11 1.506388150700973e+00 -6.636502857010652e+01
3.005000000000000e+11 1.290590242795740e+00 -6.270316800932738e+01
3.008300000000000e+11 1.087320091878431e+00 -5.773213955409701e+01
3.011600000000000e+11 9.005675592493152e-01 -5.075115296893128e+01
3.014900000000000e+11 7.377762534875703e-01 -4.066017383148586e+01
3.018200000000000e+11 6.124150512641616e-01 -2.607055665412923e+01
3.021500000000000e+11 5.446261471946534e-01 -6.590638632041396e+00
3.024800000000000e+11 5.503145375726541e-01 1.467023723843538e+01
3.028100000000000e+11 6.229125738162431e-01 3.271753714880344e+01
3.031400000000000e+11 7.394998397730040e-01 4.574036314126032e+01
3.034700000000000e+11 8.800636042206064e-01 5.471281618355021e+01
3.038000000000000e+11 1.032728927774431e+00 6.098525812435006e+01
3.041300000000000e+11 1.191153010966408e+00 6.551703644775992e+01
3.044600000000000e+11 1.351940458017064e+00 6.890527091748025e+01
3.047900000000000e+11 1.513212134243402e+00 7.151690139866159e+01
3.051200000000000e+11 1.673888572339289e+00 7.358254373756675e+01
3.054500000000000e+11 1.833328228007447e+00 7.525184504890989e+01
3.057800000000000e+11 1.991138054743554e+00 7.662516837068141e+01
3.061100000000000e+11 2.147070420633255e+00 7.777196715375162e+01
3.064400000000000e+11 2.300965345233031e+00 7.874172265768635e+01
3.067700000000000e+11 2.452717669975344e+00 7.957064396925520e+01
3.071000000000000e+11 2.602258490953790e+00 8.028588570982677e+01
3.074300000000000e+11 2.749544937010170e+00 8.090826837946015e+01
3.077600000000000e+11 2.894554811175062e+00 8.145407015767529e+01
3.080900000000000e+11 3.037283931523934e+00 8.193622877465023e+01
3.084200000000000e+11 3.177744772567550e+00 8.236516118376773e+01
3.087500000000000e+11 3.315965492616136e+00 8.274933216540153e+01
3.090800000000000e+11 3.451988769429717e+00 8.309565678412642e+01
3.094100000000000e+11 3.585870120620182e+00 8.340979284746913e+01
3.097400000000000e+11 3.717675586532784e+00 8.369636098303553e+01
3.100700000000000e+11 3.847478813662826e+00 8.395911759295731e+01
3.104000000000000e+11 3.975357699163447e+00 8.420109742114728e+01
3.107300000000000e+11 4.101390841137067e+00 8.442473642376449e+01
3.110600000000000e+11 4.225654084115141e+00 8.463198127728720e+01
3.113900000000000e+11 4.348217454746482e+00 8.482438873128730e+01
3.117200000000000e+11 4.469142752018441e+00 8.500321584060846e+01
3.120500000000000e+11 4.588481994909917e+00 8.516950071981006e+01
3.123800000000000e+11 4.706276846388468e+00 8.532413272327375e+01
3.127100000000000e+11 4.822559036140762e+00 8.546791075368243e+01
3.130400000000000e+11 4.937351706240140e+00 8.560158862552616e+01
3.133700000000000e+11 5.050671514683660e+00 8.572590693957606e+01
3.137000000000000e+11 5.162531260562474e+00 8.584161163752412e+01
3.140300000000000e+11 5.272942748494169e+00 8.594946018639499e+01
3.143600000000000e+11 5.381919592944638e+00 8.605021708523320e+01
3.146900000000000e+11 5.489479676221878e+00 8.614464100574831e+01
3.150200000000000e+11 5.595647015266112e+00 8.623346631042556e+01
3.153500000000000e+11 5.700452857238176e+00 8.631738189677775e+01
3.156800000000000e+11 5.803935905536658e+00 8.639701027954288e+01
3.160100000000000e+11 5.906141667987274e+00 8.647288955085911e+01
3.163400000000000e+11 6.007121008567503e+00 8.654546037902789e+01
3.166700000000000e+11 6.106928064299638e+00 8.661505956391647e+01
3.170000000000000e+11 6.205617751925898e+00 8.668192091963407e+01
3.173300000000000e+11 6.303243128469203e+00 8.674618347045180e+01
3.176600000000000e+11 6.399852881911806e+00 8.680790619537527e+01
3.179900000000000e+11 6.495489211932969e+00 8.686708790899314e+01
3.183200000000000e+11 6.590186317805948e+00 8.692369038014547e+01
3.186500000000000e+11 6.683969645803396e+00 8.697766250852879e+01
3.189800000000000e+11 6.776855968713545e+00 8.702896332433018e+01
3.193100000000000e+11 6.868854283733865e+00 8.707758174579844e+01
3.196400000000000e+11 6.959967431083601e+00 8.712355139964956e+01
3.199700000000000e+11 7.050194262738820e+00 8.716695933518538e+01
3.203000000000000e+11 7.139532136038257e+00 8.720794808684600e+01
3.206300000000000e+11 7.227979475800844e+00 8.724671119645323e+01
3.209600000000000e+11 7.315538143837392e+00 8.728348293066679e+01
3.212900000000000e+11 7.402215376444166e+00 8.731852346252660e+01
3.216200000000000e+11 7.488025096154417e+00 8.735210118125953e+01
3.219500000000000e+11 7.572988468909791e+00 8.738447401931653e+01
3.222800000000000e+11 7.657133655295042e+00 8.741587172410708e+01
3.226100000000000e+11 7.740494786778193e+00 8.744648085528860e+01
3.229400000000000e+11 7.823110276767316e+00 8.747643397454222e+01
3.232700000000000e+11 7.905020643838979e+00 8.750580404600595e+01
3.236000000000000e+11 7.986266073873266e+00 8.753460452659243e+01
3.239300000000000e+11 8.066883974035671e+00 8.756279504934292e+01
3.242600000000000e+11 8.146906771853171e+00 8.759029204632151e+01
3.245900000000000e+11 8.226360186998139e+00 8.761698317516441e+01
3.249200000000000e+11 8.305262154442206e+00 8.764274405251113e+01
3.252500000000000e+11 8.383622510438281e+00 8.766745559282924e+01
3.255800000000000e+11 8.461443474297285e+00 8.769102022083945e+01
3.259100000000000e+11 8.538720877251555e+00 8.771337536971049e+01
3.262400000000000e+11 8.615446013230068e+00 8.773450297729529e+01
3.265700000000000e+11 8.691607922882314e+00 8.775443411517243e+01
3.269000000000000e+11 8.767195878049121e+00 8.777324838505064e+01
3.272300000000000e+11 8.842201813443641e+00 8.779106824283561e+01
3.275600000000000e+11 8.916622457518159e+00 8.780804891028581e+01
3.278900000000000e+11 8.990460944741969e+00 8.782436495986697e+01
3.282200000000000e+11 9.063727743756628e+00 8.784019497081336e+01
3.285500000000000e+11 9.136440804908132e+00 8.785570582572679e+01
3.288800000000000e+11 9.208624909653821e+00 8.787103823305590e+01
3.292100000000000e+11 9.280310285470110e+00 8.788629492171684e+01
3.295400000000000e+11 9.351530625030952e+00 8.790153267445370e+01
3.298700000000000e+11 9.422320709985721e+00 8.791675897399334e+01
3.302000000000000e+11 9.492713881298378e+00 8.793193356913957e+01
3.305300000000000e+11 9.562739615401121e+00 8.794697477275484e+01
3.308600000000000e+11 9.632421456386743e+00 8.796176982941635e+01
3.311900000000000e+11 9.701775519807612e+00 8.797618828497829e+01
3.315200000000000e+11 9.770809726723316e+00 8.799009699423250e+01
3.318500000000000e+11 9.839523853132356e+00 8.800337524594519e+01
3.321800000000000e+11 9.907910397264194e+00 8.801592848190128e+01
3.325100000000000e+11 9.975956183792626e+00 8.802769923718695e+01
3.328400000000000e+11 1.004364454832415e+01 8.803867421600323e+01
3.331700000000000e+11 1.011095788518969e+01 8.804888681040514e+01
3.335000000000000e+11 1.017788030273449e+01 8.805841482807442e+01
3.338300000000000e+11 1.024440011692173e+01 8.806737367355174e+01
3.341600000000000e+11 1.031051192760095e+01 8.807590567841805e+01
3.344900000000000e+11 1.037621806108325e+01 8.808416665640692e+01
3.348200000000000e+11 1.044152922405615e+01 8.809231103337351e+01
3.351500000000000e+11 1.050646429153981e+01 8.810047704367585e+01
3.354800000000000e+11 1.057104923806686e+01 8.810877348042125e+01
3.358100000000000e+11 1.063531530811658e+01 8.811726933712845e+01
3.361400000000000e+11 1.069929660041262e+01 8.812598739622773e+01
3.364700000000000e+11 1.076302730299001e+01 8.813490243168226e+01
3.368000000000000e+11 1.082653885538810e+01 8.814394423582264e+01
3.371300000000000e+11 1.088985732652109e+01 8.815300519873588e+01
3.374600000000000e+11 1.095300127998381e+01 8.816195171005675e+01
3.377900000000000e+11 1.101598035395898e+01 8.817063826417606e+01
3.381200000000000e+11 1.107879471457231e+01 8.817892287055933e+01
3.384500000000000e+11 1.114143545605288e+01 8.818668223005012e+01
3.387800000000000e+11 1.120388592677651e+01 8.819382515046588e+01
3.391100000000000e+11 1.126612386654806e+01 8.820030283951380e+01
3.394400000000000e+11 1.132812415667055e+01 8.820611501356268e+01
3.397700000000000e+11 1.138986191886030e+01 8.821131116724858e+01
3.401000000000000e+11 1.145131565858369e+01 8.821598682132978e+01
3.404300000000000e+11 1.151247013720477e+01 8.822027505904606e+01
3.407600000000000e+11 1.157331867699746e+01 8.822433412742826e+01
3.410900000000000e+11 1.163386465224876e+01 8.822833227549518e+01
3.414200000000000e+11 1.169412199422731e+01 8.823243128852666e+01
3.417500000000000e+11 1.175411463111922e+01 8.823677032864812e+01
3.420800000000000e+11 1.181387488760915e+01 8.824145169072530e+01
3.424100000000000e+11 1.187344097285956e+01 8.824652992634960e+01
3.427400000000000e+11 1.193285378009554e+01 8.825200548889119e+01
3.430700000000000e+11 1.199215329630018e+01 8.825782363437337e+01
3.434000000000000e+11 1.205137496868529e+01 8.826387881358995e+01
3.437300000000000e+11 1.211054639003790e+01 8.827002425704458e+01
3.440600000000000e+11 1.216968464529301e+01 8.827608593748184e+01
3.443900000000000e+11 1.222879460769989e+01 8.828187964649443e+01
3.447200000000000e+11 1.228786838918038e+01 8.828722958755580e+01
3.450500000000000e+11 1.234688604339785e+01 8.829198670275792e+01
3.453800000000000e+11 1.240581750147320e+01 8.829604493455865e+01
3.457100000000000e+11 1.246462560033873e+01 8.829935378014949e+01
3.460400000000000e+11 1.252326995376268e+01 8.830192581082696e+01
3.463700000000000e+11 1.258171132661689e+01 8.830383827313558e+01
3.467000000000000e+11 1.263991611266479e+01 8.830522842204356e+01
3.470300000000000e+11 1.269786049116249e+01 8.830628281109944e+01
3.473600000000000e+11 1.275553385097219e+01 8.830722132958927e+01
3.476900000000000e+11 1.281294112248274e+01 8.830827728258201e+01
3.480200000000000e+11 1.287010374393064e+01 8.830967521170557e+01
3.483500000000000e+11 1.292705910310998e+01 8.831160841584226e+01
3.486800000000000e+11 1.298385842869832e+01 8.831421822544475e+01
3.490100000000000e+11 1.304056324618929e+01 8.831757699855019e+01
3.493400000000000e+11 1.309724064922491e+01 8.832167654196392e+01
3.496700000000000e+11 1.315395775533862e+01 8.832642323441399e+01
3.500000000000000e+11 1.321077580417979e+01 8.833164057216341e+01
