2.000000000000000e+10 2.201603479465872e+01 -9.006543446503584e+01
2.033000000000000e+10 2.161893217863118e+01 -9.006647868743596e+01
2.066000000000000e+10 2.123387195340758e+01 -9.006752576187925e+01
2.099000000000000e+10 2.086028562560347e+01 -9.006857578195248e+01
2.132000000000000e+10 2.049763990633833e+01 -9.006962863233096e+01
2.165000000000000e+10 2.014543404632109e+01 -9.007068400511763e+01
2.198000000000000e+10 1.980319740842731e+01 -9.007174142846667e+01
2.231000000000000e+10 1.947048725225960e+01 -9.007280030512912e+01
2.264000000000000e+10 1.914688670841657e+01 -9.007385995798835e+01
2.297000000000000e+10 1.883200292305389e+01 -9.007491967926789e+01
2.330000000000000e+10 1.852546535581487e+01 -9.007597877998028e+01
2.363000000000000e+10 1.822692421639074e+01 -9.007703663627277e+01
2.396000000000000e+10 1.793604902684530e+01 -9.007809272964981e+01
2.429000000000000e+10 1.765252729845333e+01 -9.007914667854575e+01
2.462000000000000e+10 1.737606331315552e+01 -9.008019825940080e+01
2.495000000000000e+10 1.710637700087567e+01 -9.008124741613071e+01
2.528000000000000e+10 1.684320290488099e+01 -9.008229425771083e+01
2.561000000000000e+10 1.658628922813434e+01 -9.008333904438788e+01
2.594000000000000e+10 1.633539695421110e+01 -9.008438216379342e+01
2.627000000000000e+10 1.609029903685128e+01 -9.008542409886377e+01
2.660000000000000e+10 1.585077965263217e+01 -9.008646538997918e+01
2.693000000000000e+10 1.561663351158251e+01 -9.008750659405320e+01
2.726000000000000e+10 1.538766522085588e+01 -9.008854824344087e+01
2.759000000000000e+10 1.516368869684575e+01 -9.008959080746347e+01
2.792000000000000e+10 1.494452662138183e+01 -9.009063465911062e+01
2.825000000000000e+10 1.473000993790303e+01 -9.009168004906361e+01
2.858000000000000e+10 1.451997738377413e+01 -9.009272708863335e+01
2.891000000000000e+10 1.431427505519323e+01 -9.009377574257482e+01
2.924000000000000e+10 1.411275600144206e+01 -9.009482583204590e+01
2.957000000000000e+10 1.391527984554629e+01 -9.009587704729039e+01
2.990000000000000e+10 1.372171242873978e+01 -9.009692896896932e+01
3.023000000000000e+10 1.353192547645948e+01 -9.009798109651904e+01
3.056000000000000e+10 1.334579628392162e+01 -9.009903288145688e+01
3.089000000000000e+10 1.316320741964579e+01 -9.010008376327323e+01
3.122000000000000e+10 1.298404644558272e+01 -9.010113320542359e+01
3.155000000000000e+10 1.280820565276229e+01 -9.010218072896610e+01
3.188000000000000e+10 1.263558181160374e+01 -9.010322594160856e+01
3.221000000000000e+10 1.246607593621055e+01 -9.010426856027077e+01
3.254000000000000e+10 1.229959306211094e+01 -9.010530842575416e+01
3.287000000000000e+10 1.213604203699829e+01 -9.010634550865259e+01
3.320000000000000e+10 1.197533532407417e+01 -9.010737990626511e+01
3.353000000000000e+10 1.181738881760939e+01 -9.010841183087233e+01
3.386000000000000e+10 1.166212167031585e+01 -9.010944159031452e+01
3.419000000000000e+10 1.150945613207423e+01 -9.011046956232754e+01
3.452000000000000e+10 1.135931739949877e+01 -9.011149616447749e+01
3.485000000000000e+10 1.121163347574634e+01 -9.011252182181052e+01
3.518000000000000e+10 1.106633503990495e+01 -9.011354693445740e+01
3.551000000000000e+10 1.092335532523227e+01 -9.011457184739274e+01
3.584000000000000e+10 1.078263000546249e+01 -9.011559682438093e+01
3.617000000000000e+10 1.064409708837525e+01 -9.011662202781713e+01
3.650000000000000e+10 1.050769681580995e+01 -9.011764750575432e+01
3.683000000000000e+10 1.037337156933221e+01 -9.011867318689927e+01
3.716000000000000e+10 1.024106578080466e+01 -9.011969888380955e+01
3.749000000000000e+10 1.011072584718122e+01 -9.012072430396482e+01
3.782000000000000e+10 9.982300048936020e+00 -9.012174906785620e+01
3.815000000000000e+10 9.855738471638512e+00 -9.012277273277329e+01
3.848000000000000e+10 9.730992930300616e+00 -9.012379482059350e+01
3.881000000000000e+10 9.608016896235231e+00 -9.012481484763548e+01
3.914000000000000e+10 9.486765426277092e+00 -9.012583235451231e+01
3.947000000000000e+10 9.367195094316182e+00 -9.012684693395097e+01
3.980000000000000e+10 9.249263925180939e+00 -9.012785825469695e+01
4.013000000000000e+10 9.132931330973053e+00 -9.012886607992138e+01
4.046000000000000e+10 9.018158050000684e+00 -9.012987027891896e+01
4.079000000000000e+10 8.904906088475697e+00 -9.013087083137349e+01
4.112000000000000e+10 8.793138665140177e+00 -9.013186782395888e+01
4.145000000000000e+10 8.682820158959743e+00 -9.013286143958157e+01
4.178000000000000e+10 8.573916059982034e+00 -9.013385194005549e+01
4.211000000000000e+10 8.466392923398185e+00 -9.013483964344536e+01
4.244000000000000e+10 8.360218326780679e+00 -9.013582489765876e+01
4.277000000000000e+10 8.255360830399470e+00 -9.013680805211348e+01
4.310000000000000e+10 8.151789940447690e+00 -9.013778942942027e+01
4.343000000000000e+10 8.049476074946188e+00 -9.013876929899641e+01
4.376000000000000e+10 7.948390532042387e+00 -9.013974785439608e+01
4.409000000000000e+10 7.848505460381040e+00 -9.014072519585616e+01
4.442000000000000e+10 7.749793831203124e+00 -9.014170131921212e+01
4.475000000000000e+10 7.652229411825028e+00 -9.014267611187928e+01
4.508000000000000e+10 7.555786740165377e+00 -9.014364935612603e+01
4.541000000000000e+10 7.460441100018600e+00 -9.014462073935927e+01
4.574000000000000e+10 7.366168496819583e+00 -9.014558987067142e+01
4.607000000000000e+10 7.272945633702270e+00 -9.014655630248022e+01
4.640000000000000e+10 7.180749887718722e+00 -9.014751955574701e+01
4.673000000000000e+10 7.089559286154002e+00 -9.014847914703331e+01
4.706000000000000e+10 6.999352482938239e+00 -9.014943461553216e+01
4.739000000000000e+10 6.910108735217890e+00 -9.015038554822380e+01
4.772000000000000e+10 6.821807880200729e+00 -9.015133160144248e+01
4.805000000000000e+10 6.734430312427689e+00 -9.015227251738825e+01
4.838000000000000e+10 6.647956961649949e+00 -9.015320813447076e+01
4.871000000000000e+10 6.562369271499414e+00 -9.015413839078792e+01
4.904000000000000e+10 6.477649179134114e+00 -9.015506332051656e+01
4.937000000000000e+10 6.393779096019833e+00 -9.015598304346901e+01
4.970000000000000e+10 6.310741889975835e+00 -9.015689774853388e+01
5.003000000000000e+10 6.228520868569344e+00 -9.015780767213025e+01
5.036000000000000e+10 6.147099763893618e+00 -9.015871307314183e+01
5.069000000000000e+10 6.066462718711087e+00 -9.015961420603222e+01
5.102000000000000e+10 5.986594273892074e+00 -9.016051129396295e+01
5.135000000000000e+10 5.907479357030029e+00 -9.016140450373054e+01
5.168000000000000e+10 5.829103272075299e+00 -9.016229392421857e+01
5.201000000000000e+10 5.751451689798652e+00 -9.016317954981569e+01
5.234000000000000e+10 5.674510638877091e+00 -9.016406126991755e+01
5.267000000000000e+10 5.598266497389948e+00 -9.016493886521167e+01
5.300000000000000e+10 5.522705984520326e+00 -9.016581201099287e+01
5.333000000000000e+10 5.447816152277071e+00 -9.016668028726914e+01
5.366000000000000e+10 5.373584377083656e+00 -9.016754319496552e+01
5.399000000000000e+10 5.299998351118524e+00 -9.016840017711148e+01
5.432000000000000e+10 5.227046073337588e+00 -9.016925064355746e+01
5.465000000000000e+10 5.154715840155674e+00 -9.017009399752160e+01
5.498000000000000e+10 5.082996235811468e+00 -9.017092966213458e+01
5.531000000000000e+10 5.011876122483006e+00 -9.017175710514083e+01
5.564000000000000e+10 4.941344630258082e+00 -9.017257586003069e+01
5.597000000000000e+10 4.871391147090984e+00 -9.017338554210217e+01
5.630000000000000e+10 4.802005308895875e+00 -9.017418585828565e+01
5.663000000000000e+10 4.733176989932137e+00 -9.017497660997667e+01
5.696000000000000e+10 4.664896293633259e+00 -9.017575768857496e+01
5.729000000000000e+10 4.597153544014160e+00 -9.017652906392429e+01
5.762000000000000e+10 4.529939277767127e+00 -9.017729076631112e+01
5.795000000000000e+10 4.463244237123980e+00 -9.017804286312308e+01
5.828000000000000e+10 4.397059363523410e+00 -9.017878543162004e+01
5.861000000000000e+10 4.331375792083453e+00 -9.017951852954843e+01
5.894000000000000e+10 4.266184846837408e+00 -9.018024216548278e+01
5.927000000000000e+10 4.201478036655912e+00 -9.018095627080326e+01
5.960000000000000e+10 4.137247051745233e+00 -9.018166067513746e+01
5.993000000000000e+10 4.073483760587940e+00 -9.018235508686581e+01
6.026000000000000e+10 4.010180207177108e+00 -9.018303907997620e+01
6.059000000000000e+10 3.947328608388828e+00 -9.018371208813846e+01
6.092000000000000e+10 3.884921351342991e+00 -9.018437340639741e+01
6.125000000000000e+10 3.822950990615925e+00 -9.018502220038431e+01
6.158000000000000e+10 3.761410245190086e+00 -9.018565752243720e+01
6.191000000000000e+10 3.700291995056290e+00 -9.018627833356004e+01
6.224000000000000e+10 3.639589277416512e+00 -9.018688352974090e+01
6.257000000000000e+10 3.579295282472043e+00 -9.018747197083745e+01
6.290000000000000e+10 3.519403348818051e+00 -9.018804251003401e+01
6.323000000000000e+10 3.459906958499308e+00 -9.018859402180350e+01
6.356000000000000e+10 3.400799731810693e+00 -9.018912542634995e+01
6.389000000000000e+10 3.342075421950075e+00 -9.018963570869975e+01
6.422000000000000e+10 3.283727909645394e+00 -9.019012393090443e+01
6.455000000000000e+10 3.225751197885058e+00 -9.019058923621949e+01
6.488000000000000e+10 3.168139406878243e+00 -9.019103084459395e+01
6.521000000000000e+10 3.110886769361427e+00 -9.019144803932997e+01
6.554000000000000e+10 3.053987626348855e+00 -9.019184014529682e+01
6.587000000000000e+10 2.997436423400419e+00 -9.019220649959625e+01
6.620000000000000e+10 2.941227707451346e+00 -9.019254641602900e+01
6.653000000000000e+10 2.885356124216136e+00 -9.019285914508431e+01
6.686000000000000e+10 2.829816416147772e+00 -9.019314383142824e+01
6.719000000000000e+10 2.774603420902429e+00 -9.019339947101527e+01
6.752000000000000e+10 2.719712070233455e+00 -9.019362486991949e+01
6.785000000000000e+10 2.665137389216948e+00 -9.019381860687108e+01
6.818000000000000e+10 2.610874495696443e+00 -9.019397900117004e+01
6.851000000000000e+10 2.556918599826980e+00 -9.019410408728353e+01
6.884000000000000e+10 2.503265003599108e+00 -9.019419159692519e+01
6.917000000000000e+10 2.449909100231432e+00 -9.019423894885747e+01
6.950000000000000e+10 2.396846373335307e+00 -9.019424324605653e+01
6.983000000000000e+10 2.344072395775856e+00 -9.019420127928130e+01
7.016000000000000e+10 2.291582828178967e+00 -9.019410953551399e+01
7.049000000000000e+10 2.239373417060911e+00 -9.019396420923083e+01
7.082000000000000e+10 2.187439992586821e+00 -9.019376121404197e+01
7.115000000000000e+10 2.135778465990767e+00 -9.019349619193933e+01
7.148000000000000e+10 2.084384826715234e+00 -9.019316451719374e+01
7.181000000000000e+10 2.033255139348242e+00 -9.019276129191145e+01
7.214000000000000e+10 1.982385540450473e+00 -9.019228133031633e+01
7.247000000000000e+10 1.931772235373582e+00 -9.019171912900974e+01
7.280000000000000e+10 1.881411495171878e+00 -9.019106882074004e+01
7.313000000000000e+10 1.831299653704218e+00 -9.019032410952748e+01
7.346000000000000e+10 1.781433105011624e+00 -9.018947818531488e+01
7.379000000000000e+10 1.731808301038242e+00 -9.018852361663781e+01
7.412000000000000e+10 1.682421749742856e+00 -9.018745221998971e+01
7.445000000000000e+10 1.633270013623505e+00 -9.018625490462614e+01
7.478000000000000e+10 1.584349708652744e+00 -9.018492149139449e+01
7.511000000000000e+10 1.535657503596625e+00 -9.018344050374209e+01
7.544000000000000e+10 1.487190119667975e+00 -9.018179892825486e+01
7.577000000000000e+10 1.438944330445563e+00 -9.017998194084019e+01
7.610000000000000e+10 1.390916961976917e+00 -9.017797259290359e+01
7.643000000000000e+10 1.343104892973719e+00 -9.017575144939430e+01
7.676000000000000e+10 1.295505055006735e+00 -9.017329616731901e+01
7.709000000000000e+10 1.248114432610513e+00 -9.017058099897304e+01
7.742000000000000e+10 1.200930063217894e+00 -9.016757619837105e+01
7.775000000000000e+10 1.153949036859228e+00 -9.016424730179384e+01
7.808000000000000e+10 1.107168495579503e+00 -9.016055424319453e+01
7.841000000000000e+10 1.060585632548845e+00 -9.015645025156154e+01
7.874000000000000e+10 1.014197690864675e+00 -9.015188045857001e+01
7.907000000000000e+10 9.680019620670778e-01 -9.014678011876306e+01
7.940000000000000e+10 9.219957844107113e-01 -9.014107230751699e+01
7.973000000000000e+10 8.761765409558587e-01 -9.013466490864398e+01
8.006000000000000e+10 8.305416575567028e-01 -9.012744662495777e+01
8.039000000000000e+10 7.850886008363763e-01 -9.011928162733750e+01
8.072000000000000e+10 7.398148762456302e-01 -9.011000227738299e+01
8.105000000000000e+10 6.947180263054857e-01 -9.009939907617894e+01
8.138000000000000e+10 6.497956291360014e-01 -9.008720653822806e+01
8.171000000000000e+10 6.050452973761047e-01 -9.007308294211364e+01
8.204000000000000e+10 5.604646776086910e-01 -9.005658063972248e+01
8.237000000000000e+10 5.160514504317320e-01 -9.003710137455597e+01
8.270000000000000e+10 4.718033313778072e-01 -9.001382698383112e+01
8.303000000000000e+10 4.277180730236349e-01 -8.998560807376832e+01
8.336000000000000e+10 3.837934689310413e-01 -8.995077759048185e+01
8.369000000000000e+10 3.400273607314256e-01 -8.990682267216438e+01
8.402000000000000e+10 2.964176512370376e-01 -8.984977083033021e+01
8.435000000000000e+10 2.529623304620598e-01 -8.977295101890343e+01
8.468000000000000e+10 2.096595328184250e-01 -8.966423495998029e+01
8.501000000000000e+10 1.665076814759913e-01 -8.949902489355182e+01
8.534000000000000e+10 1.235059310316846e-01 -8.921869058011889e+01
8.567000000000000e+10 8.065601293997790e-02 -8.864062122957550e+01
8.600000000000000e+10 3.797648982174297e-02 -8.676386553396132e+01
8.633000000000000e+10 5.230135998814776e-03 6.298939570209686e+01
8.666000000000000e+10 4.716748255169242e-02 8.683050344277171e+01
8.699000000000000e+10 8.943816577055345e-02 8.817930175358308e+01
8.732000000000000e+10 1.315905084810188e-01 8.866034442596583e+01
8.765000000000000e+10 1.736133452095443e-01 8.890673602020551e+01
8.798000000000000e+10 2.155056494097224e-01 8.905620372872505e+01
8.831000000000000e+10 2.572682184952979e-01 8.915633047530689e+01
8.864000000000000e+10 2.989023754686216e-01 8.922793431680988e+01
8.897000000000000e+10 3.404096322136032e-01 8.928156724753791e+01
8.930000000000000e+10 3.817915754884024e-01 8.932314903804773e+01
8.963000000000000e+10 4.230498212623280e-01 8.935625784764876e+01
8.996000000000000e+10 4.641859941420556e-01 8.938318385287081e+01
9.029000000000000e+10 5.052017171853103e-01 8.940546086464279e+01
9.062000000000000e+10 5.460986063676579e-01 8.942415464981174e+01
9.095000000000000e+10 5.868782672295649e-01 8.944002865850175e+01
9.128000000000000e+10 6.275422925623518e-01 8.945364395639790e+01
9.161000000000000e+10 6.680922605894413e-01 8.946542195599616e+01
9.194000000000000e+10 7.085297333903728e-01 8.947568517089719e+01
9.227000000000000e+10 7.488562554655700e-01 8.948468449101725e+01
9.260000000000000e+10 7.890733524214812e-01 8.949261791786681e+01
9.293000000000000e+10 8.291825297989406e-01 8.949964373278256e+01
9.326000000000000e+10 8.691852720883889e-01 8.950588994302187e+01
9.359000000000000e+10 9.090830419820951e-01 8.951146118179976e+01
9.392000000000000e+10 9.488772799092273e-01 8.951644383019052e+01
9.425000000000000e+10 9.885694038887858e-01 8.952090987312701e+01
9.458000000000000e+10 1.028160809719462e+00 8.952491983802267e+01
9.491000000000000e+10 1.067652871506483e+00 8.952852505745180e+01
9.524000000000000e+10 1.107046942505944e+00 8.953176942612697e+01
9.557000000000000e+10 1.146344356247296e+00 8.953469077424472e+01
9.590000000000000e+10 1.185546427877621e+00 8.953732194623993e+01
9.623000000000000e+10 1.224654455657008e+00 8.953969165108316e+01
9.656000000000000e+10 1.263669722524823e+00 8.954182513403455e+01
9.689000000000000e+10 1.302593497651586e+00 8.954374470831507e+01
9.722000000000000e+10 1.341427037892373e+00 8.954547017673349e+01
9.755000000000000e+10 1.380171589063367e+00 8.954701916717281e+01
9.788000000000000e+10 1.418828386974755e+00 8.954840740115625e+01
9.821000000000000e+10 1.457398658168457e+00 8.954964891107345e+01
9.854000000000000e+10 1.495883620328728e+00 8.955075621874792e+01
9.887000000000000e+10 1.534284482354324e+00 8.955174048560461e+01
9.920000000000000e+10 1.572602444103483e+00 8.955261164262930e+01
9.953000000000000e+10 1.610838695844091e+00 8.955337850653352e+01
9.986000000000000e+10 1.648994417461004e+00 8.955404888691362e+01
1.001900000000000e+11 1.687070777488473e+00 8.955462968781957e+01
1.005200000000000e+11 1.725068932047462e+00 8.955512700586178e+01
1.008500000000000e+11 1.762990023773912e+00 8.955554622594239e+01
1.011800000000000e+11 1.800835180825062e+00 8.955589211476884e+01
1.015100000000000e+11 1.838605516045847e+00 8.955616891159801e+01
1.018400000000000e+11 1.876302126366881e+00 8.955638041513920e+01
1.021700000000000e+11 1.913926092490490e+00 8.955653006517345e+01
1.025000000000000e+11 1.951478478901834e+00 8.955662101733601e+01
1.028300000000000e+11 1.988960334220480e+00 8.955665620949193e+01
1.031600000000000e+11 2.026372691884822e+00 8.955663841834705e+01
1.034900000000000e+11 2.063716571139147e+00 8.955657030523470e+01
1.038200000000000e+11 2.100992978271888e+00 8.955645445044858e+01
1.041500000000000e+11 2.138202908036870e+00 8.955629337597175e+01
1.044800000000000e+11 2.175347345175113e+00 8.955608955698139e+01
1.048100000000000e+11 2.212427265948044e+00 8.955584542301980e+01
1.051400000000000e+11 2.249443639590457e+00 8.955556335019764e+01
1.054700000000000e+11 2.286397429596183e+00 8.955524564619655e+01
1.058000000000000e+11 2.323289594759739e+00 8.955489453014690e+01
1.061300000000000e+11 2.360121089912657e+00 8.955451210962850e+01
1.064600000000000e+11 2.396892866312929e+00 8.955410035709924e+01
1.067900000000000e+11 2.433605871669220e+00 8.955366108797779e+01
1.071200000000000e+11 2.470261049805658e+00 8.955319594238136e+01
1.074500000000000e+11 2.506859339996856e+00 8.955270637220413e+01
1.077800000000000e+11 2.543401676026467e+00 8.955219363479048e+01
1.081100000000000e+11 2.579888985040330e+00 8.955165879397079e+01
1.084400000000000e+11 2.616322186280976e+00 8.955110272869528e+01
1.087700000000000e+11 2.652702189798612e+00 8.955052614897757e+01
1.091000000000000e+11 2.689029895236165e+00 8.954992961835056e+01
1.094300000000000e+11 2.725306190782310e+00 8.954931358159847e+01
1.097600000000000e+11 2.761531952375465e+00 8.954867839617849e+01
1.100900000000000e+11 2.797708043225581e+00 8.954802436549635e+01
1.104200000000000e+11 2.833835313699975e+00 8.954735177208497e+01
1.107500000000000e+11 2.869914601594150e+00 8.954666090873651e+01
1.110800000000000e+11 2.905946732783249e+00 8.954595210578876e+01
1.114100000000000e+11 2.941932522223224e+00 8.954522575300459e+01
1.117400000000000e+11 2.977872775246206e+00 8.954448231485094e+01
1.120700000000000e+11 3.013768289074299e+00 8.954372233841130e+01
1.124000000000000e+11 3.049619854459162e+00 8.954294645363969e+01
1.127300000000000e+11 3.085428257345756e+00 8.954215536616381e+01
1.130600000000000e+11 3.121194280454965e+00 8.954134984331949e+01
1.133900000000000e+11 3.156918704684389e+00 8.954053069452837e+01
1.137200000000000e+11 3.192602310237363e+00 8.953969874748523e+01
1.140500000000000e+11 3.228245877408049e+00 8.953885482187451e+01
1.143800000000000e+11 3.263850186973044e+00 8.953799970248350e+01
1.147100000000000e+11 3.299416020165860e+00 8.953713411358346e+01
1.150400000000000e+11 3.334944158239527e+00 8.953625869636004e+01
1.153700000000000e+11 3.370435381650592e+00 8.953537399093543e+01
1.157000000000000e+11 3.405890468924201e+00 8.953448042421655e+01
1.160300000000000e+11 3.441310195282643e+00 8.953357830438776e+01
1.163600000000000e+11 3.476695331136934e+00 8.953266782241893e+01
1.166900000000000e+11 3.512046640551874e+00 8.953174906048029e+01
1.170200000000000e+11 3.547364879797707e+00 8.953082200669735e+01
1.173500000000000e+11 3.582650796097133e+00 8.952988657523679e+01
1.176800000000000e+11 3.617905126664013e+00 8.952894263037999e+01
1.180100000000000e+11 3.653128598110997e+00 8.952799001295884e+01
1.183400000000000e+11 3.688321926278446e+00 8.952702856739079e+01
1.186700000000000e+11 3.723485816508393e+00 8.952605816750676e+01
1.190000000000000e+11 3.758620964356192e+00 8.952507873945936e+01
1.193300000000000e+11 3.793728056702039e+00 8.952409028020443e+01
1.196600000000000e+11 3.828807773195961e+00 8.952309287035300e+01
1.199900000000000e+11 3.863860787945069e+00 8.952208668057723e+01
1.203200000000000e+11 3.898887771334230e+00 8.952107197119786e+01
1.206500000000000e+11 3.933889391860071e+00 8.952004908504453e+01
1.209800000000000e+11 3.968866317855176e+00 8.951901843413771e+01
1.213100000000000e+11 4.003819218985645e+00 8.951798048116400e+01
1.216400000000000e+11 4.038748767419332e+00 8.951693571706896e+01
1.219700000000000e+11 4.073655638583496e+00 8.951588463635154e+01
1.223000000000000e+11 4.108540511458133e+00 8.951482771180729e+01
1.226300000000000e+11 4.143404068383797e+00 8.951376537048715e+01
1.229600000000000e+11 4.178246994395883e+00 8.951269797257012e+01
1.232900000000000e+11 4.213069976131652e+00 8.951162579462851e+01
1.236200000000000e+11 4.247873700386807e+00 8.951054901847615e+01
1.239500000000000e+11 4.282658852424656e+00 8.950946772638224e+01
1.242800000000000e+11 4.317426114160612e+00 8.950838190301896e+01
1.246100000000000e+11 4.352176162354938e+00 8.950729144401792e+01
1.249400000000000e+11 4.386909666949377e+00 8.950619617056707e+01
1.252700000000000e+11 4.421627289674618e+00 8.950509584905353e+01
1.256000000000000e+11 4.456329683039600e+00 8.950399021440077e+01
1.259300000000000e+11 4.491017489787889e+00 8.950287899548884e+01
1.262600000000000e+11 4.525691342875301e+00 8.950176194089747e+01
1.265900000000000e+11 4.560351865986665e+00 8.950063884317301e+01
1.269200000000000e+11 4.594999674571961e+00 8.949950955992166e+01
1.272500000000000e+11 4.629635377344340e+00 8.949837403023987e+01
1.275800000000000e+11 4.664259578149194e+00 8.949723228530742e+01
1.279100000000000e+11 4.698872878084343e+00 8.949608445236890e+01
1.282400000000000e+11 4.733475877731699e+00 8.949493075178086e+01
1.285700000000000e+11 4.768069179349525e+00 8.949377148728647e+01
1.289000000000000e+11 4.802653388873682e+00 8.949260703014470e+01
1.292300000000000e+11 4.837229117586917e+00 8.949143779817923e+01
1.295600000000000e+11 4.871796983334997e+00 8.949026423116545e+01
1.298900000000000e+11 4.906357611198102e+00 8.948908676424534e+01
1.302200000000000e+11 4.940911633561887e+00 8.948790580120658e+01
1.305500000000000e+11 4.975459689574453e+00 8.948672168948926e+01
1.308800000000000e+11 5.010002424017297e+00 8.948553469867909e+01
1.312100000000000e+11 5.044540485660929e+00 8.948434500401714e+01
1.315400000000000e+11 5.079074525213718e+00 8.948315267612985e+01
1.318700000000000e+11 5.113605193002956e+00 8.948195767775637e+01
1.322000000000000e+11 5.148133136549836e+00 8.948075986777501e+01
1.325300000000000e+11 5.182658998210453e+00 8.947955901233992e+01
1.328600000000000e+11 5.217183413054836e+00 8.947835480242399e+01
1.331900000000000e+11 5.251707007142964e+00 8.947714687664677e+01
1.335200000000000e+11 5.286230396332390e+00 8.947593484785776e+01
1.338500000000000e+11 5.320754185718186e+00 8.947471833170106e+01
1.341800000000000e+11 5.355278969764324e+00 8.947349697521265e+01
1.345100000000000e+11 5.389805333137727e+00 8.947227048349592e+01
1.348400000000000e+11 5.424333852208451e+00 8.947103864262434e+01
1.351700000000000e+11 5.458865097132003e+00 8.946980133716283e+01
1.355000000000000e+11 5.493399634386436e+00 8.946855856106183e+01
1.358300000000000e+11 5.527938029604089e+00 8.946731042110825e+01
1.361600000000000e+11 5.562480850512213e+00 8.946605713262876e+01
1.364900000000000e+11 5.597028669786267e+00 8.946479900766968e+01
1.368200000000000e+11 5.631582067620886e+00 8.946353643638599e+01
1.371500000000000e+11 5.666141633839050e+00 8.946226986285500e+01
1.374800000000000e+11 5.700707969388615e+00 8.946099975691631e+01
1.378100000000000e+11 5.735281687114511e+00 8.945972658392517e+01
1.381400000000000e+11 5.769863411742088e+00 8.945845077447235e+01
1.384700000000000e+11 5.804453779062463e+00 8.945717269613485e+01
1.388000000000000e+11 5.839053434363136e+00 8.945589262920882e+01
1.391300000000000e+11 5.873663030203160e+00 8.945461074811448e+01
1.394600000000000e+11 5.908283223677691e+00 8.945332710979119e+01
1.397900000000000e+11 5.942914673355556e+00 8.945204164993527e+01
1.401200000000000e+11 5.977558036100560e+00 8.945075418739692e+01
1.404500000000000e+11 6.012213963998314e+00 8.944946443650652e+01
1.407800000000000e+11 6.046883101608448e+00 8.944817202654515e+01
1.411100000000000e+11 6.081566083743273e+00 8.944687652708467e+01
1.414400000000000e+11 6.116263533941004e+00 8.944557747751224e+01
1.417700000000000e+11 6.150976063758028e+00 8.944427441874467e+01
1.421000000000000e+11 6.185704272948555e+00 8.944296692498361e+01
1.424300000000000e+11 6.220448750541101e+00 8.944165463333498e+01
1.427600000000000e+11 6.255210076758223e+00 8.944033726924609e+01
1.430900000000000e+11 6.289988825667015e+00 8.943901466599056e+01
1.434200000000000e+11 6.324785568394559e+00 8.943768677681821e+01
1.437500000000000e+11 6.359600876700540e+00 8.943635367888527e+01
1.440800000000000e+11 6.394435326669736e+00 8.943501556863666e+01
1.444100000000000e+11 6.429289502275527e+00 8.943367274889617e+01
1.447400000000000e+11 6.464163998568726e+00 8.943232560849341e+01
1.450700000000000e+11 6.499059424268133e+00 8.943097459577679e+01
1.454000000000000e+11 6.533976403566482e+00 8.942962018779166e+01
1.457300000000000e+11 6.568915577016893e+00 8.942826285721820e+01
1.460600000000000e+11 6.603877601425922e+00 8.942690303933091e+01
1.463900000000000e+11 6.638863148747561e+00 8.942554110126510e+01
1.467200000000000e+11 6.673872904042542e+00 8.942417731572750e+01
1.470500000000000e+11 6.708907562632147e+00 8.942281184100634e+01
1.473800000000000e+11 6.743967826636720e+00 8.942144470871564e+01
1.477100000000000e+11 6.779054401133451e+00 8.942007582018539e+01
1.480400000000000e+11 6.814167990200874e+00 8.941870495182130e+01
1.483700000000000e+11 6.849309293128986e+00 8.941733176914494e+01
1.487000000000000e+11 6.884479001069996e+00 8.941595584861717e+01
1.490300000000000e+11 6.919677794376783e+00 8.941457670580748e+01
1.493600000000000e+11 6.954906340835270e+00 8.941319382801576e+01
1.496900000000000e+11 6.990165294937420e+00 8.941180670913309e+01
1.500200000000000e+11 7.025455298272695e+00 8.941041488434648e+01
1.503500000000000e+11 7.060776981038398e+00 8.940901796228394e+01
1.506800000000000e+11 7.096130964592924e+00 8.940761565234855e+01
1.510100000000000e+11 7.131517864900125e+00 8.940620778529852e+01
1.513400000000000e+11 7.166938296649229e+00 8.940479432557946e+01
1.516700000000000e+11 7.202392877782868e+00 8.940337537446344e+01
1.520000000000000e+11 7.237882234131635e+00 8.940195116368194e+01
1.523300000000000e+11 7.273407003841271e+00 8.940052203988051e+01
1.526600000000000e+11 7.308967841284913e+00 8.939908844086978e+01
1.529900000000000e+11 7.344565420184688e+00 8.939765086521354e+01
1.533200000000000e+11 7.380200435713864e+00 8.939620983717228e+01
1.536500000000000e+11 7.415873605418907e+00 8.939476586936367e+01
1.539800000000000e+11 7.451585668878102e+00 8.939331942567637e+01
1.543100000000000e+11 7.487337386099684e+00 8.939187088698982e+01
1.546400000000000e+11 7.523129534750683e+00 8.939042052208121e+01
1.549700000000000e+11 7.558962906388146e+00 8.938896846577310e+01
1.553000000000000e+11 7.594838301939344e+00 8.938751470589803e+01
1.556300000000000e+11 7.630756526732897e+00 8.938605908007003e+01
1.559600000000000e+11 7.666718385419572e+00 8.938460128259180e+01
1.562900000000000e+11 7.702724677136475e+00 8.938314088113562e+01
1.566200000000000e+11 7.738776191257813e+00 8.938167734216667e+01
1.569500000000000e+11 7.774873704041310e+00 8.938021006346811e+01
1.572800000000000e+11 7.811017976424615e+00 8.937873841163226e+01
1.576100000000000e+11 7.847209753149862e+00 8.937726176201781e+01
1.579400000000000e+11 7.883449763308550e+00 8.937577953849078e+01
1.582700000000000e+11 7.919738722300956e+00 8.937429125025380e+01
1.586000000000000e+11 7.956077335109561e+00 8.937279652324770e+01
1.589300000000000e+11 7.992466300691650e+00 8.937129512395971e+01
1.592600000000000e+11 8.028906317217610e+00 8.936978697397251e+01
1.595900000000000e+11 8.065398087819904e+00 8.936827215420972e+01
1.599200000000000e+11 8.101942326475557e+00 8.936675089852712e+01
1.602500000000000e+11 8.138539763631496e+00 8.936522357702262e+01
1.605800000000000e+11 8.175191151194317e+00 8.936369067014240e+01
1.609100000000000e+11 8.211897266542735e+00 8.936215273529515e+01
1.612400000000000e+11 8.248658915286022e+00 8.936061036820560e+01
1.615700000000000e+11 8.285476932571513e+00 8.935906416161033e+01
1.619000000000000e+11 8.322352182844897e+00 8.935751466409442e+01
1.622300000000000e+11 8.359285558069621e+00 8.935596234186696e+01
1.625600000000000e+11 8.396277974520709e+00 8.935440754608736e+01
1.628900000000000e+11 8.433330368368226e+00 8.935285048798259e+01
1.632200000000000e+11 8.470443690350681e+00 8.935129122346514e+01
1.635500000000000e+11 8.507618899907937e+00 8.934972964831772e+01
1.638800000000000e+11 8.544856959184127e+00 8.934816550428314e+01
1.642100000000000e+11 8.582158827325522e+00 8.934659839564171e+01
1.645400000000000e+11 8.619525455482243e+00 8.934502781513689e+01
1.648700000000000e+11 8.656957782879831e+00 8.934345317745213e+01
1.652000000000000e+11 8.694456734254425e+00 8.934187385791388e+01
1.655300000000000e+11 8.732023218855254e+00 8.934028923372280e+01
1.658600000000000e+11 8.769658131106599e+00 8.933869872483052e+01
1.661900000000000e+11 8.807362352911460e+00 8.933710183159607e+01
1.665200000000000e+11 8.845136757455887e+00 8.933549816656854e+01
1.668500000000000e+11 8.882982214271532e+00 8.933388747815177e+01
1.671800000000000e+11 8.920899595217081e+00 8.933226966446546e+01
1.675100000000000e+11 8.958889780972227e+00 8.933064477640765e+01
1.678400000000000e+11 8.996953667594783e+00 8.932901300967930e+01
1.681700000000000e+11 9.035092172682374e+00 8.932737468632065e+01
1.685000000000000e+11 9.073306240701308e+00 8.932573022705067e+01
1.688300000000000e+11 9.111596847099372e+00 8.932408011637089e+01
1.691600000000000e+11 9.149965000902274e+00 8.932242486291962e+01
1.694900000000000e+11 9.188411745596916e+00 8.932076495792128e+01
1.698200000000000e+11 9.226938158227643e+00 8.931910083473129e+01
1.701500000000000e+11 9.265545346758016e+00 8.931743283242182e+01
1.704800000000000e+11 9.304234445879946e+00 8.931576116608768e+01
1.708100000000000e+11 9.343006611565633e+00 8.931408590609031e+01
1.711400000000000e+11 9.381863014758219e+00 8.931240696783181e+01
1.714700000000000e+11 9.420804834665081e+00 8.931072411290917e+01
1.718000000000000e+11 9.459833252156427e+00 8.930903696167860e+01
1.721300000000000e+11 9.498949443777029e+00 8.930734501643339e+01
1.724600000000000e+11 9.538154576842111e+00 8.930564769362284e+01
1.727900000000000e+11 9.577449806021889e+00 8.930394436285137e+01
1.731200000000000e+11 9.616836271718723e+00 8.930223438987871e+01
1.734500000000000e+11 9.656315100417258e+00 8.930051718051128e+01
1.737800000000000e+11 9.695887407048215e+00 8.929879222214899e+01
1.741100000000000e+11 9.735554299259462e+00 8.929705911988334e+01
1.744400000000000e+11 9.775316883346681e+00 8.929531762437755e+01
1.747700000000000e+11 9.815176271466601e+00 8.929356764930392e+01
1.751000000000000e+11 9.855133589653922e+00 8.929180927684612e+01
1.754300000000000e+11 9.895189986088553e+00 8.929004275059680e+01
1.757600000000000e+11 9.935346639027227e+00 8.928826845609488e+01
1.760900000000000e+11 9.975604763821668e+00 8.928648689014656e+01
1.764200000000000e+11 1.001596561849292e+01 8.928469862091087e+01
1.767500000000000e+11 1.005643050742364e+01 8.928290424145152e+01
1.770800000000000e+11 1.009700078285160e+01 8.928110431998263e+01
1.774100000000000e+11 1.013767784399876e+01 8.927929935035831e+01
1.777400000000000e+11 1.017846313383819e+01 8.927748970642094e+01
1.780700000000000e+11 1.021935813367081e+01 8.927567560363248e+01
1.784000000000000e+11 1.026036435585080e+01 8.927385707097638e+01
1.787300000000000e+11 1.030148333514319e+01 8.927203393545295e+01
1.790600000000000e+11 1.034271661931341e+01 8.927020582064787e+01
1.793900000000000e+11 1.038406575962424e+01 8.926837215988539e+01
1.797200000000000e+11 1.042553230194764e+01 8.926653222344063e+01
1.800500000000000e+11 1.046711777917823e+01 8.926468515827996e+01
1.803800000000000e+11 1.050882370556782e+01 8.926283003785109e+01
1.807100000000000e+11 1.055065157348483e+01 8.926096591866855e+01
1.810400000000000e+11 1.059260285294746e+01 8.925909189986997e+01
1.813700000000000e+11 1.063467899409504e+01 8.925720718159693e+01
1.817000000000000e+11 1.067688143255832e+01 8.925531111802815e+01
1.820300000000000e+11 1.071921159748364e+01 8.925340326115324e+01
1.823600000000000e+11 1.076167092176839e+01 8.925148339191990e+01
1.826900000000000e+11 1.080426085389391e+01 8.924955153618161e+01
1.830200000000000e+11 1.084698287060617e+01 8.924760796387616e+01
1.833500000000000e+11 1.088983848960985e+01 8.924565317099464e+01
1.836800000000000e+11 1.093282928140977e+01 8.924368784509304e+01
1.840100000000000e+11 1.097595687946392e+01 8.924171281628716e+01
1.843400000000000e+11 1.101922298790100e+01 8.923972899672007e+01
1.846700000000000e+11 1.106262938620153e+01 8.923773731240287e+01
1.850000000000000e+11 1.110617793043194e+01 8.923573863195845e+01
1.853300000000000e+11 1.114987055085193e+01 8.923373369714417e+01
1.856600000000000e+11 1.119370924596016e+01 8.923172306004496e+01
1.859900000000000e+11 1.123769607330039e+01 8.922970703149974e+01
1.863200000000000e+11 1.128183313758505e+01 8.922768564466779e+01
1.866500000000000e+11 1.132612257690523e+01 8.922565863670663e+01
1.869800000000000e+11 1.137056654795740e+01 8.922362545034551e+01
1.873100000000000e+11 1.141516721131959e+01 8.922158525582023e+01
1.876400000000000e+11 1.145992671784661e+01 8.921953699222485e+01
1.879700000000000e+11 1.150484719721391e+01 8.921747942596517e+01
1.883000000000000e+11 1.154993074952905e+01 8.921541122274672e+01
1.886300000000000e+11 1.159517944075098e+01 8.921333102849066e+01
1.889600000000000e+11 1.164059530241852e+01 8.921123755381765e+01
1.892900000000000e+11 1.168618033591004e+01 8.920912965634250e+01
1.896200000000000e+11 1.173193652115037e+01 8.920700641500132e+01
1.899500000000000e+11 1.177786582936774e+01 8.920486719102750e+01
1.902800000000000e+11 1.182397023920971e+01 8.920271167094683e+01
1.906100000000000e+11 1.187025175526926e+01 8.920053988807682e+01
1.909400000000000e+11 1.191671242786749e+01 8.919835222039825e+01
1.912700000000000e+11 1.196335437281479e+01 8.919614936422710e+01
1.916000000000000e+11 1.201017978982082e+01 8.919393228477804e+01
1.919300000000000e+11 1.205719097827355e+01 8.919170214633063e+01
1.922600000000000e+11 1.210439034923923e+01 8.918946022619647e+01
1.925900000000000e+11 1.215178043275520e+01 8.918720781793556e+01
1.929200000000000e+11 1.219936387977964e+01 8.918494613016847e+01
1.932500000000000e+11 1.224714345850906e+01 8.918267618783123e+01
1.935800000000000e+11 1.229512204515315e+01 8.918039874276384e+01
1.939100000000000e+11 1.234330260964704e+01 8.917811420009232e+01
1.942400000000000e+11 1.239168819714985e+01 8.917582256597944e+01
1.945700000000000e+11 1.244028190650464e+01 8.917352342102642e+01
1.949000000000000e+11 1.248908686709422e+01 8.917121592197992e+01
1.952300000000000e+11 1.253810621569588e+01 8.916889883253815e+01
1.955600000000000e+11 1.258734307500390e+01 8.916657058208048e+01
1.958900000000000e+11 1.263680053544355e+01 8.916422934918498e+01
1.962200000000000e+11 1.268648164173976e+01 8.916187316500574e+01
1.965500000000000e+11 1.273638938543888e+01 8.915950003004930e+01
1.968800000000000e+11 1.278652670422026e+01 8.915710803676757e+01
1.972100000000000e+11 1.283689648840756e+01 8.915469548972949e+01
1.975400000000000e+11 1.288750159460790e+01 8.915226101502945e+01
1.978700000000000e+11 1.293834486592081e+01 8.914980365104199e+01
1.982000000000000e+11 1.298942915768253e+01 8.914732291364504e+01
1.985300000000000e+11 1.304075736729143e+01 8.914481883054093e+01
1.988600000000000e+11 1.309233246631905e+01 8.914229194123303e+01
1.991900000000000e+11 1.314415753288053e+01 8.913974326143692e+01
1.995200000000000e+11 1.319623578213586e+01 8.913717421309303e+01
1.998500000000000e+11 1.324857059282973e+01 8.913458652352919e+01
2.001800000000000e+11 1.330116552796281e+01 8.913198209955331e+01
2.005100000000000e+11 1.335402434800466e+01 8.912936288416775e+01
2.008400000000000e+11 1.340715101550390e+01 8.912673070505721e+01
2.011700000000000e+11 1.346054969048991e+01 8.912408712489862e+01
2.015000000000000e+11 1.351422471666514e+01 8.912143330377988e+01
2.018300000000000e+11 1.356818059902021e+01 8.911876988358085e+01
2.021600000000000e+11 1.362242197412209e+01 8.911609690303955e+01
2.024900000000000e+11 1.367695357488451e+01 8.911341375047523e+01
2.028200000000000e+11 1.373178019209653e+01 8.911071915885297e+01
2.031500000000000e+11 1.378690663531348e+01 8.910801124517693e+01
2.034800000000000e+11 1.384233769588593e+01 8.910528759327745e+01
2.038100000000000e+11 1.389807811489174e+01 8.910254537607624e+01
2.041400000000000e+11 1.395413255854048e+01 8.909978151058910e+01
2.044700000000000e+11 1.401050560323723e+01 8.909699283643921e+01
2.048000000000000e+11 1.406720173194945e+01 8.909417630669110e+01
2.051300000000000e+11 1.412422534283820e+01 8.909132917852847e+01
2.054600000000000e+11 1.418158077033237e+01 8.908844919079186e+01
2.057900000000000e+11 1.423927231799813e+01 8.908553471573767e+01
2.061200000000000e+11 1.429730430172619e+01 8.908258487358495e+01
2.064500000000000e+11 1.435568110099062e+01 8.907959960043084e+01
2.067800000000000e+11 1.441440721527555e+01 8.907657966284762e+01
2.071100000000000e+11 1.447348732227220e+01 8.907352661576284e+01
2.074400000000000e+11 1.453292633415110e+01 8.907044270387692e+01
2.077700000000000e+11 1.459272944815599e+01 8.906733071067433e+01
2.081000000000000e+11 1.465290218794737e+01 8.906419376276894e+01
2.084300000000000e+11 1.471345043255968e+01 8.906103510067194e+01
2.087600000000000e+11 1.477438043049808e+01 8.905785782982325e+01
2.090900000000000e+11 1.483569879736718e+01 8.905466466769504e+01
2.094200000000000e+11 1.489741249644264e+01 8.905145770379040e+01
2.097500000000000e+11 1.495952880271015e+01 8.904823818931128e+01
2.100800000000000e+11 1.502205525203802e+01 8.904500637211851e+01
2.104100000000000e+11 1.508499957824487e+01 8.904176139037172e+01
2.107400000000000e+11 1.514836964180077e+01 8.903850123502677e+01
2.110700000000000e+11 1.521217335468569e+01 8.903522278732417e+01
2.114000000000000e+11 1.527641860646650e+01 8.903192193277859e+01
2.117300000000000e+11 1.534111319688893e+01 8.902859374821573e+01
2.120600000000000e+11 1.540626478018740e+01 8.902523275342683e+01
2.123900000000000e+11 1.547188082587836e+01 8.902183321432814e+01
2.127200000000000e+11 1.553796860003001e+01 8.901838948044491e+01
2.130500000000000e+11 1.560453516992784e+01 8.901489633636504e+01
2.133800000000000e+11 1.567158743372762e+01 8.901134934478254e+01
2.137100000000000e+11 1.573913217517735e+01 8.900774515804417e+01
2.140400000000000e+11 1.580717614188812e+01 8.900408177584848e+01
2.143700000000000e+11 1.587572614402163e+01 8.900035872892045e+01
2.147000000000000e+11 1.594478916876060e+01 8.899657717206702e+01
2.150300000000000e+11 1.601437250461770e+01 8.899273987480210e+01
2.153600000000000e+11 1.608448386862421e+01 8.898885110353547e+01
2.156900000000000e+11 1.615513152879513e+01 8.898491639577365e+01
2.160200000000000e+11 1.622632441406040e+01 8.898094223357289e+01
2.163500000000000e+11 1.629807220410516e+01 8.897693563017828e+01
2.166800000000000e+11 1.637038539231115e+01 8.897290364997568e+01
2.170100000000000e+11 1.644327531619117e+01 8.896885288718650e+01
2.173400000000000e+11 1.651675415133605e+01 8.896478893275813e+01
2.176700000000000e+11 1.659083486685780e+01 8.896071586137133e+01
2.180000000000000e+11 1.666553114252616e+01 8.895663577114874e+01
2.183300000000000e+11 1.674085725012996e+01 8.895254840739787e+01
2.186600000000000e+11 1.681682790392534e+01 8.894845089853077e+01
2.189900000000000e+11 1.689345808721453e+01 8.894433762727191e+01
2.193200000000000e+11 1.697076286399497e+01 8.894020025361115e+01
2.196500000000000e+11 1.704875718610518e+01 8.893602789798864e+01
2.199800000000000e+11 1.712745570725366e+01 8.893180748433613e+01
2.203100000000000e+11 1.720687261567368e+01 8.892752423332435e+01
2.206400000000000e+11 1.728702149684065e+01 8.892316228698171e+01
2.209700000000000e+11 1.736791523670831e+01 8.891870543734684e+01
2.213000000000000e+11 1.744956597428724e+01 8.891413792445752e+01
2.216300000000000e+11 1.753198511015945e+01 8.890944526328481e+01
2.219600000000000e+11 1.761518337480599e+01 8.890461505556718e+01
2.222900000000000e+11 1.769917095754257e+01 8.889963774117490e+01
2.226200000000000e+11 1.778395769356965e+01 8.889450724480704e+01
2.229500000000000e+11 1.786955330333575e+01 8.888922147753129e+01
2.232800000000000e+11 1.795596767525221e+01 8.888378265877240e+01
2.236100000000000e+11 1.804321117998692e+01 8.887819743262040e+01
2.239400000000000e+11 1.813129500226643e+01 8.887247676235128e+01
2.242700000000000e+11 1.822023147447871e+01 8.886663559833680e+01
2.246000000000000e+11 1.831003439552541e+01 8.886069232650163e+01
2.249300000000000e+11 1.840071931838924e+01 8.885466801650617e+01
2.252600000000000e+11 1.849230379080417e+01 8.884858550024190e+01
2.255900000000000e+11 1.858480753523511e+01 8.884246832137701e+01
2.259200000000000e+11 1.867825255701214e+01 8.883633960497689e+01
2.262500000000000e+11 1.877266317283472e+01 8.883022090214419e+01
2.265800000000000e+11 1.886806595578211e+01 8.882413106775704e+01
2.269100000000000e+11 1.896448959726858e+01 8.881808522949105e+01
2.272400000000000e+11 1.906196469082537e+01 8.881209390326889e+01
2.275700000000000e+11 1.916052344694481e+01 8.880616230417915e+01
2.279000000000000e+11 1.926019935224222e+01 8.880028989297027e+01
2.282300000000000e+11 1.936102678963918e+01 8.879447018688120e+01
2.285600000000000e+11 1.946304063893774e+01 8.878869085036798e+01
2.288900000000000e+11 1.956627587887077e+01 8.878293406691033e+01
2.292200000000000e+11 1.967076721234050e+01 8.877717717830478e+01
2.295500000000000e+11 1.977654873603610e+01 8.877139356348299e+01
2.298800000000000e+11 1.988365367394675e+01 8.876555371574105e+01
2.302100000000000e+11 1.999211419150632e+01 8.875962646609118e+01
2.305400000000000e+11 2.010196130335638e+01 8.875358029191374e+01
2.308700000000000e+11 2.021322488317186e+01 8.874738464470879e+01
2.312000000000000e+11 2.032593377887915e+01 8.874101122888517e+01
2.315300000000000e+11 2.044011603120046e+01 8.873443516532851e+01
2.318600000000000e+11 2.055579918803793e+01 8.872763597891492e+01
2.321900000000000e+11 2.067301070209736e+01 8.872059835792588e+01
2.325200000000000e+11 2.079177839460470e+01 8.871331264503405e+01
2.328500000000000e+11 2.091213096426626e+01 8.870577503354565e+01
2.331800000000000e+11 2.103409851798445e+01 8.869798745817178e+01
2.335100000000000e+11 2.115771309842544e+01 8.868995718590695e+01
2.338400000000000e+11 2.128300918346640e+01 8.868169612873298e+01
2.341700000000000e+11 2.141002413384344e+01 8.867321991495534e+01
2.345000000000000e+11 2.153879856794851e+01 8.866454676917647e+01
2.348300000000000e+11 2.166937664657545e+01 8.865569626145778e+01
2.351600000000000e+11 2.180180625529156e+01 8.864668799352420e+01
2.354900000000000e+11 2.193613907778344e+01 8.863754029345307e+01
2.358200000000000e+11 2.207243055968390e+01 8.862826898995523e+01
2.361500000000000e+11 2.221073976870628e+01 8.861888633301588e+01
2.364800000000000e+11 2.235112916303006e+01 8.860940011957857e+01
2.368100000000000e+11 2.249366428546181e+01 8.859981307146786e+01
2.371400000000000e+11 2.263841340559553e+01 8.859012249852344e+01
2.374700000000000e+11 2.278544713573547e+01 8.858032026371008e+01
2.378000000000000e+11 2.293483804849492e+01 8.857039304969557e+01
2.381300000000000e+11 2.308666032459091e+01 8.856032290903741e+01
2.384600000000000e+11 2.324098945835587e+01 8.855008806370299e+01
2.387900000000000e+11 2.339790204590298e+01 8.853966390512940e+01
2.391200000000000e+11 2.355747567684314e+01 8.852902413427115e+01
2.394500000000000e+11 2.371978894515073e+01 8.851814197282380e+01
2.397800000000000e+11 2.388492158851961e+01 8.850699137252317e+01
2.401100000000000e+11 2.405295475866293e+01 8.849554814943617e+01
2.404400000000000e+11 2.422397141790999e+01 8.848379097445849e+01
2.407700000000000e+11 2.439805685052391e+01 8.847170215963357e+01
2.411000000000000e+11 2.457529927084248e+01 8.845926819192027e+01
2.414300000000000e+11 2.475579050499800e+01 8.844647998097476e+01
2.417600000000000e+11 2.493962671894539e+01 8.843333280453749e+01
2.420900000000000e+11 2.512690916309096e+01 8.841982595311697e+01
2.424200000000000e+11 2.531774490315156e+01 8.840596209379564e+01
2.427500000000000e+11 2.551224750807332e+01 8.839174639006177e+01
2.430800000000000e+11 2.571053766888848e+01 8.837718542958331e+01
2.434100000000000e+11 2.591274372716096e+01 8.836228602385691e+01
2.437400000000000e+11 2.611900209794010e+01 8.834705395193079e+01
2.440700000000000e+11 2.632945757959439e+01 8.833149272437494e+01
2.444000000000000e+11 2.654426355111849e+01 8.831560244303053e+01
2.447300000000000e+11 2.676358206605535e+01 8.829937882679775e+01
2.450600000000000e+11 2.698758386054189e+01 8.828281246403886e+01
2.453900000000000e+11 2.721644830069183e+01 8.826588833860760e+01
2.457200000000000e+11 2.745036330108089e+01 8.824858565980897e+01
2.460500000000000e+11 2.768952525109345e+01 8.823087800774020e+01
2.463800000000000e+11 2.793413898898712e+01 8.821273378555257e+01
2.467100000000000e+11 2.818441786449976e+01 8.819411695044725e+01
2.470400000000000e+11 2.844058392955341e+01 8.817498797687838e+01
2.473700000000000e+11 2.870286829314795e+01 8.815530498965803e+01
2.477000000000000e+11 2.897151167102401e+01 8.813502499245045e+01
2.480300000000000e+11 2.924676515342428e+01 8.811410510934806e+01
2.483600000000000e+11 2.952889120570931e+01 8.809250375437691e+01
2.486900000000000e+11 2.981816490718428e+01 8.807018164616666e+01
2.490200000000000e+11 3.011487542385881e+01 8.804710259258260e+01
2.493500000000000e+11 3.041932770161400e+01 8.802323398248051e+01
2.496800000000000e+11 3.073184435800352e+01 8.799854693826258e+01
2.500100000000000e+11 3.105276774428032e+01 8.797301610262257e+01
2.503400000000000e+11 3.138246214473989e+01 8.794661905466387e+01
2.506700000000000e+11 3.172131607857367e+01 8.791933537312714e+01
2.510000000000000e+11 3.206974467042497e+01 8.789114538644729e+01
2.513300000000000e+11 3.242819205995723e+01 8.786202866933503e+01
2.516600000000000e+11 3.279713382798010e+01 8.783196236232070e+01
2.519900000000000e+11 3.317707942692171e+01 8.780091940300227e+01
2.523200000000000e+11 3.356857461636181e+01 8.776886676471717e+01
2.526500000000000e+11 3.397220391953762e+01 8.773576379937528e+01
2.529800000000000e+11 3.438859313359397e+01 8.770156077595000e+01
2.533100000000000e+11 3.481841194421918e+01 8.766619769471765e+01
2.536400000000000e+11 3.526237671346169e+01 8.762960344020321e+01
2.539700000000000e+11 3.572125352722250e+01 8.759169531379843e+01
2.543000000000000e+11 3.619586160550168e+01 8.755237896128520e+01
2.546300000000000e+11 3.668707719334100e+01 8.751154868249137e+01
2.549600000000000e+11 3.719583806317267e+01 8.746908808160705e+01
2.552900000000000e+11 3.772314876970262e+01 8.742487098901523e+01
2.556200000000000e+11 3.827008680658663e+01 8.737876256051170e+01
2.559500000000000e+11 3.883780982030112e+01 8.733062043902926e+01
2.562800000000000e+11 3.942756404137814e+01 8.728029584878439e+01
2.566100000000000e+11 4.004069409745874e+01 8.722763448306387e+01
2.569400000000000e+11 4.067865437769856e+01 8.717247704531009e+01
2.572700000000000e+11 4.134302212542334e+01 8.711465930886915e+01
2.576000000000000e+11 4.203551244750462e+01 8.705401157343294e+01
2.579300000000000e+11 4.275799544685335e+01 8.699035741509417e+01
2.582600000000000e+11 4.351251571130421e+01 8.692351165081035e+01
2.585900000000000e+11 4.430131443086549e+01 8.685327746533476e+01
2.589200000000000e+11 4.512685446921520e+01 8.677944267737001e+01
2.592500000000000e+11 4.599184878830220e+01 8.670177514955984e+01
2.595800000000000e+11 4.689929272146844e+01 8.662001737150138e+01
2.599100000000000e+11 4.785250071600948e+01 8.653388026360241e+01
2.602400000000000e+11 4.885514832699343e+01 8.644303625965426e+01
2.605700000000000e+11 4.991132044844443e+01 8.634711172479000e+01
2.609000000000000e+11 5.102556702574775e+01 8.624567875040535e+01
2.612300000000000e+11 5.220296781729026e+01 8.613824633617004e+01
2.615600000000000e+11 5.344920818095016e+01 8.602425091900170e+01
2.618900000000000e+11 5.477066837476635e+01 8.590304613732106e+01
2.622200000000000e+11 5.617452951146331e+01 8.577389162339469e+01
2.625500000000000e+11 5.766890013527676e+01 8.563594049379734e+01
2.628800000000000e+11 5.926296845388170e+01 8.548822505359155e+01
2.632100000000000e+11 6.096718663762401e+01 8.532964003740034e+01
2.635400000000000e+11 6.279349540338738e+01 8.515892247076303e+01
2.638700000000000e+11 6.475559948712417e+01 8.497462693388313e+01
2.642000000000000e+11 6.686930779835505e+01 8.477509462585921e+01
2.645300000000000e+11 6.915295635838856e+01 8.455841412879650e+01
2.648600000000000e+11 7.162793800991226e+01 8.432237110990964e+01
2.651900000000000e+11 7.431937101981191e+01 8.406438330360012e+01
2.655200000000000e+11 7.725695007417978e+01 8.378141587505193e+01
2.658500000000000e+11 8.047603927819493e+01 8.346987051461484e+01
2.661800000000000e+11 8.401908989974991e+01 8.312543908839018e+01
2.665100000000000e+11 8.793749925301000e+01 8.274290896634334e+01
2.668400000000000e+11 9.229407683342400e+01 8.231590161081466e+01
2.671700000000000e+11 9.716635841223946e+01 8.183651756838073e+01
2.675000000000000e+11 1.026511226019414e+02 8.129484788958145e+01
2.678300000000000e+11 1.088706410729758e+02 8.067829117696536e+01
2.681600000000000e+11 1.159814728638002e+02 7.997058164852633e+01
2.684900000000000e+11 1.241870627966684e+02 7.915037733287765e+01
2.688200000000000e+11 1.337561405860612e+02 7.818916133581406e+01
2.691500000000000e+11 1.450501422977309e+02 7.704803992186784e+01
2.694800000000000e+11 1.585649307704826e+02 7.567271420433984e+01
2.698100000000000e+11 1.749955137433884e+02 7.398532742004404e+01
2.701400000000000e+11 1.953378883990775e+02 7.187078015382275e+01
2.704700000000000e+11 2.210492927121491e+02 6.915291414581452e+01
2.708000000000000e+11 2.542900389840162e+02 6.555163892842330e+01
2.711300000000000e+11 2.982247499695488e+02 6.060417671838310e+01
2.714600000000000e+11 3.570606574779976e+02 5.352455737356476e+01
2.717900000000000e+11 4.340679302435751e+02 4.300450360436623e+01
2.721200000000000e+11 5.212107544139521e+02 2.726588596488385e+01
2.724500000000000e+11 5.761065036257919e+02 5.773344655520503e+00
2.727800000000000e+11 5.459961209679963e+02 -1.721622884096869e+01
2.731100000000000e+11 4.583575688416150e+02 -3.564859575095711e+01
2.734400000000000e+11 3.704543026391634e+02 -4.825631345833818e+01
2.737700000000000e+11 3.015637454477388e+02 -5.665776416434868e+01
2.741000000000000e+11 2.503661655987956e+02 -6.242356150953488e+01
2.744300000000000e+11 2.121091384198056e+02 -6.654620297423276e+01
2.747600000000000e+11 1.829059693672209e+02 -6.960938532874985e+01
2.750900000000000e+11 1.600775487831709e+02 -7.196117854367098e+01
2.754200000000000e+11 1.418313541177003e+02 -7.381670758926570e+01
2.757500000000000e+11 1.269578407883304e+02 -7.531420583426407e+01
2.760800000000000e+11 1.146242509362169e+02 -7.654578788776202e+01
2.764100000000000e+11 1.042439377791520e+02 -7.757485726102938e+01
2.767400000000000e+11 9.539420375329880e+01 -7.844631248866355e+01
2.770700000000000e+11 8.776400607242738e+01 -7.919274712803856e+01
2.774000000000000e+11 8.112002517100140e+01 -7.983834285921429e+01
2.777300000000000e+11 7.528417525443048e+01 -8.040138880989802e+01
2.780600000000000e+11 7.011838007927800e+01 -8.089595673307120e+01
2.783900000000000e+11 6.551405706331430e+01 -8.133304231205398e+01
2.787200000000000e+11 6.138471545332439e+01 -8.172135980213282e+01
2.790500000000000e+11 5.766065476361427e+01 -8.206790607228632e+01
2.793800000000000e+11 5.428510608400335e+01 -8.237836781721123e+01
2.797100000000000e+11 5.121138184001585e+01 -8.265741991460263e+01
2.800400000000000e+11 4.840074175644079e+01 -8.290894679679695e+01
2.803700000000000e+11 4.582077508168388e+01 -8.313620843330577e+01
2.807000000000000e+11 4.344416010850338e+01 -8.334196584107046e+01
2.810300000000000e+11 4.124770297220852e+01 -8.352857661905468e+01
2.813600000000000e+11 3.921158562634768e+01 -8.369806803139812e+01
2.816900000000000e+11 3.731877220832844e+01 -8.385219313379905e+01
2.820200000000000e+11 3.555453654817395e+01 -8.399247403088638e+01
2.823500000000000e+11 3.390608318909164e+01 -8.412023536074504e+01
2.826800000000000e+11 3.236224119947393e+01 -8.423663039048039e+01
2.830100000000000e+11 3.091321508057008e+01 -8.434266158287116e+01
2.833400000000000e+11 2.955038076797336e+01 -8.443919709791474e+01
2.836700000000000e+11 2.826611747017526e+01 -8.452698438330721e+01
2.840000000000000e+11 2.705366814904429e+01 -8.460666175723229e+01
2.843300000000000e+11 2.590702301148799e+01 -8.467876867729655e+01
2.846600000000000e+11 2.482082158054894e+01 -8.474375520978361e+01
2.849900000000000e+11 2.379026984194812e+01 -8.480199105681154e+01
2.853200000000000e+11 2.281106968628422e+01 -8.485377436207203e+01
2.856500000000000e+11 2.187935843673631e+01 -8.489934039705214e+01
2.859800000000000e+11 2.099165670297609e+01 -8.493887012879095e+01
2.863100000000000e+11 2.014482316036619e+01 -8.497249858769456e+01
2.866400000000000e+11 1.933601513897971e+01 -8.500032289023872e+01
2.869700000000000e+11 1.856265413419571e+01 -8.502240972694179e+01
2.873000000000000e+11 1.782239553089263e+01 -8.503880210076250e+01
2.876300000000000e+11 1.711310197527297e+01 -8.504952509461589e+01
2.879600000000000e+11 1.643281993906849e+01 -8.505459045788473e+01
2.882900000000000e+11 1.577975910592624e+01 -8.505399982894274e+01
2.886200000000000e+11 1.515227427382653e+01 -8.504774645150152e+01
2.889500000000000e+11 1.454884951441834e+01 -8.503581529400917e+01
2.892800000000000e+11 1.396808436359547e+01 -8.501818153989657e+01
2.896100000000000e+11 1.340868184052498e+01 -8.499480747821458e+01
2.899400000000000e+11 1.286943810731954e+01 -8.496563788467992e+01
2.902700000000000e+11 1.234923359104705e+01 -8.493059403796788e+01
2.906000000000000e+11 1.184702539584601e+01 -8.488956656067515e+01
2.909300000000000e+11 1.136184083742831e+01 -8.484240730463434e+01
2.912600000000000e+11 1.089277193668755e+01 -8.478892051248351e+01
2.915900000000000e+11 1.043897071471642e+01 -8.472885347861710e+01
2.919200000000000e+11 9.999645139148459e+00 -8.466188690077021e+01
2.922500000000000e+11 9.574055581900083e+00 -8.458762505720729e+01
2.925800000000000e+11 9.161511661320827e+00 -8.450558586328223e+01
2.929100000000000e+11 8.761369357347931e+00 -8.441519075490861e+01
2.932400000000000e+11 8.373028306130291e+00 -8.431575421541980e+01
2.935700000000000e+11 7.995929200149610e+00 -8.420647260584491e+01
2.939000000000000e+11 7.629551240369064e+00 -8.408641177538298e+01
2.942300000000000e+11 7.273409607575078e+00 -8.395449271511467e+01
2.945600000000000e+11 6.927052939995888e+00 -8.380947426675317e+01
2.948900000000000e+11 6.590060822732590e+00 -8.364993159776694e+01
2.952200000000000e+11 6.262041310880293e+00 -8.347422878530743e+01
2.955500000000000e+11 5.942628521986529e+00 -8.328048338476228e+01
2.958800000000000e+11 5.631480344480308e+00 -8.306652024947272e+01
2.962100000000000e+11 5.328276316963586e+00 -8.282981104866997e+01
2.965400000000000e+11 5.032715739188488e+00 -8.256739479872014e+01
2.968700000000000e+11 4.744516079970005e+00 -8.227577312261363e+01
2.972000000000000e+11 4.463411751556173e+00 -8.195077164462431e+01
2.975300000000000e+11 4.189153326196000e+00 -8.158735553672265e+01
2.978600000000000e+11 3.921507281977733e+00 -8.117938216585283e+01
2.981900000000000e+11 3.660256386363642e+00 -8.071926608388900e+01
2.985200000000000e+11 3.405200864952536e+00 -8.019751966348031e+01
2.988500000000000e+11 3.156160572543300e+00 -7.960211382302555e+01
2.991800000000000e+11 2.912978505199741e+00 -7.891757284353771e+01
2.995100000000000e+11 2.675526204129681e+00 -7.812366697711380e+01
2.998400000000000e+11 2.443711975688035e+00 -7.719348125089208e+01
3.001700000000000e+11 2.217493522865124e+00 -7.609049013646985e+01
3.005000000000000e+11 1.996897824441527e+00 -7.476400053845715e+01
3.008300000000000e+11 1.782053475941394e+00 -7.314183041109969e+01
3.011600000000000e+11 1.573245455817218e+00 -7.111814509572331e+01
3.014900000000000e+11 1.371012201252140e+00 -6.853252639778070e+01
3.018200000000000e+11 1.176326551150815e+00 -6.513272887860882e+01
3.021500000000000e+11 9.909511577522701e-01 -6.050690228220311e+01
3.024800000000000e+11 8.181696671666484e-01 -5.396235269570757e+01
3.028100000000000e+11 6.643103005398020e-01 -4.434230405549381e+01
3.031400000000000e+11 5.415667872910790e-01 -2.997503195882615e+01
3.034700000000000e+11 4.703266773419347e-01 -9.827881336359344e+00
3.038000000000000e+11 4.702420647610929e-01 1.311304697398012e+01
3.041300000000000e+11 5.379174174865332e-01 3.267575371079757e+01
3.044600000000000e+11 6.499168622180858e-01 4.644421600618255e+01
3.047900000000000e+11 7.854491663264980e-01 5.565723890017377e+01
3.051200000000000e+11 9.326537864778345e-01 6.194866417974750e+01
3.054500000000000e+11 1.085437304858973e+00 6.641588325734848e+01
3.057800000000000e+11 1.240617646488987e+00 6.971312786275855e+01
3.061100000000000e+11 1.396454026362810e+00 7.223028937944476e+01
3.064400000000000e+11 1.551949858431917e+00 7.420713982680248e+01
3.067700000000000e+11 1.706514394739475e+00 7.579681983489118e+01
3.071000000000000e+11 1.859790067108478e+00 7.710077058132342e+01
3.074300000000000e+11 2.011559495322343e+00 7.818843057981405e+01
3.077600000000000e+11 2.161692765517775e+00 7.910872521870613e+01
3.080900000000000e+11 2.310116104080346e+00 7.989700781287804e+01
3.084200000000000e+11 2.456792463777614e+00 8.057939469174106e+01
3.087500000000000e+11 2.601709039962409e+00 8.117555687316442e+01
3.090800000000000e+11 2.744868991793719e+00 8.170056847997473e+01
3.094100000000000e+11 2.886285822976274e+00 8.216616166340054e+01
3.097400000000000e+11 3.025979515523006e+00 8.258159795392048e+01
3.100700000000000e+11 3.163973866720563e+00 8.295428550065854e+01
3.104000000000000e+11 3.300294683277337e+00 8.329022406421983e+01
3.107300000000000e+11 3.434968605065160e+00 8.359433074355364e+01
3.110600000000000e+11 3.568022400495160e+00 8.387068147576338e+01
3.113900000000000e+11 3.699482616900346e+00 8.412269196533006e+01
3.117200000000000e+11 3.829375494223599e+00 8.435325433796000e+01
3.120500000000000e+11 3.957727065925088e+00 8.456484096890449e+01
3.123800000000000e+11 4.084563381626074e+00 8.475958369279738e+01
3.127100000000000e+11 4.209910794241089e+00 8.493933439608574e+01
3.130400000000000e+11 4.333796261797644e+00 8.510571146682236e+01
3.133700000000000e+11 4.456247621688640e+00 8.526013550051293e+01
3.137000000000000e+11 4.577293803172375e+00 8.540385688551503e+01
3.140300000000000e+11 4.696964952618501e+00 8.553797731857837e+01
3.143600000000000e+11 4.815292455156604e+00 8.566346686525499e+01
3.146900000000000e+11 4.932308845727080e+00 8.578117783748054e+01
3.150200000000000e+11 5.048047611666049e+00 8.589185648299042e+01
3.153500000000000e+11 5.162542897449089e+00 8.599615324961815e+01
3.156800000000000e+11 5.275829129629912e+00 8.609463219010456e+01
3.160100000000000e+11 5.387940585948378e+00 8.618777990285696e+01
3.163400000000000e+11 5.498910936722059e+00 8.627601425726577e+01
3.166700000000000e+11 5.608772788757408e+00 8.635969302708151e+01
3.170000000000000e+11 5.717557262022351e+00 8.643912245150879e+01
3.173300000000000e+11 5.825293627238183e+00 8.651456566129295e+01
3.176600000000000e+11 5.932009028552080e+00 8.658625084635709e+01
3.179900000000000e+11 6.037728309816657e+00 8.665437900246606e+01
3.183200000000000e+11 6.142473956134515e+00 8.671913107630134e+01
3.186500000000000e+11 6.246266154691412e+00 8.678067432984901e+01
3.189800000000000e+11 6.349122971015435e+00 8.683916776404719e+01
3.193100000000000e+11 6.451060629196058e+00 8.689476647532878e+01
3.196400000000000e+11 6.552093877775363e+00 8.694762486364532e+01
3.199700000000000e+11 6.652236417432432e+00 8.699789866291101e+01
3.203000000000000e+11 6.751501362581103e+00 8.704574582056991e+01
3.206300000000000e+11 6.849901706847771e+00 8.709132630819617e+01
3.209600000000000e+11 6.947450762215788e+00 8.713480099593004e+01
3.212900000000000e+11 7.044162543428117e+00 8.717632976691969e+01
3.216200000000000e+11 7.140052072901701e+00 8.721606908103563e+01
3.219500000000000e+11 7.235135586686833e+00 8.725416921802895e+01
3.222800000000000e+11 7.329430628560909e+00 8.729077143783749e+01
3.226100000000000e+11 7.422956026750393e+00 8.732600528953236e+01
3.229400000000000e+11 7.515731755551047e+00 8.735998628094491e+01
3.232700000000000e+11 7.607778691756840e+00 8.739281408956056e+01
3.236000000000000e+11 7.699118282811832e+00 8.742457145376882e+01
3.239300000000000e+11 7.789772149506647e+00 8.745532383459479e+01
3.242600000000000e+11 7.879761650456219e+00 8.748511988460868e+01
3.245900000000000e+11 7.969107438219106e+00 8.751399270608799e+01
3.249200000000000e+11 8.057829037567128e+00 8.754196182807986e+01
3.252500000000000e+11 8.145944475035465e+00 8.756903578497932e+01
3.255800000000000e+11 8.233469985556397e+00 8.759521514050118e+01
3.259100000000000e+11 8.320419816920033e+00 8.762049577281942e+01
3.262400000000000e+11 8.406806146340733e+00 8.764487222084503e+01
3.265700000000000e+11 8.492639115960346e+00 8.766834088892448e+01
3.269000000000000e+11 8.577926986187899e+00 8.769090291772999e+01
3.272300000000000e+11 8.662676397877263e+00 8.771256655184322e+01
3.275600000000000e+11 8.746892727005301e+00 8.773334886794305e+01
3.278900000000000e+11 8.830580509224438e+00 8.775327676927927e+01
3.282200000000000e+11 8.913743906834549e+00 8.777238719947628e+01
3.285500000000000e+11 8.996387187680446e+00 8.779072657858697e+01
3.288800000000000e+11 9.078515184440798e+00 8.780834951354004e+01
3.292100000000000e+11 9.160133703802861e+00 8.782531688058643e+01
3.295400000000000e+11 9.241249858075307e+00 8.784169341627967e+01
3.298700000000000e+11 9.321872296683807e+00 8.785754498352941e+01
3.302000000000000e+11 9.402011321422663e+00 8.787293569854630e+01
3.305300000000000e+11 9.481678876899863e+00 8.788792511194504e+01
3.308600000000000e+11 9.560888415822019e+00 8.790256563242235e+01
3.311900000000000e+11 9.639654647100421e+00 8.791690036464786e+01
3.315200000000000e+11 9.717993182665458e+00 8.793096150535411e+01
3.318500000000000e+11 9.795920105830259e+00 8.794476940479122e+01
3.321800000000000e+11 9.873451489577020e+00 8.795833235708960e+01
3.325100000000000e+11 9.950602896852953e+00 8.797164713535540e+01
3.328400000000000e+11 1.002738889659936e+01 8.798470023861087e+01
3.331700000000000e+11 1.010382262863951e+01 8.799746977106425e+01
3.335000000000000e+11 1.017991544774475e+01 8.800992783272729e+01
3.338300000000000e+11 1.025567667232365e+01 8.802204326674567e+01
3.341600000000000e+11 1.033111345654290e+01 8.803378458523784e+01
3.344900000000000e+11 1.040623079670303e+01 8.804512288341893e+01
3.348200000000000e+11 1.048103167387111e+01 8.805603455218676e+01
3.351500000000000e+11 1.055551732569261e+01 8.806650361209307e+01
3.354800000000000e+11 1.062968763155800e+01 8.807652351587704e+01
3.358100000000000e+11 1.070354158746976e+01 8.808609830095457e+01
3.361400000000000e+11 1.077707784057144e+01 8.809524301519275e+01
3.364700000000000e+11 1.085029524879391e+01 8.810398338626631e+01
3.368000000000000e+11 1.092319342877428e+01 8.811235475391400e+01
3.371300000000000e+11 1.099577325529081e+01 8.812040033235114e+01
3.374600000000000e+11 1.106803727796493e+01 8.812816891394635e+01
3.377900000000000e+11 1.113999002579687e+01 8.813571216221899e+01
3.381200000000000e+11 1.121163817694597e+01 8.814308166994901e+01
3.384500000000000e+11 1.128299057964396e+01 8.815032597485261e+01
3.387800000000000e+11 1.135405811972084e+01 8.815748772975736e+01
3.391100000000000e+11 1.142485344032447e+01 8.816460121608189e+01
3.394400000000000e+11 1.149539052938127e+01 8.817169036905001e+01
3.397700000000000e+11 1.156568419951798e+01 8.817876745158382e+01
3.401000000000000e+11 1.163574949291913e+01 8.818583247307622e+01
3.404300000000000e+11 1.170560104938772e+01 8.819287340169788e+01
3.407600000000000e+11 1.177525247927083e+01 8.819986716754772e+01
3.410900000000000e+11 1.184471578362900e+01 8.820678140204512e+01
3.414200000000000e+11 1.191400086195044e+01 8.821357680987708e+01
3.417500000000000e+11 1.198311514290735e+01 8.822021002680499e+01
3.420800000000000e+11 1.205206336638240e+01 8.822663678259644e+01
3.424100000000000e+11 1.212084753566968e+01 8.823281516562420e+01
3.427400000000000e+11 1.218946704795294e+01 8.823870877590544e+01
3.430700000000000e+11 1.225791899955352e+01 8.824428955732138e+01
3.434000000000000e+11 1.232619865076698e+01 8.824954011734904e+01
3.437300000000000e+11 1.239430002412109e+01 8.825445537289329e+01
3.440600000000000e+11 1.246221660032995e+01 8.825904340188634e+01
3.443900000000000e+11 1.252994206872381e+01 8.826332542976097e+01
3.447200000000000e+11 1.259747108404909e+01 8.826733493465079e+01
3.450500000000000e+11 1.266479997963245e+01 8.827111591184502e+01
3.453800000000000e+11 1.273192738818503e+01 8.827472039314551e+01
3.457100000000000e+11 1.279885472600989e+01 8.827820536683339e+01
3.460400000000000e+11 1.286558650386337e+01 8.828162928580616e+01
3.463700000000000e+11 1.293213043783986e+01 8.828504838230775e+01
3.467000000000000e+11 1.299849734583133e+01 8.828851302540174e+01
3.470300000000000e+11 1.306470082865470e+01 8.829206436052147e+01
3.473600000000000e+11 1.313075674902004e+01 8.829573145848467e+01
3.476900000000000e+11 1.319668253524356e+01 8.829952917463345e+01
3.480200000000000e+11 1.326249634909457e+01 8.830345687850135e+01
3.483500000000000e+11 1.332821616755453e+01 8.830749816277765e+01
3.486800000000000e+11 1.339385883580536e+01 8.831162158027567e+01
3.490100000000000e+11 1.345943915286701e+01 8.831578239272473e+01
3.493400000000000e+11 1.352496905158139e+01 8.831992524949540e+01
3.496700000000000e+11 1.359045693093858e+01 8.832398765205754e+01
3.500000000000000e+11 1.365590719117161e+01 8.832790400514791e+01
