2.000000000000000e+10 2.430626467341978e+01 -9.006249278478148e+01
2.033000000000000e+10 2.388108324706184e+01 -9.006350339653818e+01
2.066000000000000e+10 2.346899007371238e+01 -9.006451462758227e+01
2.099000000000000e+10 2.306936775133889e+01 -9.006552646885103e+01
2.132000000000000e+10 2.268163709782595e+01 -9.006653889737552e+01
2.165000000000000e+10 2.230525424254393e+01 -9.006755186841572e+01
2.198000000000000e+10 2.193970798076025e+01 -9.006856531609098e+01
2.231000000000000e+10 2.158451736166646e+01 -9.006957916205015e+01
2.264000000000000e+10 2.123922948470119e+01 -9.007059332886610e+01
2.297000000000000e+10 2.090341748273360e+01 -9.007160775320668e+01
2.330000000000000e+10 2.057667867420210e+01 -9.007262239397502e+01
2.363000000000000e+10 2.025863286914380e+01 -9.007363723237664e+01
2.396000000000000e+10 1.994892081604768e+01 -9.007465226365946e+01
2.429000000000000e+10 1.964720277762028e+01 -9.007566748313512e+01
2.462000000000000e+10 1.935315722408440e+01 -9.007668287107211e+01
2.495000000000000e+10 1.906647963286130e+01 -9.007769838152277e+01
2.528000000000000e+10 1.878688138377967e+01 -9.007871393897041e+01
2.561000000000000e+10 1.851408873956867e+01 -9.007972944424181e+01
2.594000000000000e+10 1.824784190244545e+01 -9.008074478819995e+01
2.627000000000000e+10 1.798789413904639e+01 -9.008175986927512e+01
2.660000000000000e+10 1.773401096754904e+01 -9.008277460962994e+01
2.693000000000000e+10 1.748596940232357e+01 -9.008378896513256e+01
2.726000000000000e+10 1.724355725257800e+01 -9.008480292613416e+01
2.759000000000000e+10 1.700657247204693e+01 -9.008581650882566e+01
2.792000000000000e+10 1.677482255683782e+01 -9.008682973973147e+01
2.825000000000000e+10 1.654812398819951e+01 -9.008784263791017e+01
2.858000000000000e+10 1.632630171647255e+01 -9.008885520003369e+01
2.891000000000000e+10 1.610918868207580e+01 -9.008986739254624e+01
2.924000000000000e+10 1.589662536928790e+01 -9.009087915291801e+01
2.957000000000000e+10 1.568845938890226e+01 -9.009189039924023e+01
2.990000000000000e+10 1.548454508652660e+01 -9.009290104495985e+01
3.023000000000000e+10 1.528474317420811e+01 -9.009391101413223e+01
3.056000000000000e+10 1.508892038397698e+01 -9.009492025258294e+01
3.089000000000000e+10 1.489694914259099e+01 -9.009592873180711e+01
3.122000000000000e+10 1.470870726709444e+01 -9.009693644478082e+01
3.155000000000000e+10 1.452407768072891e+01 -9.009794339541234e+01
3.188000000000000e+10 1.434294814834656e+01 -9.009894958529050e+01
3.221000000000000e+10 1.416521102994369e+01 -9.009995500214899e+01
3.254000000000000e+10 1.399076305045272e+01 -9.010095961379447e+01
3.287000000000000e+10 1.381950508369558e+01 -9.010196336942806e+01
3.320000000000000e+10 1.365134194848470e+01 -9.010296620785934e+01
3.353000000000000e+10 1.348618221526481e+01 -9.010396806987679e+01
3.386000000000000e+10 1.332393802229881e+01 -9.010496891066705e+01
3.419000000000000e+10 1.316452490104126e+01 -9.010596870813190e+01
3.452000000000000e+10 1.300786161084531e+01 -9.010696746420186e+01
3.485000000000000e+10 1.285386998336076e+01 -9.010796519845664e+01
3.518000000000000e+10 1.270247477688357e+01 -9.010896193579266e+01
3.551000000000000e+10 1.255360354053609e+01 -9.010995769181538e+01
3.584000000000000e+10 1.240718648765221e+01 -9.011095246045424e+01
3.617000000000000e+10 1.226315637725716e+01 -9.011194620771482e+01
3.650000000000000e+10 1.212144840224959e+01 -9.011293887372589e+01
3.683000000000000e+10 1.198200008288815e+01 -9.011393038272695e+01
3.716000000000000e+10 1.184475116447585e+01 -9.011492065824943e+01
3.749000000000000e+10 1.170964351864123e+01 -9.011590963909643e+01
3.782000000000000e+10 1.157662104818120e+01 -9.011689729139485e+01
3.815000000000000e+10 1.144562959591173e+01 -9.011788361304356e+01
3.848000000000000e+10 1.131661685821920e+01 -9.011886862906999e+01
3.881000000000000e+10 1.118953230396639e+01 -9.011985237901726e+01
3.914000000000000e+10 1.106432709909913e+01 -9.012083489982626e+01
3.947000000000000e+10 1.094095403682055e+01 -9.012181620899916e+01
3.980000000000000e+10 1.081936747270458e+01 -9.012279629277617e+01
4.013000000000000e+10 1.069952326374627e+01 -9.012377510263926e+01
4.046000000000000e+10 1.058137871021152e+01 -9.012475256106040e+01
4.079000000000000e+10 1.046489249928594e+01 -9.012572857479904e+01
4.112000000000000e+10 1.035002464988915e+01 -9.012670305191521e+01
4.145000000000000e+10 1.023673645850748e+01 -9.012767591768552e+01
4.178000000000000e+10 1.012499044636789e+01 -9.012864712500608e+01
4.211000000000000e+10 1.001475030859036e+01 -9.012961665655816e+01
4.244000000000000e+10 9.905980866040979e+00 -9.013058451845055e+01
4.277000000000000e+10 9.798648020441279e+00 -9.013155072753420e+01
4.310000000000000e+10 9.692718712936209e+00 -9.013251529639237e+01
4.343000000000000e+10 9.588160885888849e+00 -9.013347822058755e+01
4.376000000000000e+10 9.484943447292938e+00 -9.013443947198856e+01
4.409000000000000e+10 9.383036236973760e+00 -9.013539900009910e+01
4.442000000000000e+10 9.282409993756131e+00 -9.013635674087877e+01
4.475000000000000e+10 9.183036322995919e+00 -9.013731263027874e+01
4.508000000000000e+10 9.084887664239378e+00 -9.013826661829395e+01
4.541000000000000e+10 8.987937259176284e+00 -9.013921867915786e+01
4.574000000000000e+10 8.892159120373870e+00 -9.014016881443105e+01
4.607000000000000e+10 8.797528001431981e+00 -9.014111704780731e+01
4.640000000000000e+10 8.704019369141152e+00 -9.014206341286337e+01
4.673000000000000e+10 8.611609377987223e+00 -9.014300793704116e+01
4.706000000000000e+10 8.520274846994681e+00 -9.014395062623478e+01
4.739000000000000e+10 8.429993238549645e+00 -9.014489145419694e+01
4.772000000000000e+10 8.340742638584393e+00 -9.014583035962232e+01
4.805000000000000e+10 8.252501737419527e+00 -9.014676725163163e+01
4.838000000000000e+10 8.165249810653297e+00 -9.014770202207070e+01
4.871000000000000e+10 8.078966699740931e+00 -9.014863456124908e+01
4.904000000000000e+10 7.993632792228607e+00 -9.014956477293610e+01
4.937000000000000e+10 7.909229001913943e+00 -9.015049258481601e+01
4.970000000000000e+10 7.825736749405912e+00 -9.015141795204087e+01
5.003000000000000e+10 7.743137943605521e+00 -9.015234085354010e+01
5.036000000000000e+10 7.661414964519063e+00 -9.015326128275781e+01
5.069000000000000e+10 7.580550647587969e+00 -9.015417923590608e+01
5.102000000000000e+10 7.500528269452209e+00 -9.015509470127199e+01
5.135000000000000e+10 7.421331534831789e+00 -9.015600765249523e+01
5.168000000000000e+10 7.342944564083007e+00 -9.015691804729263e+01
5.201000000000000e+10 7.265351880994456e+00 -9.015782583130334e+01
5.234000000000000e+10 7.188538400517960e+00 -9.015873094513557e+01
5.267000000000000e+10 7.112489416337533e+00 -9.015963333177582e+01
5.300000000000000e+10 7.037190588398360e+00 -9.016053294155564e+01
5.333000000000000e+10 6.962627930677702e+00 -9.016142973279403e+01
5.366000000000000e+10 6.888787799535038e+00 -9.016232366776234e+01
5.399000000000000e+10 6.815656882919340e+00 -9.016321470524366e+01
5.432000000000000e+10 6.743222190554044e+00 -9.016410279217405e+01
5.465000000000000e+10 6.671471045024576e+00 -9.016498785729112e+01
5.498000000000000e+10 6.600391073511719e+00 -9.016586980921507e+01
5.531000000000000e+10 6.529970199810335e+00 -9.016674854010995e+01
5.564000000000000e+10 6.460196636273448e+00 -9.016762393440384e+01
5.597000000000000e+10 6.391058875425577e+00 -9.016849588045400e+01
5.630000000000000e+10 6.322545681168691e+00 -9.016936428203694e+01
5.663000000000000e+10 6.254646079702630e+00 -9.017022906639791e+01
5.696000000000000e+10 6.187349350445154e+00 -9.017109018636150e+01
5.729000000000000e+10 6.120645017320781e+00 -9.017194761549582e+01
5.762000000000000e+10 6.054522840766251e+00 -9.017280133710113e+01
5.795000000000000e+10 5.988972810688739e+00 -9.017365132939547e+01
5.828000000000000e+10 5.923985140437400e+00 -9.017449755027114e+01
5.861000000000000e+10 5.859550261661416e+00 -9.017533992514542e+01
5.894000000000000e+10 5.795658819774394e+00 -9.017617834071729e+01
5.927000000000000e+10 5.732301669664223e+00 -9.017701264609713e+01
5.960000000000000e+10 5.669469871290858e+00 -9.017784266113196e+01
5.993000000000000e+10 5.607154684896789e+00 -9.017866819024472e+01
6.026000000000000e+10 5.545347565688324e+00 -9.017948903906398e+01
6.059000000000000e+10 5.484040157992928e+00 -9.018030503071431e+01
6.092000000000000e+10 5.423224289026929e+00 -9.018111601889727e+01
6.125000000000000e+10 5.362891962493694e+00 -9.018192189565033e+01
6.158000000000000e+10 5.303035352264861e+00 -9.018272259268741e+01
6.191000000000000e+10 5.243646796382212e+00 -9.018351807626476e+01
6.224000000000000e+10 5.184718791571245e+00 -9.018430833640775e+01
6.257000000000000e+10 5.126243988392598e+00 -9.018509337195663e+01
6.290000000000000e+10 5.068215187091288e+00 -9.018587317331934e+01
6.323000000000000e+10 5.010625334141663e+00 -9.018664770502613e+01
6.356000000000000e+10 4.953467519426563e+00 -9.018741689030725e+01
6.389000000000000e+10 4.896734973932637e+00 -9.018818059985965e+01
6.422000000000000e+10 4.840421067786866e+00 -9.018893864675778e+01
6.455000000000000e+10 4.784519308407846e+00 -9.018969078892300e+01
6.488000000000000e+10 4.729023338511190e+00 -9.019043673967830e+01
6.521000000000000e+10 4.673926933708481e+00 -9.019117618564633e+01
6.554000000000000e+10 4.619223999485279e+00 -9.019190880979842e+01
6.587000000000000e+10 4.564908567443837e+00 -9.019263431608194e+01
6.620000000000000e+10 4.510974790839941e+00 -9.019335245112109e+01
6.653000000000000e+10 4.457416939607670e+00 -9.019406301838956e+01
6.686000000000000e+10 4.404229395214035e+00 -9.019476588113754e+01
6.719000000000000e+10 4.351406645776481e+00 -9.019546095228678e+01
6.752000000000000e+10 4.298943281883189e+00 -9.019614817211733e+01
6.785000000000000e+10 4.246833993457511e+00 -9.019682747734456e+01
6.818000000000000e+10 4.195073567824186e+00 -9.019749876745364e+01
6.851000000000000e+10 4.143656888895531e+00 -9.019816187528730e+01
6.884000000000000e+10 4.092578937158863e+00 -9.019881654844561e+01
6.917000000000000e+10 4.041834789967528e+00 -9.019946244604576e+01
6.950000000000000e+10 3.991419621568270e+00 -9.020009915212442e+01
6.983000000000000e+10 3.941328702356836e+00 -9.020072620320821e+01
7.016000000000000e+10 3.891557397035223e+00 -9.020134312419015e+01
7.049000000000000e+10 3.842101161607077e+00 -9.020194946453434e+01
7.082000000000000e+10 3.792955539427993e+00 -9.020254482653621e+01
7.115000000000000e+10 3.744116156759046e+00 -9.020312887907860e+01
7.148000000000000e+10 3.695578718393474e+00 -9.020370135364259e+01
7.181000000000000e+10 3.647339003911394e+00 -9.020426202348693e+01
7.214000000000000e+10 3.599392864967877e+00 -9.020481067087137e+01
7.247000000000000e+10 3.551736223774547e+00 -9.020534704997154e+01
7.280000000000000e+10 3.504365072659768e+00 -9.020587085400049e+01
7.313000000000000e+10 3.457275474352912e+00 -9.020638169384372e+01
7.346000000000000e+10 3.410463562497301e+00 -9.020687909249948e+01
7.379000000000000e+10 3.363925541881474e+00 -9.020736249565476e+01
7.412000000000000e+10 3.317657687992360e+00 -9.020783129480130e+01
7.445000000000000e+10 3.271656345694674e+00 -9.020828485643301e+01
7.478000000000000e+10 3.225917927079139e+00 -9.020872254976936e+01
7.511000000000000e+10 3.180438908727286e+00 -9.020914376629128e+01
7.544000000000000e+10 3.135215828767045e+00 -9.020954792689491e+01
7.577000000000000e+10 3.090245284111819e+00 -9.020993447582441e+01
7.610000000000000e+10 3.045523928191339e+00 -9.021030286385967e+01
7.643000000000000e+10 3.001048469328736e+00 -9.021065252556986e+01
7.676000000000000e+10 2.956815669741855e+00 -9.021098285624986e+01
7.709000000000000e+10 2.912822345001690e+00 -9.021129319333936e+01
7.742000000000000e+10 2.869065363702320e+00 -9.021158280507714e+01
7.775000000000000e+10 2.825541647100936e+00 -9.021185088657364e+01
7.808000000000000e+10 2.782248168560946e+00 -9.021209656126126e+01
7.841000000000000e+10 2.739181952745031e+00 -9.021231888446106e+01
7.874000000000000e+10 2.696340074614317e+00 -9.021251684591161e+01
7.907000000000000e+10 2.653719658360534e+00 -9.021268936940663e+01
7.940000000000000e+10 2.611317876405307e+00 -9.021283530964864e+01
7.973000000000000e+10 2.569131948549252e+00 -9.021295344824205e+01
8.006000000000000e+10 2.527159141262686e+00 -9.021304249175707e+01
8.039000000000000e+10 2.485396767017132e+00 -9.021310107449224e+01
8.072000000000000e+10 2.443842183498225e+00 -9.021312776698765e+01
8.105000000000000e+10 2.402492792540683e+00 -9.021312108890956e+01
8.138000000000000e+10 2.361346038692407e+00 -9.021307952246210e+01
8.171000000000000e+10 2.320399407426744e+00 -9.021300152084898e+01
8.204000000000000e+10 2.279650423150051e+00 -9.021288550614101e+01
8.237000000000000e+10 2.239096647250542e+00 -9.021272985254879e+01
8.270000000000000e+10 2.198735676472635e+00 -9.021253285414191e+01
8.303000000000000e+10 2.158565141860807e+00 -9.021229267983489e+01
8.336000000000000e+10 2.118582708403058e+00 -9.021200732187735e+01
8.369000000000000e+10 2.078786075347134e+00 -9.021167454611565e+01
8.402000000000000e+10 2.039172977003965e+00 -9.021129185232776e+01
8.435000000000000e+10 1.999741183735121e+00 -9.021085645075952e+01
8.468000000000000e+10 1.960488502779449e+00 -9.021036525718986e+01
8.501000000000000e+10 1.921412778617169e+00 -9.020981490433950e+01
8.534000000000000e+10 1.882511892686632e+00 -9.020920176342175e+01
8.567000000000000e+10 1.843783762425114e+00 -9.020852196718306e+01
8.600000000000000e+10 1.805226339757838e+00 -9.020777142547513e+01
8.633000000000000e+10 1.766837609268978e+00 -9.020694582624289e+01
8.666000000000000e+10 1.728615586327161e+00 -9.020604061815419e+01
8.699000000000000e+10 1.690558315404093e+00 -9.020505097488076e+01
8.732000000000000e+10 1.652663868734926e+00 -9.020397174412439e+01
8.765000000000000e+10 1.614930345356342e+00 -9.020279738596999e+01
8.798000000000000e+10 1.577355870459971e+00 -9.020152190471639e+01
8.831000000000000e+10 1.539938594945670e+00 -9.020013877627943e+01
8.864000000000000e+10 1.502676695060193e+00 -9.019864087046413e+01
8.897000000000000e+10 1.465568372056065e+00 -9.019702036492789e+01
8.930000000000000e+10 1.428611851876763e+00 -9.019526864650646e+01
8.963000000000000e+10 1.391805384934174e+00 -9.019337619620462e+01
8.996000000000000e+10 1.355147246064807e+00 -9.019133245632304e+01
9.029000000000000e+10 1.318635734720196e+00 -9.018912568105854e+01
9.062000000000000e+10 1.282269175368841e+00 -9.018674277407393e+01
9.095000000000000e+10 1.246045917990752e+00 -9.018416911671149e+01
9.128000000000000e+10 1.209964338466254e+00 -9.018138838791882e+01
9.161000000000000e+10 1.174022838632588e+00 -9.017838237145354e+01
9.194000000000000e+10 1.138219845826703e+00 -9.017513073849994e+01
9.227000000000000e+10 1.102553811846178e+00 -9.017161078611797e+01
9.260000000000000e+10 1.067023211416021e+00 -9.016779710577534e+01
9.293000000000000e+10 1.031626540401996e+00 -9.016366115313809e+01
9.326000000000000e+10 9.963623141124514e-01 -9.015917069087597e+01
9.359000000000000e+10 9.612290660420167e-01 -9.015428907953145e+01
9.392000000000000e+10 9.262253473191185e-01 -9.014897439534305e+01
9.425000000000000e+10 8.913497269423004e-01 -9.014317835486948e+01
9.458000000000000e+10 8.566007926737972e-01 -9.013684502054549e+01
9.491000000000000e+10 8.219771522642494e-01 -9.012990924541606e+01
9.524000000000000e+10 7.874774345698672e-01 -9.012229478662044e+01
9.557000000000000e+10 7.531002901328606e-01 -9.011391197409084e+01
9.590000000000000e+10 7.188443909335275e-01 -9.010465476225821e+01
9.623000000000000e+10 6.847084292568755e-01 -9.009439691633197e+01
9.656000000000000e+10 6.506911158862645e-01 -9.008298698561413e+01
9.689000000000000e+10 6.167911780648765e-01 -9.007024158274778e+01
9.722000000000000e+10 5.830073577858771e-01 -9.005593629678616e+01
9.755000000000000e+10 5.493384109442736e-01 -9.003979327813617e+01
9.788000000000000e+10 5.157831077114471e-01 -9.002146407325465e+01
9.821000000000000e+10 4.823402342240299e-01 -9.000050553246201e+01
9.854000000000000e+10 4.490085953956700e-01 -8.997634534696358e+01
9.887000000000000e+10 4.157870184590077e-01 -8.994823159027798e+01
9.920000000000000e+10 3.826743568224047e-01 -8.991515677790966e+01
9.953000000000000e+10 3.496694940567806e-01 -8.987573987297414e+01
9.986000000000000e+10 3.167713483881597e-01 -8.982803607965464e+01
1.001900000000000e+11 2.839788790895769e-01 -8.976921680511172e+01
1.005200000000000e+11 2.512910980016704e-01 -8.969500304303925e+01
1.008500000000000e+11 2.187070931369549e-01 -8.959859803347028e+01
1.011800000000000e+11 1.862260802474867e-01 -8.946851430889451e+01
1.015100000000000e+11 1.538475234790876e-01 -8.928368124732197e+01
1.018400000000000e+11 1.215714512990624e-01 -8.900081805145282e+01
1.021700000000000e+11 8.939945341189651e-02 -8.851471099336946e+01
1.025000000000000e+11 5.733900656311376e-02 -8.748588232948541e+01
1.028300000000000e+11 2.544029711477100e-02 -8.387636038867088e+01
1.031600000000000e+11 7.212144511691093e-03 6.617658247839165e+01
1.034900000000000e+11 3.852147634317285e-02 8.536459109576674e+01
1.038200000000000e+11 7.017766074937405e-02 8.729348141410300e+01
1.041500000000000e+11 1.017710175754385e-01 8.802059959936120e+01
1.044800000000000e+11 1.332810104108570e-01 8.840177556788099e+01
1.048100000000000e+11 1.647035757369554e-01 8.863617328650385e+01
1.051400000000000e+11 1.960378568749180e-01 8.879470031138547e+01
1.054700000000000e+11 2.272839757035157e-01 8.890892944329309e+01
1.058000000000000e+11 2.584424333931809e-01 8.899505122838298e+01
1.061300000000000e+11 2.895139013898462e-01 8.906222410272981e+01
1.064600000000000e+11 3.204991344963914e-01 8.911601780564425e+01
1.067900000000000e+11 3.513989294923202e-01 8.916001386876970e+01
1.071200000000000e+11 3.822141031428121e-01 8.919661972081732e+01
1.074500000000000e+11 4.129454794673212e-01 8.922751311003667e+01
1.077800000000000e+11 4.435938819245621e-01 8.925389893958010e+01
1.081100000000000e+11 4.741601284569856e-01 8.927666483023044e+01
1.084400000000000e+11 5.046450283189092e-01 8.929647912997918e+01
1.087700000000000e+11 5.350493800948530e-01 8.931385477349735e+01
1.091000000000000e+11 5.653739706054218e-01 8.932919211741471e+01
1.094300000000000e+11 5.956195745982805e-01 8.934280841001517e+01
1.097600000000000e+11 6.257869552432902e-01 8.935495851527740e+01
1.100900000000000e+11 6.558768654753885e-01 8.936584975817324e+01
1.104200000000000e+11 6.858900501452406e-01 8.937565271593820e+01
1.107500000000000e+11 7.158272487648824e-01 8.938450914741530e+01
1.110800000000000e+11 7.456891984256530e-01 8.939253786409949e+01
1.114100000000000e+11 7.754766362952596e-01 8.939983910642572e+01
1.117400000000000e+11 8.051903010477134e-01 8.940649783855567e+01
1.120700000000000e+11 8.348309326971958e-01 8.941258627617866e+01
1.124000000000000e+11 8.643992705994682e-01 8.941816589004667e+01
1.127300000000000e+11 8.938960498009418e-01 8.942328906765468e+01
1.130600000000000e+11 9.233219963558947e-01 8.942800055924884e+01
1.133900000000000e+11 9.526778225728709e-01 8.943233878087727e+01
1.137200000000000e+11 9.819642232811111e-01 8.943633699952498e+01
1.140500000000000e+11 1.011181874062513e+00 8.944002438879657e+01
1.143800000000000e+11 1.040331431984600e+00 8.944342692288032e+01
1.147100000000000e+11 1.069413538782024e+00 8.944656807419297e+01
1.150400000000000e+11 1.098428825814374e+00 8.944946929480160e+01
1.153700000000000e+11 1.127377919646820e+00 8.945215028832828e+01
1.157000000000000e+11 1.156261446898657e+00 8.945462910951048e+01
1.160300000000000e+11 1.185080037158230e+00 8.945692215397260e+01
1.163600000000000e+11 1.213834323247386e+00 8.945904411349093e+01
1.166900000000000e+11 1.242524938817573e+00 8.946100796792291e+01
1.170200000000000e+11 1.271152513986225e+00 8.946282506450166e+01
1.173500000000000e+11 1.299717670272800e+00 8.946450530324958e+01
1.176800000000000e+11 1.328221016305734e+00 8.946605741211306e+01
1.180100000000000e+11 1.356663145570615e+00 8.946748926621750e+01
1.183400000000000e+11 1.385044636899500e+00 8.946880819015047e+01
1.186700000000000e+11 1.413366057612170e+00 8.947002118437736e+01
1.190000000000000e+11 1.441627968435000e+00 8.947113503603255e+01
1.193300000000000e+11 1.469830928770221e+00 8.947215630489885e+01
1.196600000000000e+11 1.497975500740419e+00 8.947309120874075e+01
1.199900000000000e+11 1.526062250746539e+00 8.947394545884765e+01
1.203200000000000e+11 1.554091747980030e+00 8.947472410901014e+01
1.206500000000000e+11 1.582064560225128e+00 8.947543147566655e+01
1.209800000000000e+11 1.609981248119720e+00 8.947607116500272e+01
1.213100000000000e+11 1.637842359558781e+00 8.947664621059036e+01
1.216400000000000e+11 1.665648425959194e+00 8.947715929182110e+01
1.219700000000000e+11 1.693399961623826e+00 8.947761297850587e+01
1.223000000000000e+11 1.721097466569926e+00 8.947800993782818e+01
1.226300000000000e+11 1.748741432163489e+00 8.947835304913970e+01
1.229600000000000e+11 1.776332348027840e+00 8.947864539746833e+01
1.232900000000000e+11 1.803870708238802e+00 8.947889015086415e+01
1.236200000000000e+11 1.831357014935998e+00 8.947909036009519e+01
1.239500000000000e+11 1.858791778162898e+00 8.947924874201627e+01
1.242800000000000e+11 1.886175511818499e+00 8.947936751334858e+01
1.246100000000000e+11 1.913508726760280e+00 8.947944832779459e+01
1.249400000000000e+11 1.940791923000222e+00 8.947949234000309e+01
1.252700000000000e+11 1.968025583300903e+00 8.947950038314941e+01
1.256000000000000e+11 1.995210170173824e+00 8.947947321330219e+01
1.259300000000000e+11 2.022346127364997e+00 8.947941175315904e+01
1.262600000000000e+11 2.049433885628958e+00 8.947931726633297e+01
1.265900000000000e+11 2.076473871305955e+00 8.947919141195455e+01
1.269200000000000e+11 2.103466515312509e+00 8.947903616296357e+01
1.272500000000000e+11 2.130412259918943e+00 8.947885361056709e+01
1.275800000000000e+11 2.157311561222033e+00 8.947864571078271e+01
1.279100000000000e+11 2.184164886403017e+00 8.947841404682266e+01
1.282400000000000e+11 2.210972706369245e+00 8.947815967787321e+01
1.285700000000000e+11 2.237735485777977e+00 8.947788312099664e+01
1.289000000000000e+11 2.264453673310502e+00 8.947758447493931e+01
1.292300000000000e+11 2.291127695120136e+00 8.947726365329014e+01
1.295600000000000e+11 2.317757953562854e+00 8.947692066170853e+01
1.298900000000000e+11 2.344344831836652e+00 8.947655583953592e+01
1.302200000000000e+11 2.370888703415894e+00 8.947616999471616e+01
1.305500000000000e+11 2.397389943676292e+00 8.947576439059489e+01
1.308800000000000e+11 2.423848940323549e+00 8.947534058572701e+01
1.312100000000000e+11 2.450266099431693e+00 8.947490017115280e+01
1.315400000000000e+11 2.476641845058073e+00 8.947444448105172e+01
1.318700000000000e+11 2.502976612231267e+00 8.947397436267086e+01
1.322000000000000e+11 2.529270835093718e+00 8.947349007642423e+01
1.325300000000000e+11 2.555524933536395e+00 8.947299136072844e+01
1.328600000000000e+11 2.581739302300817e+00 8.947247764845551e+01
1.331900000000000e+11 2.607914306004276e+00 8.947194837654637e+01
1.335200000000000e+11 2.634050281959668e+00 8.947140330062946e+01
1.338500000000000e+11 2.660147550428878e+00 8.947084272175431e+01
1.341800000000000e+11 2.686206429695175e+00 8.947026755474161e+01
1.345100000000000e+11 2.712227251741048e+00 8.946967921160311e+01
1.348400000000000e+11 2.738210373881486e+00 8.946907932685988e+01
1.351700000000000e+11 2.764156182628046e+00 8.946846939913075e+01
1.355000000000000e+11 2.790065088145761e+00 8.946785045095231e+01
1.358300000000000e+11 2.815937510361414e+00 8.946722280763227e+01
1.361600000000000e+11 2.841773860321481e+00 8.946658606531665e+01
1.364900000000000e+11 2.867574522023025e+00 8.946593926614085e+01
1.368200000000000e+11 2.893339840115894e+00 8.946528123879035e+01
1.371500000000000e+11 2.919070117468027e+00 8.946461101301307e+01
1.374800000000000e+11 2.944765623921607e+00 8.946392819146654e+01
1.378100000000000e+11 2.970426614360688e+00 8.946323316994544e+01
1.381400000000000e+11 2.996053351374344e+00 8.946252713657699e+01
1.384700000000000e+11 3.021646126187297e+00 8.946181184167887e+01
1.388000000000000e+11 3.047205271684399e+00 8.946108919582535e+01
1.391300000000000e+11 3.072731163326593e+00 8.946036080530303e+01
1.394600000000000e+11 3.098224207067167e+00 8.945962757616840e+01
1.397900000000000e+11 3.123684817125059e+00 8.945888950300932e+01
1.401200000000000e+11 3.149113389585732e+00 8.945814570930894e+01
1.404500000000000e+11 3.174510279325896e+00 8.945739473598157e+01
1.407800000000000e+11 3.199875787168489e+00 8.945663500278242e+01
1.411100000000000e+11 3.225210161522975e+00 8.945586531466697e+01
1.414400000000000e+11 3.250513614725635e+00 8.945508526777419e+01
1.417700000000000e+11 3.275786349977654e+00 8.945429543388208e+01
1.421000000000000e+11 3.301028591440468e+00 8.945349726252186e+01
1.424300000000000e+11 3.326240608727900e+00 8.945269272025577e+01
1.427600000000000e+11 3.351422728233466e+00 8.945188376430191e+01
1.430900000000000e+11 3.376575327234912e+00 8.945107180001564e+01
1.434200000000000e+11 3.401698811624306e+00 8.945025728234943e+01
1.437500000000000e+11 3.426793583047184e+00 8.944943958549865e+01
1.440800000000000e+11 3.451860004739805e+00 8.944861719098176e+01
1.444100000000000e+11 3.476898376303216e+00 8.944778815240451e+01
1.447400000000000e+11 3.501908925610752e+00 8.944695071120340e+01
1.450700000000000e+11 3.526891821428423e+00 8.944610388681875e+01
1.454000000000000e+11 3.551847204346831e+00 8.944524786346797e+01
1.457300000000000e+11 3.576775227964175e+00 8.944438404681128e+01
1.460600000000000e+11 3.601676098625563e+00 8.944351475500831e+01
1.463900000000000e+11 3.626550101631276e+00 8.944264261520277e+01
1.467200000000000e+11 3.651397605012912e+00 8.944176982795037e+01
1.470500000000000e+11 3.676219038046165e+00 8.944089751079066e+01
1.473800000000000e+11 3.701014849025006e+00 8.944002532139442e+01
1.477100000000000e+11 3.725785453375244e+00 8.943915149021201e+01
1.480400000000000e+11 3.750531186931897e+00 8.943827327946482e+01
1.483700000000000e+11 3.775252278826148e+00 8.943738776023804e+01
1.487000000000000e+11 3.799948853719314e+00 8.943649269827270e+01
1.490300000000000e+11 3.824620965143716e+00 8.943558729294686e+01
1.493600000000000e+11 3.849268652568209e+00 8.943467253992304e+01
1.496900000000000e+11 3.873892007105701e+00 8.943375108318791e+01
1.500200000000000e+11 3.898491226919565e+00 8.943282656350668e+01
1.503500000000000e+11 3.923066644817426e+00 8.943190261957562e+01
1.506800000000000e+11 3.947618717275133e+00 8.943098181236007e+01
1.510100000000000e+11 3.972147974669292e+00 8.943006478642887e+01
1.513400000000000e+11 3.996654944050325e+00 8.942914993666409e+01
1.516700000000000e+11 4.021140065043887e+00 8.942823372110172e+01
1.520000000000000e+11 4.045603623500824e+00 8.942731158156171e+01
1.523300000000000e+11 4.070045724657080e+00 8.942637925114600e+01
1.526600000000000e+11 4.094466317993851e+00 8.942543409430600e+01
1.529900000000000e+11 4.118865271868057e+00 8.942447608375259e+01
1.533200000000000e+11 4.143242480977903e+00 8.942350808883961e+01
1.536500000000000e+11 4.167597978140206e+00 8.942253532163599e+01
1.539800000000000e+11 4.191932017398376e+00 8.942156401935560e+01
1.543100000000000e+11 4.216245100207562e+00 8.942059967390676e+01
1.546400000000000e+11 4.240537929972846e+00 8.941964528449157e+01
1.549700000000000e+11 4.264811299612320e+00 8.941870015372966e+01
1.553000000000000e+11 4.289065937162147e+00 8.941775964702194e+01
1.556300000000000e+11 4.313302350011834e+00 8.941681610258277e+01
1.559600000000000e+11 4.337520714149548e+00 8.941586076763792e+01
1.562900000000000e+11 4.361720847990558e+00 8.941488632395111e+01
1.566200000000000e+11 4.385902291332715e+00 8.941388934043577e+01
1.569500000000000e+11 4.410064482545205e+00 8.941287192457138e+01
1.572800000000000e+11 4.434206997829023e+00 8.941184197413368e+01
1.576100000000000e+11 4.458329793147791e+00 8.941081174364282e+01
1.579400000000000e+11 4.482433379379740e+00 8.940979487274737e+01
1.582700000000000e+11 4.506518868878521e+00 8.940880247473278e+01
1.586000000000000e+11 4.530587857306339e+00 8.940783923510719e+01
1.589300000000000e+11 4.554642144004080e+00 8.940690061864221e+01
1.592600000000000e+11 4.578683338948463e+00 8.940597216538961e+01
1.595900000000000e+11 4.602712443880667e+00 8.940503146995404e+01
1.599200000000000e+11 4.626729519038292e+00 8.940405284846550e+01
1.602500000000000e+11 4.650733547562496e+00 8.940301402548087e+01
1.605800000000000e+11 4.674722584764472e+00 8.940190357045888e+01
1.609100000000000e+11 4.698694233225782e+00 8.940072742707709e+01
1.612400000000000e+11 4.722646428034653e+00 8.939951280986855e+01
1.615700000000000e+11 4.746578465899809e+00 8.939830801025265e+01
1.619000000000000e+11 4.770492188764642e+00 8.939717715849834e+01
1.622300000000000e+11 4.794393263910042e+00 8.939618945492256e+01
1.625600000000000e+11 4.818292628586353e+00 8.939540219462934e+01
1.628900000000000e+11 4.842208463994019e+00 8.939483448173090e+01
1.632200000000000e+11 4.866169689739388e+00 8.939441883982849e+01
1.635500000000000e+11 4.890223128730094e+00 8.939388179653255e+01
1.638800000000000e+11 4.914446569720074e+00 8.939235794790531e+01
1.642100000000000e+11 4.938939747454544e+00 8.938692201272674e+01
1.645400000000000e+11 4.963374792589579e+00 8.936846617630837e+01
1.648700000000000e+11 4.985218881078609e+00 8.934318690412312e+01
1.652000000000000e+11 5.006576439198722e+00 8.935557539279905e+01
1.655300000000000e+11 5.030031471819833e+00 8.936904453112888e+01
1.658600000000000e+11 5.054050535269484e+00 8.937626002928224e+01
1.661900000000000e+11 5.078066566019571e+00 8.937987252619848e+01
1.665200000000000e+11 5.102025748552494e+00 8.938141982196480e+01
1.668500000000000e+11 5.125926065333647e+00 8.938175567900551e+01
1.671800000000000e+11 5.149770256308691e+00 8.938134932225105e+01
1.675100000000000e+11 5.173561952907144e+00 8.938049423395356e+01
1.678400000000000e+11 5.197305867153180e+00 8.937939304539678e+01
1.681700000000000e+11 5.221007976520519e+00 8.937818925003843e+01
1.685000000000000e+11 5.244675224488288e+00 8.937697929867787e+01
1.688300000000000e+11 5.268314861241537e+00 8.937581905033261e+01
1.691600000000000e+11 5.291933654138645e+00 8.937473017445974e+01
1.694900000000000e+11 5.315537183297639e+00 8.937370820585026e+01
1.698200000000000e+11 5.339129379414970e+00 8.937273199328556e+01
1.701500000000000e+11 5.362712382864212e+00 8.937177335955121e+01
1.704800000000000e+11 5.386286722030514e+00 8.937080555020643e+01
1.708100000000000e+11 5.409851739922819e+00 8.936980928751403e+01
1.711400000000000e+11 5.433406153303114e+00 8.936877578278934e+01
1.714700000000000e+11 5.456948614198376e+00 8.936770671168442e+01
1.718000000000000e+11 5.480478159276601e+00 8.936661175198141e+01
1.721300000000000e+11 5.503994471436471e+00 8.936550468992868e+01
1.724600000000000e+11 5.527497928953341e+00 8.936439924590965e+01
1.727900000000000e+11 5.550989467923109e+00 8.936330564805482e+01
1.731200000000000e+11 5.574470322224938e+00 8.936222864969206e+01
1.734500000000000e+11 5.597941724292984e+00 8.936116724206367e+01
1.737800000000000e+11 5.621404647373287e+00 8.936011587189549e+01
1.741100000000000e+11 5.644859648644496e+00 8.935906663590815e+01
1.744400000000000e+11 5.668306839701827e+00 8.935801175795407e+01
1.747700000000000e+11 5.691745975592195e+00 8.935694567827568e+01
1.751000000000000e+11 5.715176624668286e+00 8.935586627021766e+01
1.754300000000000e+11 5.738598365400238e+00 8.935477498324204e+01
1.757600000000000e+11 5.762010955577312e+00 8.935367601104883e+01
1.760900000000000e+11 5.785414432607690e+00 8.935257482329678e+01
1.764200000000000e+11 5.808809126092172e+00 8.935147652512386e+01
1.767500000000000e+11 5.832195588853956e+00 8.935038450081746e+01
1.770800000000000e+11 5.855574473482835e+00 8.934929967266204e+01
1.774100000000000e+11 5.878946393195895e+00 8.934822050760350e+01
1.777400000000000e+11 5.902311806218440e+00 8.934714369164423e+01
1.780700000000000e+11 5.925670952876956e+00 8.934606522170728e+01
1.784000000000000e+11 5.949023857726027e+00 8.934498157753465e+01
1.787300000000000e+11 5.972370390353202e+00 8.934389064719625e+01
1.790600000000000e+11 5.995710363137533e+00 8.934279217708385e+01
1.793900000000000e+11 6.019043636004353e+00 8.934168766721768e+01
1.797200000000000e+11 6.042370198761064e+00 8.934057979072482e+01
1.800500000000000e+11 6.065690210080997e+00 8.933947153941054e+01
1.803800000000000e+11 6.089003985741827e+00 8.933836535528582e+01
1.807100000000000e+11 6.112311943275775e+00 8.933726249035723e+01
1.810400000000000e+11 6.135614521732415e+00 8.933616275469839e+01
1.813700000000000e+11 6.158912100851751e+00 8.933506469303352e+01
1.817000000000000e+11 6.182204942469911e+00 8.933396610821310e+01
1.820300000000000e+11 6.205493169295970e+00 8.933286475938766e+01
1.823600000000000e+11 6.228776784806518e+00 8.933175902594523e+01
1.826900000000000e+11 6.252055726261625e+00 8.933064835174559e+01
1.830200000000000e+11 6.275329934004104e+00 8.932953335742417e+01
1.833500000000000e+11 6.298599416537542e+00 8.932841560823391e+01
1.836800000000000e+11 6.321864293107762e+00 8.932729712201571e+01
1.840100000000000e+11 6.345124802715129e+00 8.932617976984616e+01
1.843400000000000e+11 6.368381278410363e+00 8.932506474377523e+01
1.846700000000000e+11 6.391634095500782e+00 8.932395223840153e+01
1.850000000000000e+11 6.414883609227449e+00 8.932284142622713e+01
1.853300000000000e+11 6.438130099783334e+00 8.932173072123287e+01
1.856600000000000e+11 6.461373739804104e+00 8.932061824541434e+01
1.859900000000000e+11 6.484614592651629e+00 8.931950236066250e+01
1.863200000000000e+11 6.507852640978410e+00 8.931838211638251e+01
1.866500000000000e+11 6.531087836717457e+00 8.931725749287720e+01
1.869800000000000e+11 6.554320158061290e+00 8.931612938169638e+01
1.873100000000000e+11 6.577549657587462e+00 8.931499931862670e+01
1.876400000000000e+11 6.600776488676594e+00 8.931386905183264e+01
1.879700000000000e+11 6.624000903757220e+00 8.931274006905078e+01
1.883000000000000e+11 6.647223225823505e+00 8.931161321355961e+01
1.886300000000000e+11 6.670443801889263e+00 8.931048848901817e+01
1.889600000000000e+11 6.693662951630847e+00 8.930936509781604e+01
1.892900000000000e+11 6.716880925284737e+00 8.930824169254340e+01
1.896200000000000e+11 6.740097881837283e+00 8.930711676356923e+01
1.899500000000000e+11 6.763313892638777e+00 8.930598905244346e+01
1.902800000000000e+11 6.786528968512902e+00 8.930485787878649e+01
1.906100000000000e+11 6.809743102162297e+00 8.930372329662622e+01
1.909400000000000e+11 6.832956313862947e+00 8.930258604573450e+01
1.912700000000000e+11 6.856168688012699e+00 8.930144732010149e+01
1.916000000000000e+11 6.879380391041643e+00 8.930030842370245e+01
1.919300000000000e+11 6.902591666563726e+00 8.929917041072247e+01
1.922600000000000e+11 6.925802809914872e+00 8.929803380713707e+01
1.925900000000000e+11 6.949014129657315e+00 8.929689848439865e+01
1.929200000000000e+11 6.972225906809435e+00 8.929576371221252e+01
1.932500000000000e+11 6.995438362735753e+00 8.929462836850702e+01
1.935800000000000e+11 7.018651643875204e+00 8.929349124406700e+01
1.939100000000000e+11 7.041865826674578e+00 8.929235135727329e+01
1.942400000000000e+11 7.065080940596927e+00 8.929120819591273e+01
1.945700000000000e+11 7.088297002394620e+00 8.929006182646542e+01
1.949000000000000e+11 7.111514052180270e+00 8.928891284925294e+01
1.952300000000000e+11 7.134732181812707e+00 8.928776221945189e+01
1.955600000000000e+11 7.157951548607012e+00 8.928661098804044e+01
1.958900000000000e+11 7.181172371598708e+00 8.928546003457511e+01
1.962200000000000e+11 7.204394912321535e+00 8.928430986154221e+01
1.965500000000000e+11 7.227619446018081e+00 8.928316049958795e+01
1.968800000000000e+11 7.250846231374557e+00 8.928201154073362e+01
1.972100000000000e+11 7.274075486775731e+00 8.928086228198841e+01
1.975400000000000e+11 7.297307378866369e+00 8.927971193395388e+01
1.978700000000000e+11 7.320542025590079e+00 8.927855983503933e+01
1.982000000000000e+11 7.343779511903925e+00 8.927740561462861e+01
1.985300000000000e+11 7.367019913124293e+00 8.927624926611723e+01
1.988600000000000e+11 7.390263319168776e+00 8.927509111751898e+01
1.991900000000000e+11 7.413509853182447e+00 8.927393171550735e+01
1.995200000000000e+11 7.436759679995858e+00 8.927277166066051e+01
1.998500000000000e+11 7.460013002915665e+00 8.927161144184520e+01
2.001800000000000e+11 7.483270050600736e+00 8.927045131417879e+01
2.005100000000000e+11 7.506531058331230e+00 8.926929124974174e+01
2.008400000000000e+11 7.529796249181326e+00 8.926813096818231e+01
2.011700000000000e+11 7.553065820215923e+00 8.926697003203293e+01
2.015000000000000e+11 7.576339937064009e+00 8.926580797510032e+01
2.018300000000000e+11 7.599618737647605e+00 8.926464442581468e+01
2.021600000000000e+11 7.622902343239102e+00 8.926347919200701e+01
2.024900000000000e+11 7.646190873108442e+00 8.926231228718322e+01
2.028200000000000e+11 7.669484458296580e+00 8.926114389653647e+01
2.031500000000000e+11 7.692783250646269e+00 8.925997429827373e+01
2.034800000000000e+11 7.716087424884423e+00 8.925880376746080e+01
2.038100000000000e+11 7.739397173745101e+00 8.925763249258465e+01
2.041400000000000e+11 7.762712698187700e+00 8.925646052906571e+01
2.044700000000000e+11 7.786034196113635e+00 8.925528780127189e+01
2.048000000000000e+11 7.809361853256616e+00 8.925411414923641e+01
2.051300000000000e+11 7.832695839094014e+00 8.925293940285412e+01
2.054600000000000e+11 7.856036308978969e+00 8.925176345864611e+01
2.057900000000000e+11 7.879383411748234e+00 8.925058633421988e+01
2.061200000000000e+11 7.902737300391267e+00 8.924940818299848e+01
2.064500000000000e+11 7.926098142455123e+00 8.924822926418688e+01
2.067800000000000e+11 7.949466126955149e+00 8.924704987652123e+01
2.071100000000000e+11 7.972841465605896e+00 8.924587027511306e+01
2.074400000000000e+11 7.996224387860563e+00 8.924469059561625e+01
2.077700000000000e+11 8.019615131051735e+00 8.924351080774338e+01
2.081000000000000e+11 8.043013928336441e+00 8.924233071163508e+01
2.084300000000000e+11 8.066420997771900e+00 8.924114997834366e+01
2.087600000000000e+11 8.089836535512559e+00 8.923996822329444e+01
2.090900000000000e+11 8.113260714943911e+00 8.923878509256531e+01
2.094200000000000e+11 8.136693691895577e+00 8.923760033865548e+01
2.097500000000000e+11 8.160135614392614e+00 8.923641386585719e+01
2.100800000000000e+11 8.183586634181756e+00 8.923522573427420e+01
2.104100000000000e+11 8.207046916848720e+00 8.923403612330127e+01
2.107400000000000e+11 8.230516647825025e+00 8.923284526662376e+01
2.110700000000000e+11 8.253996032816087e+00 8.923165337834669e+01
2.114000000000000e+11 8.277485292806000e+00 8.923046059170575e+01
2.117300000000000e+11 8.300984655342742e+00 8.922926692753668e+01
2.120600000000000e+11 8.324494344843218e+00 8.922807230063978e+01
2.123900000000000e+11 8.348014574898180e+00 8.922687656100554e+01
2.127200000000000e+11 8.371545544940130e+00 8.922567955675916e+01
2.130500000000000e+11 8.395087442353857e+00 8.922448119946208e+01
2.133800000000000e+11 8.418640449516801e+00 8.922328151176796e+01
2.137100000000000e+11 8.442204753819732e+00 8.922208064247936e+01
2.140400000000000e+11 8.465780557823852e+00 8.922087884330240e+01
2.143700000000000e+11 8.489368086620914e+00 8.921967641243070e+01
2.147000000000000e+11 8.512967590186937e+00 8.921847361948264e+01
2.150300000000000e+11 8.536579339863621e+00 8.921727063168819e+01
2.153600000000000e+11 8.560203619685497e+00 8.921606746113780e+01
2.156900000000000e+11 8.583840714664330e+00 8.921486394744703e+01
2.160200000000000e+11 8.607490898965400e+00 8.921365978091178e+01
2.163500000000000e+11 8.631154426946074e+00 8.921245456068397e+01
2.166800000000000e+11 8.654831529275400e+00 8.921124787355645e+01
2.170100000000000e+11 8.678522415029198e+00 8.921003937395511e+01
2.173400000000000e+11 8.702227279122161e+00 8.920882884595687e+01
2.176700000000000e+11 8.725946313112498e+00 8.920761623335822e+01
2.180000000000000e+11 8.749679716647433e+00 8.920640163249539e+01
2.183300000000000e+11 8.773427706792322e+00 8.920518525218898e+01
2.186600000000000e+11 8.797190523193416e+00 8.920396735325352e+01
2.189900000000000e+11 8.820968428237052e+00 8.920274818433320e+01
2.193200000000000e+11 8.844761702739831e+00 8.920152793041335e+01
2.196500000000000e+11 8.868570638853138e+00 8.920030668553889e+01
2.199800000000000e+11 8.892395532471516e+00 8.919908445357837e+01
2.203100000000000e+11 8.916236677362154e+00 8.919786117264077e+01
2.206400000000000e+11 8.940094362519920e+00 8.919663675231575e+01
2.209700000000000e+11 8.963968873137091e+00 8.919541111008108e+01
2.213000000000000e+11 8.987860494403286e+00 8.919418419468188e+01
2.216300000000000e+11 9.011769516466842e+00 8.919295598944895e+01
2.219600000000000e+11 9.035696238567363e+00 8.919172649573487e+01
2.222900000000000e+11 9.059640970674602e+00 8.919049570364443e+01
2.226200000000000e+11 9.083604031844157e+00 8.918926356186276e+01
2.229500000000000e+11 9.107585745658538e+00 8.918802995915905e+01
2.232800000000000e+11 9.131586434199463e+00 8.918679472679391e+01
2.236100000000000e+11 9.155606412655956e+00 8.918555766449575e+01
2.239400000000000e+11 9.179645986688890e+00 8.918431858486029e+01
2.242700000000000e+11 9.203705454005625e+00 8.918307736432085e+01
2.246000000000000e+11 9.227785110419862e+00 8.918183398535837e+01
2.249300000000000e+11 9.251885259306446e+00 8.918058855561151e+01
2.252600000000000e+11 9.276006222210009e+00 8.917934129494729e+01
2.255900000000000e+11 9.300148347783622e+00 8.917809249005492e+01
2.259200000000000e+11 9.324312016428740e+00 8.917684242538867e+01
2.262500000000000e+11 9.348497638971367e+00 8.917559130671016e+01
2.265800000000000e+11 9.372705649213840e+00 8.917433919682421e+01
2.269100000000000e+11 9.396936491855934e+00 8.917308598122918e+01
2.272400000000000e+11 9.421190608621645e+00 8.917183137453696e+01
2.275700000000000e+11 9.445468426081442e+00 8.917057496837718e+01
2.279000000000000e+11 9.469770348399354e+00 8.916931631067867e+01
2.282300000000000e+11 9.494096757103858e+00 8.916805499768270e+01
2.285600000000000e+11 9.518448018246598e+00 8.916679075615465e+01
2.288900000000000e+11 9.542824495427187e+00 8.916552349520012e+01
2.292200000000000e+11 9.567226565624104e+00 8.916425331451565e+01
2.295500000000000e+11 9.591654634014963e+00 8.916298046687520e+01
2.298800000000000e+11 9.616109144195669e+00 8.916170528433508e+01
2.302100000000000e+11 9.640590581391811e+00 8.916042808688788e+01
2.305400000000000e+11 9.665099468072436e+00 8.915914909658461e+01
2.308700000000000e+11 9.689636353351752e+00 8.915786837835984e+01
2.312000000000000e+11 9.714201799156537e+00 8.915658582136047e+01
2.315300000000000e+11 9.738796366915917e+00 8.915530116359372e+01
2.318600000000000e+11 9.763420608277327e+00 8.915401405115026e+01
2.321900000000000e+11 9.788075062153208e+00 8.915272411437633e+01
2.325200000000000e+11 9.812760258583967e+00 8.915143103954530e+01
2.328500000000000e+11 9.837476727997139e+00 8.915013461688271e+01
2.331800000000000e+11 9.862225012979932e+00 8.914883475345255e+01
2.335100000000000e+11 9.887005679095584e+00 8.914753145017643e+01
2.338400000000000e+11 9.911819321719776e+00 8.914622475295887e+01
2.341700000000000e+11 9.936666567221618e+00 8.914491469535223e+01
2.345000000000000e+11 9.961548068661624e+00 8.914360125223490e+01
2.348300000000000e+11 9.986464497966894e+00 8.914228431992461e+01
2.351600000000000e+11 1.001141653771891e+01 8.914096372925016e+01
2.354900000000000e+11 1.003640487588036e+01 8.913963928700781e+01
2.358200000000000e+11 1.006143020590270e+01 8.913831083138294e+01
2.361500000000000e+11 1.008649323293852e+01 8.913697828140914e+01
2.364800000000000e+11 1.011159468484204e+01 8.913564166132441e+01
2.368100000000000e+11 1.013673532490448e+01 8.913430108771455e+01
2.371400000000000e+11 1.016191596240693e+01 8.913295671879656e+01
2.374700000000000e+11 1.018713745741020e+01 8.913160867766038e+01
2.378000000000000e+11 1.021240071771473e+01 8.913025697094611e+01
2.381300000000000e+11 1.023770668822297e+01 8.912890142810072e+01
2.384600000000000e+11 1.026305633537070e+01 8.912754168241476e+01
2.387900000000000e+11 1.028845063111770e+01 8.912617720423904e+01
2.391200000000000e+11 1.031389054159553e+01 8.912480738186308e+01
2.394500000000000e+11 1.033937702462278e+01 8.912343163074222e+01
2.397800000000000e+11 1.036491103806273e+01 8.912204950157421e+01
2.401100000000000e+11 1.039049355798167e+01 8.912066075553054e+01
2.404400000000000e+11 1.041612560260867e+01 8.911926538197565e+01
2.407700000000000e+11 1.044180825608264e+01 8.911786354884165e+01
2.411000000000000e+11 1.046754268556895e+01 8.911645549466117e+01
2.414300000000000e+11 1.049333014677097e+01 8.911504138881513e+01
2.417600000000000e+11 1.051917197587059e+01 8.911362119763807e+01
2.420900000000000e+11 1.054506956973365e+01 8.911219459494789e+01
2.424200000000000e+11 1.057102435976482e+01 8.911076094541765e+01
2.427500000000000e+11 1.059703778704069e+01 8.910931937018898e+01
2.430800000000000e+11 1.062311128654876e+01 8.910786888120029e+01
2.434100000000000e+11 1.064924628632562e+01 8.910640855021930e+01
2.437400000000000e+11 1.067544422345186e+01 8.910493766658944e+01
2.440700000000000e+11 1.070170657422286e+01 8.910345583816417e+01
2.444000000000000e+11 1.072803489165152e+01 8.910196300342224e+01
2.447300000000000e+11 1.075443084100528e+01 8.910045934617546e+01
2.450600000000000e+11 1.078089622414434e+01 8.909894513146224e+01
2.453900000000000e+11 1.080743298614202e+01 8.909742050457997e+01
2.457200000000000e+11 1.083404320242114e+01 8.909588530782300e+01
2.460500000000000e+11 1.086072905017016e+01 8.909433896719904e+01
2.463800000000000e+11 1.088749277258829e+01 8.909278048401083e+01
2.467100000000000e+11 1.091433664710824e+01 8.909120853794917e+01
2.470400000000000e+11 1.094126296830682e+01 8.908962167670283e+01
2.473700000000000e+11 1.096827405267213e+01 8.908801854101992e+01
2.477000000000000e+11 1.099537226660570e+01 8.908639806136534e+01
2.480300000000000e+11 1.102256007253263e+01 8.908475956719798e+01
2.483600000000000e+11 1.104984008260417e+01 8.908310277194563e+01
2.486900000000000e+11 1.107721510682677e+01 8.908142763053064e+01
2.490200000000000e+11 1.110468818345525e+01 8.907973410270431e+01
2.493500000000000e+11 1.113226258406309e+01 8.907802188414830e+01
2.496800000000000e+11 1.115994179274200e+01 8.907629017964899e+01
2.500100000000000e+11 1.118772946648473e+01 8.907453758425380e+01
2.503400000000000e+11 1.121562938982171e+01 8.907276211052771e+01
2.506700000000000e+11 1.124364543937996e+01 8.907096135983133e+01
2.510000000000000e+11 1.127178157227829e+01 8.906913279388858e+01
2.513300000000000e+11 1.130004184641597e+01 8.906727403171158e+01
2.516600000000000e+11 1.132843047223417e+01 8.906538308574387e+01
2.519900000000000e+11 1.135695188671557e+01 8.906345846412516e+01
2.523200000000000e+11 1.138561083378925e+01 8.906149910076961e+01
2.526500000000000e+11 1.141441243296042e+01 8.905950412255062e+01
2.529800000000000e+11 1.144336222081781e+01 8.905747251020328e+01
2.533100000000000e+11 1.147246615756798e+01 8.905540274287017e+01
2.536400000000000e+11 1.150173060101113e+01 8.905329252510703e+01
2.539700000000000e+11 1.153116226057191e+01 8.905113867574867e+01
2.543000000000000e+11 1.156076815118725e+01 8.904893721436729e+01
2.546300000000000e+11 1.159055556873325e+01 8.904668362451260e+01
2.549600000000000e+11 1.162053210439310e+01 8.904437321920656e+01
2.552900000000000e+11 1.165070570579028e+01 8.904200149909248e+01
2.556200000000000e+11 1.168108478031322e+01 8.903956438851992e+01
2.559500000000000e+11 1.171167832429256e+01 8.903705826292953e+01
2.562800000000000e+11 1.174249605405816e+01 8.903447973600483e+01
2.566100000000000e+11 1.177354851393492e+01 8.903182524271598e+01
2.569400000000000e+11 1.180484714267689e+01 8.902909051561072e+01
2.572700000000000e+11 1.183640429235551e+01 8.902627008817319e+01
2.576000000000000e+11 1.186823320907365e+01 8.902335695849713e+01
2.579300000000000e+11 1.190034799882828e+01 8.902034250658221e+01
2.582600000000000e+11 1.193276361021253e+01 8.901721668825719e+01
2.585900000000000e+11 1.196549586563428e+01 8.901396844647982e+01
2.589200000000000e+11 1.199856156373192e+01 8.901058620969256e+01
2.592500000000000e+11 1.203197865970817e+01 8.900705830849398e+01
2.595800000000000e+11 1.206576651157049e+01 8.900337314956667e+01
2.599100000000000e+11 1.209994616409384e+01 8.899951904056122e+01
2.602400000000000e+11 1.213454063373203e+01 8.899548364881167e+01
2.605700000000000e+11 1.216957515990886e+01 8.899125317672791e+01
2.609000000000000e+11 1.220507740147209e+01 8.898681141894627e+01
2.612300000000000e+11 1.224107757875339e+01 8.898213890523198e+01
2.615600000000000e+11 1.227760858616703e+01 8.897721231371983e+01
2.618900000000000e+11 1.231470612089423e+01 8.897200426205323e+01
2.622200000000000e+11 1.235240888380832e+01 8.896648346672023e+01
2.625500000000000e+11 1.239075890570957e+01 8.896061513379662e+01
2.628800000000000e+11 1.242980203517650e+01 8.895436134302186e+01
2.632100000000000e+11 1.246958859797811e+01 8.894768114264342e+01
2.635400000000000e+11 1.251017420937023e+01 8.894053010182395e+01
2.638700000000000e+11 1.255162069852863e+01 8.893285916744146e+01
2.642000000000000e+11 1.259399709678224e+01 8.892461281866727e+01
2.645300000000000e+11 1.263738065292098e+01 8.891572666543557e+01
2.648600000000000e+11 1.268185786958476e+01 8.890612474935531e+01
2.651900000000000e+11 1.272752559932482e+01 8.889571683761444e+01
2.655200000000000e+11 1.277449228800371e+01 8.888439592997921e+01
2.658500000000000e+11 1.282287949568581e+01 8.887203602981525e+01
2.661800000000000e+11 1.287282385139124e+01 8.885848999266489e+01
2.665100000000000e+11 1.292447960293327e+01 8.884358701082719e+01
2.668400000000000e+11 1.297802190823418e+01 8.882712907717593e+01
2.671700000000000e+11 1.303365098927867e+01 8.880888564361624e+01
2.675000000000000e+11 1.309159724996467e+01 8.878858567033291e+01
2.678300000000000e+11 1.315212746406425e+01 8.876590633427350e+01
2.681600000000000e+11 1.321555218893239e+01 8.874045776981956e+01
2.684900000000000e+11 1.328223467072195e+01 8.871176325436721e+01
2.688200000000000e+11 1.335260168837968e+01 8.867923410367091e+01
2.691500000000000e+11 1.342715704210264e+01 8.864213807122024e+01
2.694800000000000e+11 1.350649873121245e+01 8.859955911443795e+01
2.698100000000000e+11 1.359134129635535e+01 8.855034485149562e+01
2.701400000000000e+11 1.368254534817831e+01 8.849303570066851e+01
2.704700000000000e+11 1.378115702744992e+01 8.842576627493715e+01
2.708000000000000e+11 1.388846114870924e+01 8.834612456254486e+01
2.711300000000000e+11 1.400605325435873e+01 8.825094674818993e+01
2.714600000000000e+11 1.413593803850901e+01 8.813601331344624e+01
2.717900000000000e+11 1.428066502610611e+01 8.799559172110440e+01
2.721200000000000e+11 1.444351763403259e+01 8.782173577873681e+01
2.724500000000000e+11 1.462877958417215e+01 8.760318869706536e+01
2.727800000000000e+11 1.484211374027172e+01 8.732362024245144e+01
2.731100000000000e+11 1.509110194843633e+01 8.695870592668308e+01
2.734400000000000e+11 1.538600268619280e+01 8.647111792845197e+01
2.737700000000000e+11 1.574075204573939e+01 8.580160654050292e+01
2.741000000000000e+11 1.617402886266870e+01 8.485249522653523e+01
2.744300000000000e+11 1.670931415573521e+01 8.345604856154547e+01
2.747600000000000e+11 1.736932319552628e+01 8.131278816566774e+01
2.750900000000000e+11 1.814650588534583e+01 7.787678025595979e+01
2.754200000000000e+11 1.888447102047305e+01 7.220530490511207e+01
2.757500000000000e+11 1.893057156326589e+01 6.320239786190962e+01
2.760800000000000e+11 1.696580350660305e+01 5.211126869558768e+01
2.764100000000000e+11 1.317543437837830e+01 4.631917508391486e+01
2.767400000000000e+11 1.021599615117951e+01 5.154453120850922e+01
2.770700000000000e+11 9.094471577513234e+00 6.215548364050018e+01
2.774000000000000e+11 9.039380213518253e+00 7.099570299592118e+01
2.777300000000000e+11 9.346558284965822e+00 7.670734522983321e+01
2.780600000000000e+11 9.723644354275915e+00 8.024489608871170e+01
2.783900000000000e+11 1.008001890670166e+01 8.249416688939897e+01
2.787200000000000e+11 1.039444300971106e+01 8.398517840081880e+01
2.790500000000000e+11 1.066681953681246e+01 8.501494312673744e+01
2.793800000000000e+11 1.090259022202357e+01 8.575246574840450e+01
2.797100000000000e+11 1.110788881302104e+01 8.629741662886411e+01
2.800400000000000e+11 1.128816360531816e+01 8.671091229511742e+01
2.803700000000000e+11 1.144791083169075e+01 8.703183815215318e+01
2.807000000000000e+11 1.159074457904815e+01 8.728577923180045e+01
2.810300000000000e+11 1.171954746624369e+01 8.749008492902649e+01
2.813600000000000e+11 1.183662053366333e+01 8.765684319824912e+01
2.816900000000000e+11 1.194380997126889e+01 8.779468366818061e+01
2.820200000000000e+11 1.204260794264217e+01 8.790990229186153e+01
2.823500000000000e+11 1.213423064766307e+01 8.800718089023786e+01
2.826800000000000e+11 1.221967796683943e+01 8.809005851127172e+01
2.830100000000000e+11 1.229977875443223e+01 8.816124750247843e+01
2.833400000000000e+11 1.237522520347513e+01 8.822285070849723e+01
2.836700000000000e+11 1.244659904424283e+01 8.827651466286110e+01
2.840000000000000e+11 1.251439174629314e+01 8.832354051493219e+01
2.843300000000000e+11 1.257902038082552e+01 8.836496625383886e+01
2.846600000000000e+11 1.264084035826331e+01 8.840162866739476e+01
2.849900000000000e+11 1.270015588381515e+01 8.843421032070255e+01
2.853200000000000e+11 1.275722867523855e+01 8.846327498686058e+01
2.856500000000000e+11 1.281228526701280e+01 8.848929395678634e+01
2.859800000000000e+11 1.286552308413012e+01 8.851266516328363e+01
2.863100000000000e+11 1.291711539948949e+01 8.853372682475613e+01
2.866400000000000e+11 1.296721527602717e+01 8.855276716578301e+01
2.869700000000000e+11 1.301595861694735e+01 8.857003159252625e+01
2.873000000000000e+11 1.306346648168600e+01 8.858572844254928e+01
2.876300000000000e+11 1.310984685130300e+01 8.860003409723100e+01
2.879600000000000e+11 1.315519603131303e+01 8.861309788422447e+01
2.882900000000000e+11 1.319959985767335e+01 8.862504686732429e+01
2.886200000000000e+11 1.324313482656522e+01 8.863599037745431e+01
2.889500000000000e+11 1.328586921102646e+01 8.864602401601157e+01
2.892800000000000e+11 1.332786417074416e+01 8.865523286585776e+01
2.896100000000000e+11 1.336917481785410e+01 8.866369375157190e+01
2.899400000000000e+11 1.340985117974987e+01 8.867147655355311e+01
2.902700000000000e+11 1.344993900196523e+01 8.867864474610103e+01
2.906000000000000e+11 1.348948035625576e+01 8.868525544955408e+01
2.909300000000000e+11 1.352851405247922e+01 8.869135933023217e+01
2.912600000000000e+11 1.356707588706333e+01 8.869700064237608e+01
2.915900000000000e+11 1.360519878594294e+01 8.870221759974459e+01
2.919200000000000e+11 1.364291290939405e+01 8.870704312411787e+01
2.922500000000000e+11 1.368024577854084e+01 8.871150588318903e+01
2.925800000000000e+11 1.371722246164373e+01 8.871563143613086e+01
2.929100000000000e+11 1.375386582937311e+01 8.871944327273678e+01
2.932400000000000e+11 1.379019686039929e+01 8.872296356441389e+01
2.935700000000000e+11 1.382623495916339e+01 8.872621352774243e+01
2.939000000000000e+11 1.386199824123651e+01 8.872921340669852e+01
2.942300000000000e+11 1.389750374890424e+01 8.873198217683594e+01
2.945600000000000e+11 1.393276757746830e+01 8.873453713716098e+01
2.948900000000000e+11 1.396780491543935e+01 8.873689356821271e+01
2.952200000000000e+11 1.400263002260023e+01 8.873906459769648e+01
2.955500000000000e+11 1.403725618309714e+01 8.874106134161006e+01
2.958800000000000e+11 1.407169567302029e+01 8.874289330179342e+01
2.962100000000000e+11 1.410595977331732e+01 8.874456892524651e+01
2.965400000000000e+11 1.414005884237097e+01 8.874609618657408e+01
2.968700000000000e+11 1.417400244316600e+01 8.874748305274410e+01
2.972000000000000e+11 1.420779950323005e+01 8.874873772698058e+01
2.975300000000000e+11 1.424145847593421e+01 8.874986863313131e+01
2.978600000000000e+11 1.427498747154291e+01 8.875088417376803e+01
2.981900000000000e+11 1.430839433512574e+01 8.875179235414690e+01
2.985200000000000e+11 1.434168666317231e+01 8.875260039445500e+01
2.988500000000000e+11 1.437487176705205e+01 8.875331444774361e+01
2.991800000000000e+11 1.440795660472587e+01 8.875393950410685e+01
2.995100000000000e+11 1.444094770883030e+01 8.875447950500011e+01
2.998400000000000e+11 1.447385113791599e+01 8.875493763199174e+01
3.001700000000000e+11 1.450667246906319e+01 8.875531668829052e+01
3.005000000000000e+11 1.453941683708535e+01 8.875561947094849e+01
3.008300000000000e+11 1.457208901195292e+01 8.875584904073305e+01
3.011600000000000e+11 1.460469349571640e+01 8.875600883086615e+01
3.014900000000000e+11 1.463723461576378e+01 8.875610258401241e+01
3.018200000000000e+11 1.466971659359725e+01 8.875613415465658e+01
3.021500000000000e+11 1.470214357636570e+01 8.875610724804008e+01
3.024800000000000e+11 1.473451962950976e+01 8.875602517841877e+01
3.028100000000000e+11 1.476684869973135e+01 8.875589071680751e+01
3.031400000000000e+11 1.479913456499719e+01 8.875570606674225e+01
3.034700000000000e+11 1.483138079049042e+01 8.875547296621903e+01
3.038000000000000e+11 1.486359070601426e+01 8.875519287702893e+01
3.041300000000000e+11 1.489576741264084e+01 8.875486719966392e+01
3.044600000000000e+11 1.492791381688913e+01 8.875449744870308e+01
3.047900000000000e+11 1.496003268228818e+01 8.875408533987732e+01
3.051200000000000e+11 1.499212668328557e+01 8.875363276998834e+01
3.054500000000000e+11 1.502419844636957e+01 8.875314170489074e+01
3.057800000000000e+11 1.505625056781393e+01 8.875261401850487e+01
3.061100000000000e+11 1.508828560507212e+01 8.875205133925722e+01
3.064400000000000e+11 1.512030604714010e+01 8.875145495597592e+01
3.067700000000000e+11 1.515231427564913e+01 8.875082581504834e+01
3.071000000000000e+11 1.518431253113705e+01 8.875016461113532e+01
3.074300000000000e+11 1.521630289714796e+01 8.874947194411622e+01
3.077600000000000e+11 1.524828730914951e+01 8.874874849410062e+01
3.080900000000000e+11 1.528026758748077e+01 8.874799516043936e+01
3.084200000000000e+11 1.531224548602875e+01 8.874721312123035e+01
3.087500000000000e+11 1.534422274330383e+01 8.874640379350258e+01
3.090800000000000e+11 1.537620112154904e+01 8.874556870392715e+01
3.094100000000000e+11 1.540818242275813e+01 8.874470930669808e+01
3.097400000000000e+11 1.544016847703703e+01 8.874382680131291e+01
3.100700000000000e+11 1.547216110669078e+01 8.874292200367663e+01
3.104000000000000e+11 1.550416207645113e+01 8.874199530914650e+01
3.107300000000000e+11 1.553617304431404e+01 8.874104676016560e+01
3.110600000000000e+11 1.556819552739751e+01 8.874007620153870e+01
3.113900000000000e+11 1.560023089305870e+01 8.873908348167066e+01
3.117200000000000e+11 1.563228037843528e+01 8.873806864523797e+01
3.120500000000000e+11 1.566434513362856e+01 8.873703206533946e+01
3.123800000000000e+11 1.569642627717353e+01 8.873597448031465e+01
3.127100000000000e+11 1.572852494909583e+01 8.873489692711722e+01
3.130400000000000e+11 1.576064234765504e+01 8.873380059177916e+01
3.133700000000000e+11 1.579277974055318e+01 8.873268662000079e+01
3.137000000000000e+11 1.582493844858550e+01 8.873155594104421e+01
3.140300000000000e+11 1.585711980738492e+01 8.873040915322952e+01
3.143600000000000e+11 1.588932511888026e+01 8.872924650104770e+01
3.146900000000000e+11 1.592155560671868e+01 8.872806794758012e+01
3.150200000000000e+11 1.595381238847340e+01 8.872687331907028e+01
3.153500000000000e+11 1.598609647244493e+01 8.872566247870142e+01
3.156800000000000e+11 1.601840877972194e+01 8.872443547932869e+01
3.160100000000000e+11 1.605075018493711e+01 8.872319265195979e+01
3.163400000000000e+11 1.608312156388819e+01 8.872193460594055e+01
3.166700000000000e+11 1.611552383435824e+01 8.872066214249558e+01
3.170000000000000e+11 1.614795797854667e+01 8.871937610812999e+01
3.173300000000000e+11 1.618042504089714e+01 8.871807723141075e+01
3.176600000000000e+11 1.621292610221842e+01 8.871676599106584e+01
3.179900000000000e+11 1.624546223783029e+01 8.871544255408173e+01
3.183200000000000e+11 1.627803447207994e+01 8.871410680224045e+01
3.186500000000000e+11 1.631064374266941e+01 8.871275844014068e+01
3.189800000000000e+11 1.634329088551288e+01 8.871139715436816e+01
3.193100000000000e+11 1.637597664507479e+01 8.871002277870122e+01
3.196400000000000e+11 1.640870170792908e+01 8.870863541815204e+01
3.199700000000000e+11 1.644146675067217e+01 8.870723549582443e+01
3.203000000000000e+11 1.647427248914434e+01 8.870582370786875e+01
3.206300000000000e+11 1.650711971533579e+01 8.870440089727232e+01
3.209600000000000e+11 1.654000931156387e+01 8.870296787983632e+01
3.212900000000000e+11 1.657294223759673e+01 8.870152526917624e+01
3.216200000000000e+11 1.660591949373488e+01 8.870007334830790e+01
3.219500000000000e+11 1.663894206940314e+01 8.869861202313810e+01
3.222800000000000e+11 1.667201089079467e+01 8.869714087137233e+01
3.226100000000000e+11 1.670512678144792e+01 8.869565927493602e+01
3.229400000000000e+11 1.673829044624541e+01 8.869416660185645e+01
3.232700000000000e+11 1.677150248312985e+01 8.869266239064122e+01
3.236000000000000e+11 1.680476341952127e+01 8.869114648988895e+01
3.239300000000000e+11 1.683807376395690e+01 8.868961911814044e+01
3.242600000000000e+11 1.687143405959561e+01 8.868808083038782e+01
3.245900000000000e+11 1.690484492594866e+01 8.868653240234531e+01
3.249200000000000e+11 1.693830707855098e+01 8.868497466490574e+01
3.252500000000000e+11 1.697182132233731e+01 8.868340833348114e+01
3.255800000000000e+11 1.700538852156592e+01 8.868183387702480e+01
3.259100000000000e+11 1.703900955533479e+01 8.868025145961678e+01
3.262400000000000e+11 1.707268527137818e+01 8.867866096697944e+01
3.265700000000000e+11 1.710641645098448e+01 8.867706210686049e+01
3.269000000000000e+11 1.714020379451697e+01 8.867545455223612e+01
3.272300000000000e+11 1.717404793111346e+01 8.867383808515973e+01
3.275600000000000e+11 1.720794944930873e+01 8.867221269968621e+01
3.278900000000000e+11 1.724190893944945e+01 8.867057863437894e+01
3.282200000000000e+11 1.727592703544465e+01 8.866893632503363e+01
3.285500000000000e+11 1.731000444353636e+01 8.866728629089539e+01
3.288800000000000e+11 1.734414194933500e+01 8.866562898659873e+01
3.292100000000000e+11 1.737834040038769e+01 8.866396466214370e+01
3.295400000000000e+11 1.741260066839611e+01 8.866229327165895e+01
3.298700000000000e+11 1.744692360101616e+01 8.866061445889274e+01
3.302000000000000e+11 1.748130997634945e+01 8.865892762668889e+01
3.305300000000000e+11 1.751576047288875e+01 8.865723207470700e+01
3.308600000000000e+11 1.755027566384115e+01 8.865552717051372e+01
3.311900000000000e+11 1.758485603839397e+01 8.865381250909641e+01
3.315200000000000e+11 1.761950204527563e+01 8.865208801767861e+01
3.318500000000000e+11 1.765421414780299e+01 8.865035397616012e+01
3.321800000000000e+11 1.768899287615746e+01 8.864861094517232e+01
3.325100000000000e+11 1.772383886287329e+01 8.864685961812468e+01
3.328400000000000e+11 1.775875285147957e+01 8.864510063431479e+01
3.331700000000000e+11 1.779373567497460e+01 8.864333440172381e+01
3.335000000000000e+11 1.782878820863640e+01 8.864156097730663e+01
3.338300000000000e+11 1.786391130861542e+01 8.863978003933848e+01
3.341600000000000e+11 1.789910575197358e+01 8.863799096378791e+01
3.344900000000000e+11 1.793437219420468e+01 8.863619299026477e+01
3.348200000000000e+11 1.796971115655921e+01 8.863438543948328e+01
3.351500000000000e+11 1.800512304854161e+01 8.863256792930818e+01
3.354800000000000e+11 1.804060822236844e+01 8.863074053432338e+01
3.358100000000000e+11 1.807616704807315e+01 8.862890384527249e+01
3.361400000000000e+11 1.811179999230158e+01 8.862705890720075e+01
3.364700000000000e+11 1.814750768212161e+01 8.862520704348736e+01
3.368000000000000e+11 1.818329093787132e+01 8.862334960046057e+01
3.371300000000000e+11 1.821915076566901e+01 8.862148766731188e+01
3.374600000000000e+11 1.825508830920301e+01 8.861962183374743e+01
3.377900000000000e+11 1.829110476975665e+01 8.861775204112607e+01
3.381200000000000e+11 1.832720131090417e+01 8.861587756316320e+01
3.384500000000000e+11 1.836337896818215e+01 8.861399712402292e+01
3.387800000000000e+11 1.839963858334981e+01 8.861210913122879e+01
3.391100000000000e+11 1.843598077772747e+01 8.861021197524200e+01
3.394400000000000e+11 1.847240597067950e+01 8.860830433266402e+01
3.397700000000000e+11 1.850891443949114e+01 8.860638540913973e+01
3.401000000000000e+11 1.854550640790626e+01 8.860445507136630e+01
3.404300000000000e+11 1.858218214446063e+01 8.860251384202546e+01
3.407600000000000e+11 1.861894204982659e+01 8.860056276135614e+01
3.410900000000000e+11 1.865578671506710e+01 8.859860314771979e+01
3.414200000000000e+11 1.869271693932436e+01 8.859663631049555e+01
3.417500000000000e+11 1.872973370449140e+01 8.859466327743355e+01
3.420800000000000e+11 1.876683811377445e+01 8.859268459350764e+01
3.424100000000000e+11 1.880403130864385e+01 8.859070023084625e+01
3.427400000000000e+11 1.884131438284661e+01 8.858870962370032e+01
3.430700000000000e+11 1.887868831205950e+01 8.858671181465242e+01
3.434000000000000e+11 1.891615391355272e+01 8.858470567463233e+01
3.437300000000000e+11 1.895371184299507e+01 8.858269014498651e+01
3.440600000000000e+11 1.899136262698467e+01 8.858066444767758e+01
3.443900000000000e+11 1.902910672203780e+01 8.857862821971796e+01
3.447200000000000e+11 1.906694458535178e+01 8.857658154733774e+01
3.450500000000000e+11 1.910487674082973e+01 8.857452489935810e+01
3.453800000000000e+11 1.914290382587362e+01 8.857245898209209e+01
3.457100000000000e+11 1.918102660970348e+01 8.857038455460858e+01
3.460400000000000e+11 1.921924598107914e+01 8.856830224988202e+01
3.463700000000000e+11 1.925756291055438e+01 8.856621244311869e+01
3.467000000000000e+11 1.929597839808961e+01 8.856411519488493e+01
3.470300000000000e+11 1.933449341970258e+01 8.856201027726560e+01
3.473600000000000e+11 1.937310888632206e+01 8.855989727092687e+01
3.476900000000000e+11 1.941182562437208e+01 8.855777570456020e+01
3.480200000000000e+11 1.945064438187710e+01 8.855564519938942e+01
3.483500000000000e+11 1.948956585746916e+01 8.855350558200568e+01
3.486800000000000e+11 1.952859074417881e+01 8.855135693817833e+01
3.490100000000000e+11 1.956771977656415e+01 8.854919959583091e+01
3.493400000000000e+11 1.960695376928847e+01 8.854703404310104e+01
3.496700000000000e+11 1.964629363769203e+01 8.854486080298486e+01
3.500000000000000e+11 1.968574039551828e+01 8.854268029587801e+01
