2.000000000000000e+10 2.405213076284423e+01 -9.006235131484817e+01
2.033000000000000e+10 2.363107338015044e+01 -9.006336327122402e+01
2.066000000000000e+10 2.322297224340544e+01 -9.006437374092900e+01
2.099000000000000e+10 2.282721647015049e+01 -9.006538262842194e+01
2.132000000000000e+10 2.244323298431756e+01 -9.006639006850246e+01
2.165000000000000e+10 2.207048360804320e+01 -9.006739639607984e+01
2.198000000000000e+10 2.170846242133421e+01 -9.006840209669461e+01
2.231000000000000e+10 2.135669336358625e+01 -9.006940774385647e+01
2.264000000000000e+10 2.101472805315692e+01 -9.007041393028220e+01
2.297000000000000e+10 2.068214380305320e+01 -9.007142120036269e+01
2.330000000000000e+10 2.035854181247299e+01 -9.007242999069794e+01
2.363000000000000e+10 2.004354551552496e+01 -9.007344058439752e+01
2.396000000000000e+10 1.973679907002134e+01 -9.007445308318182e+01
2.429000000000000e+10 1.943796597083116e+01 -9.007546739933663e+01
2.462000000000000e+10 1.914672777391533e+01 -9.007648326747692e+01
2.495000000000000e+10 1.886278291881696e+01 -9.007750027408942e+01
2.528000000000000e+10 1.858584563903069e+01 -9.007851790110197e+01
2.561000000000000e+10 1.831564495126792e+01 -9.007953557849592e+01
2.594000000000000e+10 1.805192371612913e+01 -9.008055274025621e+01
2.627000000000000e+10 1.779443776404267e+01 -9.008156887786761e+01
2.660000000000000e+10 1.754295508147825e+01 -9.008258358603129e+01
2.693000000000000e+10 1.729725505338847e+01 -9.008359659628783e+01
2.726000000000000e+10 1.705712775852682e+01 -9.008460779559607e+01
2.759000000000000e+10 1.682237331477547e+01 -9.008561722856098e+01
2.792000000000000e+10 1.659280127187200e+01 -9.008662508368087e+01
2.825000000000000e+10 1.636823004901556e+01 -9.008763166558066e+01
2.858000000000000e+10 1.614848641477926e+01 -9.008863735652938e+01
2.891000000000000e+10 1.593340500661596e+01 -9.008964257149259e+01
2.924000000000000e+10 1.572282788707232e+01 -9.009064771146195e+01
2.957000000000000e+10 1.551660413365679e+01 -9.009165311981451e+01
2.990000000000000e+10 1.531458945919689e+01 -9.009265904597892e+01
3.023000000000000e+10 1.511664585948548e+01 -9.009366561979805e+01
3.056000000000000e+10 1.492264128508838e+01 -9.009467283880878e+01
3.089000000000000e+10 1.473244933435900e+01 -9.009568056927388e+01
3.122000000000000e+10 1.454594896498215e+01 -9.009668856040636e+01
3.155000000000000e+10 1.436302422172759e+01 -9.009769646993288e+01
3.188000000000000e+10 1.418356397850869e+01 -9.009870389806144e+01
3.221000000000000e+10 1.400746169328380e+01 -9.009971042618257e+01
3.254000000000000e+10 1.383461517476678e+01 -9.010071565628769e+01
3.287000000000000e+10 1.366492636031433e+01 -9.010171924712932e+01
3.320000000000000e+10 1.349830110467869e+01 -9.010272094362549e+01
3.353000000000000e+10 1.333464897956209e+01 -9.010372059677590e+01
3.386000000000000e+10 1.317388308405440e+01 -9.010471817240267e+01
3.419000000000000e+10 1.301591986608210e+01 -9.010571374819114e+01
3.452000000000000e+10 1.286067895495313e+01 -9.010670749969336e+01
3.485000000000000e+10 1.270808300496302e+01 -9.010769967702832e+01
3.518000000000000e+10 1.255805754985172e+01 -9.010869057489924e+01
3.551000000000000e+10 1.241053086769550e+01 -9.010968049911719e+01
3.584000000000000e+10 1.226543385560984e+01 -9.011066973308550e+01
3.617000000000000e+10 1.212269991344920e+01 -9.011165850759001e+01
3.650000000000000e+10 1.198226483554556e+01 -9.011264697680697e+01
3.683000000000000e+10 1.184406670943605e+01 -9.011363520274017e+01
3.716000000000000e+10 1.170804582050903e+01 -9.011462314938342e+01
3.749000000000000e+10 1.157414456154304e+01 -9.011561068690050e+01
3.782000000000000e+10 1.144230734622090e+01 -9.011659760510271e+01
3.815000000000000e+10 1.131248052586199e+01 -9.011758363459717e+01
3.848000000000000e+10 1.118461230881061e+01 -9.011856847326280e+01
3.881000000000000e+10 1.105865268213078e+01 -9.011955181523848e+01
3.914000000000000e+10 1.093455333546776e+01 -9.012053337944339e+01
3.947000000000000e+10 1.081226758712323e+01 -9.012151293477591e+01
3.980000000000000e+10 1.069175031254384e+01 -9.012249031955311e+01
4.013000000000000e+10 1.057295787552263e+01 -9.012346545338684e+01
4.046000000000000e+10 1.045584806246287e+01 -9.012443834051582e+01
4.079000000000000e+10 1.034038002004240e+01 -9.012540906447347e+01
4.112000000000000e+10 1.022651419656132e+01 -9.012637777486411e+01
4.145000000000000e+10 1.011421228715220e+01 -9.012734466777809e+01
4.178000000000000e+10 1.000343718290446e+01 -9.012830996197953e+01
4.211000000000000e+10 9.894152923811525e+00 -9.012927387337231e+01
4.244000000000000e+10 9.786324655308468e+00 -9.013023659035765e+01
4.277000000000000e+10 9.679918588043579e+00 -9.013119825255390e+01
4.310000000000000e+10 9.574901960432451e+00 -9.013215893493556e+01
4.343000000000000e+10 9.471243003483981e+00 -9.013311863887694e+01
4.376000000000000e+10 9.368910907374392e+00 -9.013407729084328e+01
4.409000000000000e+10 9.267875789270487e+00 -9.013503474869670e+01
4.442000000000000e+10 9.168108661970733e+00 -9.013599081481432e+01
4.475000000000000e+10 9.069581403028691e+00 -9.013694525455435e+01
4.508000000000000e+10 8.972266724142164e+00 -9.013789781809193e+01
4.541000000000000e+10 8.876138140717016e+00 -9.013884826335432e+01
4.574000000000000e+10 8.781169941638048e+00 -9.013979637771149e+01
4.607000000000000e+10 8.687337159386967e+00 -9.014074199625088e+01
4.640000000000000e+10 8.594615540731580e+00 -9.014168501484397e+01
4.673000000000000e+10 8.502981518260233e+00 -9.014262539676660e+01
4.706000000000000e+10 8.412412183054910e+00 -9.014356317229787e+01
4.739000000000000e+10 8.322885258775839e+00 -9.014449843143457e+01
4.772000000000000e+10 8.234379077383023e+00 -9.014543131054501e+01
4.805000000000000e+10 8.146872556643881e+00 -9.014636197437028e+01
4.838000000000000e+10 8.060345179486767e+00 -9.014729059523341e+01
4.871000000000000e+10 7.974776975161023e+00 -9.014821733155642e+01
4.904000000000000e+10 7.890148502070037e+00 -9.014914230783258e+01
4.937000000000000e+10 7.806440832062326e+00 -9.015006559802195e+01
4.970000000000000e+10 7.723635535904036e+00 -9.015098721397612e+01
5.003000000000000e+10 7.641714669619694e+00 -9.015190709997900e+01
5.036000000000000e+10 7.560660761382534e+00 -9.015282513387103e+01
5.069000000000000e+10 7.480456798655234e+00 -9.015374113457831e+01
5.102000000000000e+10 7.401086215329477e+00 -9.015465487522840e+01
5.135000000000000e+10 7.322532878679082e+00 -9.015556610050956e+01
5.168000000000000e+10 7.244781076021916e+00 -9.015647454652380e+01
5.201000000000000e+10 7.167815501069057e+00 -9.015737996116604e+01
5.234000000000000e+10 7.091621240023266e+00 -9.015828212303190e+01
5.267000000000000e+10 7.016183757557720e+00 -9.015918085703210e+01
5.300000000000000e+10 6.941488882860062e+00 -9.016007604522753e+01
5.333000000000000e+10 6.867522795958021e+00 -9.016096763189053e+01
5.366000000000000e+10 6.794272014550931e+00 -9.016185562236966e+01
5.399000000000000e+10 6.721723381554542e+00 -9.016274007594195e+01
5.432000000000000e+10 6.649864053530376e+00 -9.016362109342334e+01
5.465000000000000e+10 6.578681490114557e+00 -9.016449880079948e+01
5.498000000000000e+10 6.508163444498691e+00 -9.016537333051691e+01
5.531000000000000e+10 6.438297954942947e+00 -9.016624480227421e+01
5.564000000000000e+10 6.369073337236284e+00 -9.016711330517489e+01
5.597000000000000e+10 6.300478177962279e+00 -9.016797888295379e+01
5.630000000000000e+10 6.232501328382230e+00 -9.016884152365623e+01
5.663000000000000e+10 6.165131898726825e+00 -9.016970115470333e+01
5.696000000000000e+10 6.098359252678688e+00 -9.017055764373445e+01
5.729000000000000e+10 6.032173001846393e+00 -9.017141080505132e+01
5.762000000000000e+10 5.966563000060627e+00 -9.017226041093886e+01
5.795000000000000e+10 5.901519337373487e+00 -9.017310620667068e+01
5.828000000000000e+10 5.837032333694876e+00 -9.017394792765788e+01
5.861000000000000e+10 5.773092532063266e+00 -9.017478531700759e+01
5.894000000000000e+10 5.709690691603147e+00 -9.017561814173357e+01
5.927000000000000e+10 5.646817780272693e+00 -9.017644620601470e+01
5.960000000000000e+10 5.584464967542401e+00 -9.017726936019936e+01
5.993000000000000e+10 5.522623617167208e+00 -9.017808750469011e+01
6.026000000000000e+10 5.461285280218938e+00 -9.017890058835299e+01
6.059000000000000e+10 5.400441688534232e+00 -9.017970860164556e+01
6.092000000000000e+10 5.340084748704177e+00 -9.018051156517868e+01
6.125000000000000e+10 5.280206536691751e+00 -9.018130951488001e+01
6.158000000000000e+10 5.220799293115393e+00 -9.018210248526306e+01
6.191000000000000e+10 5.161855419184161e+00 -9.018289049248986e+01
6.224000000000000e+10 5.103367473221766e+00 -9.018367351893482e+01
6.257000000000000e+10 5.045328167673143e+00 -9.018445150080912e+01
6.290000000000000e+10 4.987730366455176e+00 -9.018522432009829e+01
6.323000000000000e+10 4.930567082495647e+00 -9.018599180163928e+01
6.356000000000000e+10 4.873831475300840e+00 -9.018675371565070e+01
6.389000000000000e+10 4.817516848404972e+00 -9.018750978548388e+01
6.422000000000000e+10 4.761616646580081e+00 -9.018825969983641e+01
6.455000000000000e+10 4.706124452722986e+00 -9.018900312821287e+01
6.488000000000000e+10 4.651033984379787e+00 -9.018973973808080e+01
6.521000000000000e+10 4.596339089915945e+00 -9.019046921197761e+01
6.554000000000000e+10 4.542033744385158e+00 -9.019119126280368e+01
6.587000000000000e+10 4.488112045190532e+00 -9.019190564568589e+01
6.620000000000000e+10 4.434568207660038e+00 -9.019261216512240e+01
6.653000000000000e+10 4.381396560676216e+00 -9.019331067654051e+01
6.686000000000000e+10 4.328591542502096e+00 -9.019400108196214e+01
6.719000000000000e+10 4.276147696934766e+00 -9.019468332002438e+01
6.752000000000000e+10 4.224059669893038e+00 -9.019535735117447e+01
6.785000000000000e+10 4.172322206510935e+00 -9.019602313935405e+01
6.818000000000000e+10 4.120930148767119e+00 -9.019668063184265e+01
6.851000000000000e+10 4.069878433634692e+00 -9.019732973917230e+01
6.884000000000000e+10 4.019162091693075e+00 -9.019797031704260e+01
6.917000000000000e+10 3.968776246104690e+00 -9.019860215202858e+01
6.950000000000000e+10 3.918716111831164e+00 -9.019922495254569e+01
6.983000000000000e+10 3.868976994946185e+00 -9.019983834605756e+01
7.016000000000000e+10 3.819554291899123e+00 -9.020044188294145e+01
7.049000000000000e+10 3.770443488593599e+00 -9.020103504677910e+01
7.082000000000000e+10 3.721640159168712e+00 -9.020161727022277e+01
7.115000000000000e+10 3.673139964404224e+00 -9.020218795501761e+01
7.148000000000000e+10 3.624938649712217e+00 -9.020274649431462e+01
7.181000000000000e+10 3.577032042722375e+00 -9.020329229514138e+01
7.214000000000000e+10 3.529416050511722e+00 -9.020382479880217e+01
7.247000000000000e+10 3.482086656568910e+00 -9.020434349712124e+01
7.280000000000000e+10 3.435039917612769e+00 -9.020484794275922e+01
7.313000000000000e+10 3.388271960404349e+00 -9.020533775234416e+01
7.346000000000000e+10 3.341778978696617e+00 -9.020581260179729e+01
7.379000000000000e+10 3.295557230457526e+00 -9.020627221394521e+01
7.412000000000000e+10 3.249603035481720e+00 -9.020671633923354e+01
7.445000000000000e+10 3.203912773472418e+00 -9.020714473103617e+01
7.478000000000000e+10 3.158482882635551e+00 -9.020755711758322e+01
7.511000000000000e+10 3.113309858783726e+00 -9.020795317291584e+01
7.544000000000000e+10 3.068390254902181e+00 -9.020833248941562e+01
7.577000000000000e+10 3.023720681089888e+00 -9.020869455438174e+01
7.610000000000000e+10 2.979297804755824e+00 -9.020903873279597e+01
7.643000000000000e+10 2.935118350929782e+00 -9.020936425789064e+01
7.676000000000000e+10 2.891179102539854e+00 -9.020967023041747e+01
7.709000000000000e+10 2.847476900513641e+00 -9.020995562672128e+01
7.742000000000000e+10 2.804008643581126e+00 -9.021021931484667e+01
7.775000000000000e+10 2.760771287687492e+00 -9.021046007713936e+01
7.808000000000000e+10 2.717761844964349e+00 -9.021067663708122e+01
7.841000000000000e+10 2.674977382252377e+00 -9.021086768764725e+01
7.874000000000000e+10 2.632415019214103e+00 -9.021103191818615e+01
7.907000000000000e+10 2.590071926116893e+00 -9.021116803687521e+01
7.940000000000000e+10 2.547945321400483e+00 -9.021127478608656e+01
7.973000000000000e+10 2.506032469166426e+00 -9.021135094857831e+01
8.006000000000000e+10 2.464330676736692e+00 -9.021139534318998e+01
8.039000000000000e+10 2.422837292424236e+00 -9.021140680965063e+01
8.072000000000000e+10 2.381549703640297e+00 -9.021138418310547e+01
8.105000000000000e+10 2.340465335432668e+00 -9.021132625991405e+01
8.138000000000000e+10 2.299581649509804e+00 -9.021123175712150e+01
8.171000000000000e+10 2.258896143760160e+00 -9.021109926863370e+01
8.204000000000000e+10 2.218406352230442e+00 -9.021092722147901e+01
8.237000000000000e+10 2.178109845482951e+00 -9.021071383557837e+01
8.270000000000000e+10 2.138004231217461e+00 -9.021045709013764e+01
8.303000000000000e+10 2.098087155018082e+00 -9.021015469914340e+01
8.336000000000000e+10 2.058356301075440e+00 -9.020980409755481e+01
8.369000000000000e+10 2.018809392737644e+00 -9.020940243865275e+01
8.402000000000000e+10 1.979444192762063e+00 -9.020894660181310e+01
8.435000000000000e+10 1.940258503170371e+00 -9.020843320875295e+01
8.468000000000000e+10 1.901250164650425e+00 -9.020785864519921e+01
8.501000000000000e+10 1.862417055494382e+00 -9.020721908407663e+01
8.534000000000000e+10 1.823757090110440e+00 -9.020651050573625e+01
8.567000000000000e+10 1.785268217190105e+00 -9.020572871059657e+01
8.600000000000000e+10 1.746948417649086e+00 -9.020486931977403e+01
8.633000000000000e+10 1.708795702485243e+00 -9.020392775992407e+01
8.666000000000000e+10 1.670808110707919e+00 -9.020289922948021e+01
8.699000000000000e+10 1.632983707488612e+00 -9.020177864471709e+01
8.732000000000000e+10 1.595320582663569e+00 -9.020056056544321e+01
8.765000000000000e+10 1.557816849686307e+00 -9.019923910151104e+01
8.798000000000000e+10 1.520470645085011e+00 -9.019780780257994e+01
8.831000000000000e+10 1.483280128431151e+00 -9.019625953452370e+01
8.864000000000000e+10 1.446243482775144e+00 -9.019458634640422e+01
8.897000000000000e+10 1.409358915459071e+00 -9.019277933197378e+01
8.930000000000000e+10 1.372624659178084e+00 -9.019082848908664e+01
8.963000000000000e+10 1.336038973136900e+00 -9.018872257925891e+01
8.996000000000000e+10 1.299600144137347e+00 -9.018644898788037e+01
9.029000000000000e+10 1.263306487438663e+00 -9.018399358333487e+01
9.062000000000000e+10 1.227156347254327e+00 -9.018134057064988e+01
9.095000000000000e+10 1.191148096785021e+00 -9.017847233236292e+01
9.128000000000000e+10 1.155280137733835e+00 -9.017536924621373e+01
9.161000000000000e+10 1.119550899302709e+00 -9.017200946613777e+01
9.194000000000000e+10 1.083958836722199e+00 -9.016836864992865e+01
9.227000000000000e+10 1.048502429416357e+00 -9.016441961382172e+01
9.260000000000000e+10 1.013180178943598e+00 -9.016013189109583e+01
9.293000000000000e+10 9.779906068808409e-01 -9.015547116830028e+01
9.326000000000000e+10 9.429322528277831e-01 -9.015039856853016e+01
9.359000000000000e+10 9.080036726999452e-01 -9.014486974574504e+01
9.392000000000000e+10 8.732034374543424e-01 -9.013883374653081e+01
9.425000000000000e+10 8.385301323515461e-01 -9.013223158480493e+01
9.458000000000000e+10 8.039823568071442e-01 -9.012499445899192e+01
9.491000000000000e+10 7.695587248289028e-01 -9.011704151787009e+01
9.524000000000000e+10 7.352578659790301e-01 -9.010827704702683e+01
9.557000000000000e+10 7.010784267500793e-01 -9.009858689770932e+01
9.590000000000000e+10 6.670190722032584e-01 -9.008783390606720e+01
9.623000000000000e+10 6.330784876945879e-01 -9.007585194146714e+01
9.656000000000000e+10 5.992553805102055e-01 -9.006243805883273e+01
9.689000000000000e+10 5.655484812497600e-01 -9.004734198089781e+01
9.722000000000000e+10 5.319565448359108e-01 -9.003025175007468e+01
9.755000000000000e+10 4.984783510891008e-01 -9.001077377745378e+01
9.788000000000000e+10 4.651127048882686e-01 -8.998840452056885e+01
9.821000000000000e+10 4.318584360431369e-01 -8.996248935361500e+01
9.854000000000000e+10 3.987143991380328e-01 -8.993216130734795e+01
9.887000000000000e+10 3.656794737924611e-01 -8.989624717116527e+01
9.920000000000000e+10 3.327525660692736e-01 -8.985311873305282e+01
9.953000000000000e+10 2.999326122644296e-01 -8.980044780428310e+01
9.986000000000000e+10 2.672185873128602e-01 -8.973478378017884e+01
1.001900000000000e+11 2.346095222525724e-01 -8.965078333652460e+01
1.005200000000000e+11 2.021045405571743e-01 -8.953970514485187e+01
1.008500000000000e+11 1.697029376917579e-01 -8.938619708377705e+01
1.011800000000000e+11 1.374043734038743e-01 -8.916059009210369e+01
1.015100000000000e+11 1.052094151044599e-01 -8.879714099790925e+01
1.018400000000000e+11 7.312150308853403e-02 -8.811530734765685e+01
1.021700000000000e+11 4.115803774626470e-02 -8.637578439371251e+01
1.025000000000000e+11 9.584398956387160e-03 -7.301889135810627e+01
1.028300000000000e+11 2.284415090660057e-02 8.246065105843159e+01
1.031600000000000e+11 5.445872462392257e-02 8.663546404806102e+01
1.034900000000000e+11 8.605605372235427e-02 8.773865843362289e+01
1.038200000000000e+11 1.175751672521258e-01 8.824748196191470e+01
1.041500000000000e+11 1.490075818233770e-01 8.853997703786806e+01
1.044800000000000e+11 1.803513949953883e-01 8.872968576829004e+01
1.048100000000000e+11 2.116063735920760e-01 8.886252569273999e+01
1.051400000000000e+11 2.427728628244186e-01 8.896060979030733e+01
1.054700000000000e+11 2.738514482223918e-01 8.903590303836148e+01
1.058000000000000e+11 3.048428280699533e-01 8.909544524199255e+01
1.061300000000000e+11 3.357477587006869e-01 8.914364923760621e+01
1.064600000000000e+11 3.665670288309123e-01 8.918342192462231e+01
1.067900000000000e+11 3.973014465487407e-01 8.921675620024938e+01
1.071200000000000e+11 4.279518320517235e-01 8.924506386920443e+01
1.074500000000000e+11 4.585190129558198e-01 8.926937277984894e+01
1.077800000000000e+11 4.890038206432839e-01 8.929044869757621e+01
1.081100000000000e+11 5.194070869248192e-01 8.930887346462562e+01
1.084400000000000e+11 5.497296407275275e-01 8.932509674482957e+01
1.087700000000000e+11 5.799723047728031e-01 8.933947125193797e+01
1.091000000000000e+11 6.101358923565978e-01 8.935227733650126e+01
1.094300000000000e+11 6.402212044238381e-01 8.936374052968085e+01
1.097600000000000e+11 6.702290271558540e-01 8.937404430888982e+01
1.100900000000000e+11 7.001601302753437e-01 8.938333954545806e+01
1.104200000000000e+11 7.300152662258000e-01 8.939175159620908e+01
1.107500000000000e+11 7.597951703098179e-01 8.939938568562286e+01
1.110800000000000e+11 7.895005617836000e-01 8.940633102232270e+01
1.114100000000000e+11 8.191321458127223e-01 8.941266396114268e+01
1.117400000000000e+11 8.486906161074130e-01 8.941845043462042e+01
1.120700000000000e+11 8.781766579845600e-01 8.942374781954280e+01
1.124000000000000e+11 9.075909515554017e-01 8.942860636493533e+01
1.127300000000000e+11 9.369341747190615e-01 8.943307028092416e+01
1.130600000000000e+11 9.662070056553721e-01 8.943717856885567e+01
1.133900000000000e+11 9.954101245550152e-01 8.944096565882283e+01
1.137200000000000e+11 1.024544214397571e+00 8.944446190937816e+01
1.140500000000000e+11 1.053609960681957e+00 8.944769401445049e+01
1.143800000000000e+11 1.082608050119313e+00 8.945068535349924e+01
1.147100000000000e+11 1.111539168405756e+00 8.945345631242805e+01
1.150400000000000e+11 1.140403997290457e+00 8.945602459457132e+01
1.153700000000000e+11 1.169203211232532e+00 8.945840553333350e+01
1.157000000000000e+11 1.197937473990192e+00 8.946061241097857e+01
1.160300000000000e+11 1.226607435501439e+00 8.946265678194671e+01
1.163600000000000e+11 1.255213729394796e+00 8.946454879416461e+01
1.166900000000000e+11 1.283756971412432e+00 8.946629749841709e+01
1.170200000000000e+11 1.312237758941209e+00 8.946791113401048e+01
1.173500000000000e+11 1.340656671738199e+00 8.946939737880490e+01
1.176800000000000e+11 1.369014273816204e+00 8.947076355306241e+01
1.180100000000000e+11 1.397311116334296e+00 8.947201676927061e+01
1.183400000000000e+11 1.425547741230805e+00 8.947316402382268e+01
1.186700000000000e+11 1.453724685252478e+00 8.947421223074333e+01
1.190000000000000e+11 1.481842483983525e+00 8.947516820211962e+01
1.193300000000000e+11 1.509901675467785e+00 8.947603858404761e+01
1.196600000000000e+11 1.537902803048227e+00 8.947682976032533e+01
1.199900000000000e+11 1.565846417118733e+00 8.947754773848004e+01
1.203200000000000e+11 1.593733075587098e+00 8.947819803372968e+01
1.206500000000000e+11 1.621563342975752e+00 8.947878556609244e+01
1.209800000000000e+11 1.649337788225557e+00 8.947931458406448e+01
1.213100000000000e+11 1.677056981403336e+00 8.947978862523314e+01
1.216400000000000e+11 1.704721489633075e+00 8.948021052023763e+01
1.219700000000000e+11 1.732331872659243e+00 8.948058244192050e+01
1.223000000000000e+11 1.759888678500210e+00 8.948090599680670e+01
1.226300000000000e+11 1.787392439653026e+00 8.948118235170864e+01
1.229600000000000e+11 1.814843670266274e+00 8.948141238455622e+01
1.232900000000000e+11 1.842242864609416e+00 8.948159684604397e+01
1.236200000000000e+11 1.869590497041188e+00 8.948173651742216e+01
1.239500000000000e+11 1.896887023530241e+00 8.948183235002521e+01
1.242800000000000e+11 1.924132884621090e+00 8.948188557378126e+01
1.246100000000000e+11 1.951328509584820e+00 8.948189776490042e+01
1.249400000000000e+11 1.978474321363309e+00 8.948187086687601e+01
1.252700000000000e+11 2.005570741820863e+00 8.948180716347696e+01
1.256000000000000e+11 2.032618196770474e+00 8.948170920711151e+01
1.259300000000000e+11 2.059617120248762e+00 8.948157971034735e+01
1.262600000000000e+11 2.086567957575508e+00 8.948142141203928e+01
1.265900000000000e+11 2.113471166845495e+00 8.948123693206202e+01
1.269200000000000e+11 2.140327218652681e+00 8.948102862984399e+01
1.272500000000000e+11 2.167136594024490e+00 8.948079848156536e+01
1.275800000000000e+11 2.193899780729891e+00 8.948054798911049e+01
1.279100000000000e+11 2.220617268300684e+00 8.948027813072549e+01
1.282400000000000e+11 2.247289542250648e+00 8.947998935920988e+01
1.285700000000000e+11 2.273917078078000e+00 8.947968164869951e+01
1.289000000000000e+11 2.300500335679911e+00 8.947935458617663e+01
1.292300000000000e+11 2.327039754786580e+00 8.947900749926050e+01
1.295600000000000e+11 2.353535751938276e+00 8.947863960801958e+01
1.298900000000000e+11 2.379988719386243e+00 8.947825018593539e+01
1.302200000000000e+11 2.406399026111884e+00 8.947783871399027e+01
1.305500000000000e+11 2.432767020944582e+00 8.947740501226923e+01
1.308800000000000e+11 2.459093037538880e+00 8.947694933548962e+01
1.312100000000000e+11 2.485377400768416e+00 8.947647242227428e+01
1.315400000000000e+11 2.511620433929010e+00 8.947597549246507e+01
1.318700000000000e+11 2.537822466035165e+00 8.947546019192542e+01
1.322000000000000e+11 2.563983838455350e+00 8.947492848955835e+01
1.325300000000000e+11 2.590104910170203e+00 8.947438253617948e+01
1.328600000000000e+11 2.616186061051155e+00 8.947382449892747e+01
1.331900000000000e+11 2.642227692737780e+00 8.947325638763058e+01
1.335200000000000e+11 2.668230226923447e+00 8.947267989070164e+01
1.338500000000000e+11 2.694194101119275e+00 8.947209623754755e+01
1.341800000000000e+11 2.720119762230210e+00 8.947150610217142e+01
1.345100000000000e+11 2.746007658516961e+00 8.947090955882601e+01
1.348400000000000e+11 2.771858230708761e+00 8.947030609557015e+01
1.351700000000000e+11 2.797671903151581e+00 8.946969468589258e+01
1.355000000000000e+11 2.823449075911251e+00 8.946907391271361e+01
1.358300000000000e+11 2.849190118690719e+00 8.946844213367497e+01
1.361600000000000e+11 2.874895367272455e+00 8.946779767219456e+01
1.364900000000000e+11 2.900565122966625e+00 8.946713901578066e+01
1.368200000000000e+11 2.926199655258116e+00 8.946646500191929e+01
1.371500000000000e+11 2.951799207525625e+00 8.946577497256152e+01
1.374800000000000e+11 2.977364005384122e+00 8.946506888093145e+01
1.378100000000000e+11 3.002894266914619e+00 8.946434733870228e+01
1.381400000000000e+11 3.028390213818091e+00 8.946361159728025e+01
1.384700000000000e+11 3.053852082394478e+00 8.946286346335673e+01
1.388000000000000e+11 3.079280133216513e+00 8.946210515549623e+01
1.391300000000000e+11 3.104674658452401e+00 8.946133911462562e+01
1.394600000000000e+11 3.130035985985705e+00 8.946056778626100e+01
1.397900000000000e+11 3.155364479771005e+00 8.945979339564792e+01
1.401200000000000e+11 3.180660536224848e+00 8.945901773829804e+01
1.404500000000000e+11 3.205924576848629e+00 8.945824200749976e+01
1.407800000000000e+11 3.231157037675182e+00 8.945746667729456e+01
1.411100000000000e+11 3.256358356484211e+00 8.945669145438231e+01
1.414400000000000e+11 3.281528959003667e+00 8.945591530588933e+01
1.417700000000000e+11 3.306669245474846e+00 8.945513656250220e+01
1.421000000000000e+11 3.331779578986683e+00 8.945435308887856e+01
1.424300000000000e+11 3.356860276868875e+00 8.945356250619646e+01
1.427600000000000e+11 3.381911606181504e+00 8.945276244596828e+01
1.430900000000000e+11 3.406933783967445e+00 8.945195081039951e+01
1.434200000000000e+11 3.431926982476913e+00 8.945112601308583e+01
1.437500000000000e+11 3.456891339072435e+00 8.945028717492740e+01
1.440800000000000e+11 3.481826970026189e+00 8.944943425379255e+01
1.444100000000000e+11 3.506733986981641e+00 8.944856809238462e+01
1.447400000000000e+11 3.531612514513133e+00 8.944769037648105e+01
1.450700000000000e+11 3.556462707023978e+00 8.944680350447297e+01
1.454000000000000e+11 3.581284763197464e+00 8.944591037815751e+01
1.457300000000000e+11 3.606078936373235e+00 8.944501413307168e+01
1.460600000000000e+11 3.630845539551613e+00 8.944411783351686e+01
1.463900000000000e+11 3.655584944211840e+00 8.944322416200329e+01
1.467200000000000e+11 3.680297572721223e+00 8.944233513464852e+01
1.470500000000000e+11 3.704983884760393e+00 8.944145187276355e+01
1.473800000000000e+11 3.729644358831135e+00 8.944057445648416e+01
1.477100000000000e+11 3.754279470482428e+00 8.943970187912460e+01
1.480400000000000e+11 3.778889669325515e+00 8.943883211157774e+01
1.483700000000000e+11 3.803475357158645e+00 8.943796227535543e+01
1.487000000000000e+11 3.828036869550725e+00 8.943708891178144e+01
1.490300000000000e+11 3.852574463022239e+00 8.943620832449325e+01
1.493600000000000e+11 3.877088309521467e+00 8.943531696384426e+01
1.496900000000000e+11 3.901578499251126e+00 8.943441181595404e+01
1.500200000000000e+11 3.926045052111100e+00 8.943349075674865e+01
1.503500000000000e+11 3.950487937152259e+00 8.943255283276835e+01
1.506800000000000e+11 3.974907098571635e+00 8.943159843587098e+01
1.510100000000000e+11 3.999302486005512e+00 8.943062934785429e+01
1.513400000000000e+11 4.023674086275985e+00 8.942964864283196e+01
1.516700000000000e+11 4.048021953394842e+00 8.942866044886169e+01
1.520000000000000e+11 4.072346233573158e+00 8.942766958464186e+01
1.523300000000000e+11 4.096647182256002e+00 8.942668110066899e+01
1.526600000000000e+11 4.120925170792590e+00 8.942569976573748e+01
1.529900000000000e+11 4.145180681228199e+00 8.942472954779643e+01
1.533200000000000e+11 4.169414288800589e+00 8.942377314197569e+01
1.536500000000000e+11 4.193626632945271e+00 8.942283159742060e+01
1.539800000000000e+11 4.217818378853752e+00 8.942190408822422e+01
1.543100000000000e+11 4.241990172762920e+00 8.942098786249932e+01
1.546400000000000e+11 4.266142595064250e+00 8.942007838826673e+01
1.549700000000000e+11 4.290276115901303e+00 8.941916969653410e+01
1.553000000000000e+11 4.314391058089438e+00 8.941825490227583e+01
1.556300000000000e+11 4.338487571892736e+00 8.941732686476857e+01
1.559600000000000e+11 4.362565625419677e+00 8.941637893176744e+01
1.562900000000000e+11 4.386625013185084e+00 8.941540569909415e+01
1.566200000000000e+11 4.410665383811141e+00 8.941440370986427e+01
1.569500000000000e+11 4.434686286019592e+00 8.941337201692406e+01
1.572800000000000e+11 4.458687230155881e+00 8.941231253866326e+01
1.576100000000000e+11 4.482667760652506e+00 8.941123015215838e+01
1.579400000000000e+11 4.506627533260411e+00 8.941013248790802e+01
1.582700000000000e+11 4.530566389728561e+00 8.940902941587782e+01
1.586000000000000e+11 4.554484422032405e+00 8.940793224134747e+01
1.589300000000000e+11 4.578382018353056e+00 8.940685265881014e+01
1.592600000000000e+11 4.602259883846979e+00 8.940580154040136e+01
1.595900000000000e+11 4.626119030816529e+00 8.940478765943899e+01
1.599200000000000e+11 4.649960735133887e+00 8.940381646720412e+01
1.602500000000000e+11 4.673786458559100e+00 8.940288905005012e+01
1.605800000000000e+11 4.697597739745068e+00 8.940200139279401e+01
1.609100000000000e+11 4.721396060023061e+00 8.940114406232482e+01
1.612400000000000e+11 4.745182693256860e+00 8.940030240248673e+01
1.615700000000000e+11 4.768958551890162e+00 8.939945729836280e+01
1.619000000000000e+11 4.792724043548524e+00 8.939858652673283e+01
1.622300000000000e+11 4.816478953982064e+00 8.939766666191852e+01
1.625600000000000e+11 4.840222372594782e+00 8.939667545513487e+01
1.628900000000000e+11 4.863952676204840e+00 8.939559455359277e+01
1.632200000000000e+11 4.887667584989141e+00 8.939441237547832e+01
1.635500000000000e+11 4.911364301806915e+00 8.939312691039380e+01
1.638800000000000e+11 4.935039742314493e+00 8.939174817268955e+01
1.642100000000000e+11 4.958690858464457e+00 8.939029999670007e+01
1.645400000000000e+11 4.982315051956789e+00 8.938882082618201e+01
1.648700000000000e+11 5.005910666463710e+00 8.938736311232483e+01
1.652000000000000e+11 5.029477536875247e+00 8.938599089374777e+01
1.655300000000000e+11 5.053017558378577e+00 8.938477509183933e+01
1.658600000000000e+11 5.076535214688072e+00 8.938378603484793e+01
1.661900000000000e+11 5.100037968925808e+00 8.938308277632254e+01
1.665200000000000e+11 5.123536368708033e+00 8.938269901006622e+01
1.668500000000000e+11 5.147043650164068e+00 8.938262600887931e+01
1.671800000000000e+11 5.170574560702259e+00 8.938279433019797e+01
1.675100000000000e+11 5.194143107534212e+00 8.938305833543346e+01
1.678400000000000e+11 5.217759079738848e+00 8.938319078890270e+01
1.681700000000000e+11 5.241423625707118e+00 8.938289774698936e+01
1.685000000000000e+11 5.265124966766735e+00 8.938186350282123e+01
1.688300000000000e+11 5.288836256740856e+00 8.937982702526983e+01
1.691600000000000e+11 5.312517905280790e+00 8.937667333226416e+01
1.694900000000000e+11 5.336125407725450e+00 8.937250326700823e+01
1.698200000000000e+11 5.359620815771261e+00 8.936764119056163e+01
1.701500000000000e+11 5.382983246780937e+00 8.936256526041252e+01
1.704800000000000e+11 5.406213785948367e+00 8.935778694588853e+01
1.708100000000000e+11 5.429333214927702e+00 8.935373255068330e+01
1.711400000000000e+11 5.452374720725381e+00 8.935067024234975e+01
1.714700000000000e+11 5.475375371105616e+00 8.934869457360121e+01
1.718000000000000e+11 5.498369300646720e+00 8.934775360638976e+01
1.721300000000000e+11 5.521383723709070e+00 8.934769496601433e+01
1.724600000000000e+11 5.544437489707231e+00 8.934831225487382e+01
1.727900000000000e+11 5.567541338774661e+00 8.934938243621366e+01
1.731200000000000e+11 5.590699045929662e+00 8.935069189649909e+01
1.734500000000000e+11 5.613908891565539e+00 8.935205252005328e+01
1.737800000000000e+11 5.637165143008308e+00 8.935331021002234e+01
1.741100000000000e+11 5.660459401351999e+00 8.935434814319356e+01
1.744400000000000e+11 5.683781761934036e+00 8.935508650629909e+01
1.747700000000000e+11 5.707121780395612e+00 8.935547993135555e+01
1.751000000000000e+11 5.730469252346666e+00 8.935551345483989e+01
1.754300000000000e+11 5.753814818448891e+00 8.935519757278166e+01
1.757600000000000e+11 5.777150406535806e+00 8.935456281414292e+01
1.760900000000000e+11 5.800469522001886e+00 8.935365416837708e+01
1.764200000000000e+11 5.823767398396136e+00 8.935252564927166e+01
1.767500000000000e+11 5.847041022019162e+00 8.935123523615441e+01
1.770800000000000e+11 5.870289046905606e+00 8.934984039389801e+01
1.774100000000000e+11 5.893511619300988e+00 8.934839432969586e+01
1.777400000000000e+11 5.916710133073239e+00 8.934694309605392e+01
1.780700000000000e+11 5.939886939008431e+00 8.934552359709366e+01
1.784000000000000e+11 5.963045031349407e+00 8.934416250175032e+01
1.787300000000000e+11 5.986187734104350e+00 8.934287601599446e+01
1.790600000000000e+11 6.009318407591578e+00 8.934167042012587e+01
1.793900000000000e+11 6.032440192515562e+00 8.934054323941241e+01
1.797200000000000e+11 6.055555804816874e+00 8.933948488918193e+01
1.800500000000000e+11 6.078667389899904e+00 8.933848062035142e+01
1.803800000000000e+11 6.101776439955480e+00 8.933751258882407e+01
1.807100000000000e+11 6.124883773311146e+00 8.933656188171626e+01
1.810400000000000e+11 6.147989570391639e+00 8.933561035366778e+01
1.813700000000000e+11 6.171093457241236e+00 8.933464215542392e+01
1.817000000000000e+11 6.194194624870843e+00 8.933364487182313e+01
1.820300000000000e+11 6.217291971081450e+00 8.933261022432073e+01
1.823600000000000e+11 6.240384250934932e+00 8.933153433117856e+01
1.826900000000000e+11 6.263470222653615e+00 8.933041755366298e+01
1.830200000000000e+11 6.286548777308846e+00 8.932926398650349e+01
1.833500000000000e+11 6.309619043023167e+00 8.932808067365181e+01
1.836800000000000e+11 6.332680457317979e+00 8.932687664478856e+01
1.840100000000000e+11 6.355732804424802e+00 8.932566187360084e+01
1.843400000000000e+11 6.378776217573455e+00 8.932444625582153e+01
1.846700000000000e+11 6.401811149215373e+00 8.932323869431643e+01
1.850000000000000e+11 6.424838314616791e+00 8.932204636149656e+01
1.853300000000000e+11 6.447858616093179e+00 8.932087418797569e+01
1.856600000000000e+11 6.470873056248482e+00 8.931972460264139e+01
1.859900000000000e+11 6.493882648884358e+00 8.931859752538409e+01
1.863200000000000e+11 6.516888335788330e+00 8.931749059156934e+01
1.866500000000000e+11 6.539890916480252e+00 8.931639956869557e+01
1.869800000000000e+11 6.562890996331642e+00 8.931531891187387e+01
1.873100000000000e+11 6.585888956453029e+00 8.931424239661476e+01
1.876400000000000e+11 6.608884946559749e+00 8.931316376522211e+01
1.879700000000000e+11 6.631878899881593e+00 8.931207732665969e+01
1.883000000000000e+11 6.654870567256109e+00 8.931097845835832e+01
1.886300000000000e+11 6.677859565996560e+00 8.930986397098768e+01
1.889600000000000e+11 6.700845438064831e+00 8.930873231238114e+01
1.892900000000000e+11 6.723827711575211e+00 8.930758360305180e+01
1.896200000000000e+11 6.746805959714710e+00 8.930641951158368e+01
1.899500000000000e+11 6.769779851756946e+00 8.930524299224523e+01
1.902800000000000e+11 6.792749191884624e+00 8.930405791832213e+01
1.906100000000000e+11 6.815713942902129e+00 8.930286865207272e+01
1.909400000000000e+11 6.838674233478597e+00 8.930167959546974e+01
1.912700000000000e+11 6.861630349157675e+00 8.930049476493039e+01
1.916000000000000e+11 6.884582708861133e+00 8.929931742840269e+01
1.919300000000000e+11 6.907531829868642e+00 8.929814983513403e+01
1.922600000000000e+11 6.930478285172998e+00 8.929699305808266e+01
1.925900000000000e+11 6.953422657622403e+00 8.929584695733909e+01
1.929200000000000e+11 6.976365495342874e+00 8.929471026119350e+01
1.932500000000000e+11 6.999307272595125e+00 8.929358075071173e+01
1.935800000000000e+11 7.022248359514133e+00 8.929245552479016e+01
1.939100000000000e+11 7.045189003184974e+00 8.929133131636088e+01
1.942400000000000e+11 7.068129321333440e+00 8.929020482716234e+01
1.945700000000000e+11 7.091069308665174e+00 8.928907304842492e+01
1.949000000000000e+11 7.114008854696343e+00 8.928793353778414e+01
1.952300000000000e+11 7.136947770886414e+00 8.928678462831870e+01
1.955600000000000e+11 7.159885824097113e+00 8.928562555316202e+01
1.958900000000000e+11 7.182822772930220e+00 8.928445647787260e+01
1.962200000000000e+11 7.205758403362916e+00 8.928327844180802e+01
1.965500000000000e+11 7.228692560309390e+00 8.928209321825960e+01
1.968800000000000e+11 7.251625172255408e+00 8.928090311033382e+01
1.972100000000000e+11 7.274556266875911e+00 8.927971070487072e+01
1.975400000000000e+11 7.297485976480760e+00 8.927851860968049e+01
1.978700000000000e+11 7.320414533140888e+00 8.927732919986384e+01
1.982000000000000e+11 7.343342254330375e+00 8.927614439703885e+01
1.985300000000000e+11 7.366269520793957e+00 8.927496550118266e+01
1.988600000000000e+11 7.389196749026575e+00 8.927379308901605e+01
1.991900000000000e+11 7.412124361184795e+00 8.927262698598118e+01
1.995200000000000e+11 7.435052755399065e+00 8.927146631161247e+01
1.998500000000000e+11 7.457982279321070e+00 8.927030959113200e+01
2.001800000000000e+11 7.480913209340613e+00 8.926915492009545e+01
2.005100000000000e+11 7.503845737289956e+00 8.926800016435854e+01
2.008400000000000e+11 7.526779965681794e+00 8.926684317493887e+01
2.011700000000000e+11 7.549715911682473e+00 8.926568199666978e+01
2.015000000000000e+11 7.572653519180056e+00 8.926451505089503e+01
2.018300000000000e+11 7.595592677553638e+00 8.926334127561864e+01
2.021600000000000e+11 7.618533245149867e+00 8.926216021115806e+01
2.024900000000000e+11 7.641475075076793e+00 8.926097202495305e+01
2.028200000000000e+11 7.664418040773451e+00 8.925977747519634e+01
2.031500000000000e+11 7.687362058900296e+00 8.925857781880825e+01
2.034800000000000e+11 7.710307107420966e+00 8.925737467440477e+01
2.038100000000000e+11 7.733253237261743e+00 8.925616985486909e+01
2.041400000000000e+11 7.756200576592606e+00 8.925496518658095e+01
2.044700000000000e+11 7.779149327505745e+00 8.925376233310155e+01
2.048000000000000e+11 7.802099755605762e+00 8.925256264014011e+01
2.051300000000000e+11 7.825052173691695e+00 8.925136701608439e+01
2.054600000000000e+11 7.848006921253774e+00 8.925017585854123e+01
2.057900000000000e+11 7.870964341870659e+00 8.924898903261629e+01
2.061200000000000e+11 7.893924760747420e+00 8.924780590152449e+01
2.064500000000000e+11 7.916888464571643e+00 8.924662540507592e+01
2.067800000000000e+11 7.939855685594858e+00 8.924544617709168e+01
2.071100000000000e+11 7.962826591396604e+00 8.924426668929536e+01
2.074400000000000e+11 7.985801281209773e+00 8.924308540699448e+01
2.077700000000000e+11 8.008779789032564e+00 8.924190094110490e+01
2.081000000000000e+11 8.031762093089537e+00 8.924071218180933e+01
2.084300000000000e+11 8.054748130596629e+00 8.923951840127283e+01
2.087600000000000e+11 8.077737816288224e+00 8.923831931613014e+01
2.090900000000000e+11 8.100731062824703e+00 8.923711510457214e+01
2.094200000000000e+11 8.123727801047314e+00 8.923590637736996e+01
2.097500000000000e+11 8.146727998093622e+00 8.923469410666438e+01
2.100800000000000e+11 8.169731671625193e+00 8.923347952036255e+01
2.104100000000000e+11 8.192738898822304e+00 8.923226397317407e+01
2.107400000000000e+11 8.215749819329556e+00 8.923104880737243e+01
2.110700000000000e+11 8.238764631936515e+00 8.922983521712706e+01
2.114000000000000e+11 8.261783585390974e+00 8.922862412966082e+01
2.117300000000000e+11 8.284806964310537e+00 8.922741611462426e+01
2.120600000000000e+11 8.307835071627753e+00 8.922621133015203e+01
2.123900000000000e+11 8.330868209326674e+00 8.922500951036436e+01
2.127200000000000e+11 8.353906659380021e+00 8.922380999497699e+01
2.130500000000000e+11 8.376950666761680e+00 8.922261179757494e+01
2.133800000000000e+11 8.400000426190052e+00 8.922141370539028e+01
2.137100000000000e+11 8.423056073883565e+00 8.922021440045431e+01
2.140400000000000e+11 8.446117685111975e+00 8.921901259003354e+01
2.143700000000000e+11 8.469185277756043e+00 8.921780713349840e+01
2.147000000000000e+11 8.492258821503365e+00 8.921659715326012e+01
2.150300000000000e+11 8.515338251758722e+00 8.921538211908549e+01
2.153600000000000e+11 8.538423486892421e+00 8.921416189778830e+01
2.156900000000000e+11 8.561514447131158e+00 8.921293676373536e+01
2.160200000000000e+11 8.584611073240026e+00 8.921170736944242e+01
2.163500000000000e+11 8.607713343171211e+00 8.921047467941682e+01
2.166800000000000e+11 8.630821285056035e+00 8.920923987394060e+01
2.170100000000000e+11 8.653934985276440e+00 8.920800423235458e+01
2.173400000000000e+11 8.677054590831894e+00 8.920676900732327e+01
2.176700000000000e+11 8.700180305773257e+00 8.920553530236249e+01
2.180000000000000e+11 8.723312382052328e+00 8.920430396452132e+01
2.183300000000000e+11 8.746451105677522e+00 8.920307550257428e+01
2.186600000000000e+11 8.769596779523749e+00 8.920185003856012e+01
2.189900000000000e+11 8.792749704469406e+00 8.920062729723323e+01
2.193200000000000e+11 8.815910160698392e+00 8.919940663430631e+01
2.196500000000000e+11 8.839078390990917e+00 8.919818710060096e+01
2.199800000000000e+11 8.862254587637835e+00 8.919696753575779e+01
2.203100000000000e+11 8.885438884264095e+00 8.919574668231432e+01
2.206400000000000e+11 8.908631353373480e+00 8.919452330901328e+01
2.209700000000000e+11 8.931832009873458e+00 8.919329633133101e+01
2.213000000000000e+11 8.955040820258603e+00 8.919206491751636e+01
2.216300000000000e+11 8.978257716580650e+00 8.919082856984248e+01
2.219600000000000e+11 9.001482613862638e+00 8.918958717318912e+01
2.222900000000000e+11 9.024715429276721e+00 8.918834100624743e+01
2.226200000000000e+11 9.047956101222754e+00 8.918709071425049e+01
2.229500000000000e+11 9.071204606445770e+00 8.918583724587015e+01
2.232800000000000e+11 9.094460973510181e+00 8.918458176038615e+01
2.236100000000000e+11 9.117725291292553e+00 8.918332551412260e+01
2.239400000000000e+11 9.140997711629430e+00 8.918206973716535e+01
2.242700000000000e+11 9.164278445820305e+00 8.918081551233888e+01
2.246000000000000e+11 9.187567755280451e+00 8.917956366822564e+01
2.249300000000000e+11 9.210865937209427e+00 8.917831469668003e+01
2.252600000000000e+11 9.234173306634087e+00 8.917706870294742e+01
2.255900000000000e+11 9.257490176548284e+00 8.917582539336519e+01
2.259200000000000e+11 9.280816838072871e+00 8.917458410199356e+01
2.262500000000000e+11 9.304153542574539e+00 8.917334385375545e+01
2.265800000000000e+11 9.327500487512372e+00 8.917210345811289e+01
2.269100000000000e+11 9.350857807432737e+00 8.917086162430786e+01
2.272400000000000e+11 9.374225571049791e+00 8.916961708705915e+01
2.275700000000000e+11 9.397603784763591e+00 8.916836873052685e+01
2.279000000000000e+11 9.420992402345773e+00 8.916711569844240e+01
2.282300000000000e+11 9.444391339918729e+00 8.916585747957841e+01
2.285600000000000e+11 9.467800494825781e+00 8.916459396003810e+01
2.288900000000000e+11 9.491219766594405e+00 8.916332543702255e+01
2.292200000000000e+11 9.514649077967450e+00 8.916205259242116e+01
2.295500000000000e+11 9.538088393942040e+00 8.916077642847979e+01
2.298800000000000e+11 9.561537736923652e+00 8.915949817149749e+01
2.302100000000000e+11 9.584997196455541e+00 8.915821915267665e+01
2.305400000000000e+11 9.608466932489765e+00 8.915694067755670e+01
2.308700000000000e+11 9.631947171783519e+00 8.915566389668945e+01
2.312000000000000e+11 9.655438197669449e+00 8.915438969022604e+01
2.315300000000000e+11 9.678940334099972e+00 8.915311857786453e+01
2.318600000000000e+11 9.702453925441503e+00 8.915185066326436e+01
2.321900000000000e+11 9.725979313935134e+00 8.915058561878450e+01
2.325200000000000e+11 9.749516817001259e+00 8.914932271252940e+01
2.328500000000000e+11 9.773066706619845e+00 8.914806087559336e+01
2.331800000000000e+11 9.796629192854953e+00 8.914679880343071e+01
2.335100000000000e+11 9.820204413225015e+00 8.914553508187309e+01
2.338400000000000e+11 9.843792429078256e+00 8.914426832576152e+01
2.341700000000000e+11 9.867393229469993e+00 8.914299731676272e+01
2.345000000000000e+11 9.891006742311193e+00 8.914172112681267e+01
2.348300000000000e+11 9.914632851839620e+00 8.914043921482265e+01
2.351600000000000e+11 9.938271420825231e+00 8.913915148670520e+01
2.354900000000000e+11 9.961922315421733e+00 8.913785831219967e+01
2.358200000000000e+11 9.985585430270911e+00 8.913656049609523e+01
2.361500000000000e+11 1.000926071138814e+01 8.913525920586737e+01
2.364800000000000e+11 1.003294817451959e+01 8.913395586205147e+01
2.368100000000000e+11 1.005664791705046e+01 8.913265200143806e+01
2.371400000000000e+11 1.008036012213513e+01 8.913134912602450e+01
2.374700000000000e+11 1.010408505444786e+01 8.913004855231343e+01
2.378000000000000e+11 1.012782304776699e+01 8.912875127578593e+01
2.381300000000000e+11 1.015157448540790e+01 8.912745786421513e+01
2.384600000000000e+11 1.017533977525403e+01 8.912616839091882e+01
2.387900000000000e+11 1.019911932170998e+01 8.912488241539336e+01
2.391200000000000e+11 1.022291349726514e+01 8.912359901427300e+01
2.394500000000000e+11 1.024672261646810e+01 8.912231686069549e+01
2.397800000000000e+11 1.027054691495042e+01 8.912103434536523e+01
2.401100000000000e+11 1.029438653571650e+01 8.911974972835631e+01
2.404400000000000e+11 1.031824152426147e+01 8.911846130742872e+01
2.407700000000000e+11 1.034211183325684e+01 8.911716758666975e+01
2.411000000000000e+11 1.036599733662054e+01 8.911586742884489e+01
2.414300000000000e+11 1.038989785186094e+01 8.911456017603142e+01
2.417600000000000e+11 1.041381316873293e+01 8.911324572583338e+01
2.420900000000000e+11 1.043774308156370e+01 8.911192455451103e+01
2.424200000000000e+11 1.046168742216237e+01 8.911059768334904e+01
2.427500000000000e+11 1.048564609007272e+01 8.910926659006356e+01
2.430800000000000e+11 1.050961907708553e+01 8.910793307251005e+01
2.434100000000000e+11 1.053360648339710e+01 8.910659907682802e+01
2.437400000000000e+11 1.055760852353516e+01 8.910526650601851e+01
2.440700000000000e+11 1.058162552112367e+01 8.910393702732355e+01
2.444000000000000e+11 1.060565789262992e+01 8.910261189743233e+01
2.447300000000000e+11 1.062970612132915e+01 8.910129182335687e+01
2.450600000000000e+11 1.065377072373535e+01 8.909997687383937e+01
2.453900000000000e+11 1.067785221157181e+01 8.909866645163660e+01
2.457200000000000e+11 1.070195105290810e+01 8.909735933134282e+01
2.460500000000000e+11 1.072606763630707e+01 8.909605376109842e+01
2.463800000000000e+11 1.075020224167150e+01 8.909474762016517e+01
2.467100000000000e+11 1.077435502095558e+01 8.909343861856620e+01
2.470400000000000e+11 1.079852599105311e+01 8.909212452035278e+01
2.473700000000000e+11 1.082271504005478e+01 8.909080336909717e+01
2.477000000000000e+11 1.084692194679010e+01 8.908947369321514e+01
2.480300000000000e+11 1.087114641224556e+01 8.908813466992736e+01
2.483600000000000e+11 1.089538810021381e+01 8.908678622996216e+01
2.486900000000000e+11 1.091964668349940e+01 8.908542909030923e+01
2.490200000000000e+11 1.094392189129571e+01 8.908406470896109e+01
2.493500000000000e+11 1.096821355303926e+01 8.908269516307033e+01
2.496800000000000e+11 1.099252163418961e+01 8.908132295958650e+01
2.500100000000000e+11 1.101684625997554e+01 8.907995079449884e+01
2.503400000000000e+11 1.104118772416528e+01 8.907858128256039e+01
2.506700000000000e+11 1.106554648126493e+01 8.907721668323470e+01
2.510000000000000e+11 1.108992312212439e+01 8.907585865007923e+01
2.513300000000000e+11 1.111431833457437e+01 8.907450802967003e+01
2.516600000000000e+11 1.113873285229252e+01 8.907316473243381e+01
2.519900000000000e+11 1.116316739642303e+01 8.907182769166039e+01
2.523200000000000e+11 1.118762261543232e+01 8.907049491899697e+01
2.526500000000000e+11 1.121209902914278e+01 8.906916365556899e+01
2.529800000000000e+11 1.123659698278896e+01 8.906783060836477e+01
2.533100000000000e+11 1.126111661626278e+01 8.906649225257276e+01
2.536400000000000e+11 1.128565785248943e+01 8.906514517306790e+01
2.539700000000000e+11 1.131022040719927e+01 8.906378641299490e+01
2.543000000000000e+11 1.133480382036915e+01 8.906241379503076e+01
2.546300000000000e+11 1.135940750747361e+01 8.906102618177435e+01
2.549600000000000e+11 1.138403082661665e+01 8.905962364590943e+01
2.552900000000000e+11 1.140867315580908e+01 8.905820752806657e+01
2.556200000000000e+11 1.143333397330538e+01 8.905678037013973e+01
2.559500000000000e+11 1.145801293317422e+01 8.905534572337591e+01
2.562800000000000e+11 1.148270992825836e+01 8.905390784283453e+01
2.566100000000000e+11 1.150742513342449e+01 8.905247129166258e+01
2.569400000000000e+11 1.153215902348603e+01 8.905104048890463e+01
2.572700000000000e+11 1.155691236230991e+01 8.904961924216572e+01
2.576000000000000e+11 1.158168616221927e+01 8.904821031051463e+01
2.579300000000000e+11 1.160648161567187e+01 8.904681504293602e+01
2.582600000000000e+11 1.163130000405159e+01 8.904543313317973e+01
2.585900000000000e+11 1.165614259100812e+01 8.904406252317094e+01
2.589200000000000e+11 1.168101050983155e+01 8.904269947479030e+01
2.592500000000000e+11 1.170590465562855e+01 8.904133881476169e+01
2.595800000000000e+11 1.173082559341010e+01 8.903997434083594e+01
2.599100000000000e+11 1.175577349248949e+01 8.903859936091412e+01
2.602400000000000e+11 1.178074809583496e+01 8.903720732176606e+01
2.605700000000000e+11 1.180574873030438e+01 8.903579247208503e+01
2.609000000000000e+11 1.183077436019817e+01 8.903435049710171e+01
2.612300000000000e+11 1.185582368257250e+01 8.903287905986805e+01
2.615600000000000e+11 1.188089525859067e+01 8.903137818817530e+01
2.618900000000000e+11 1.190598767123484e+01 8.902985045596833e+01
2.622200000000000e+11 1.193109969632622e+01 8.902830092356311e+01
2.625500000000000e+11 1.195623047137732e+01 8.902673682097377e+01
2.628800000000000e+11 1.198137964561200e+01 8.902516698170072e+01
2.632100000000000e+11 1.200654749474475e+01 8.902360105858270e+01
2.635400000000000e+11 1.203173498591770e+01 8.902204857667039e+01
2.638700000000000e+11 1.205694378149622e+01 8.902051789837888e+01
2.642000000000000e+11 1.208217617507766e+01 8.901901519138111e+01
2.645300000000000e+11 1.210743495875122e+01 8.901754349805712e+01
2.648600000000000e+11 1.213272322696711e+01 8.901610200552240e+01
2.651900000000000e+11 1.215804412882505e+01 8.901468560665538e+01
2.655200000000000e+11 1.218340058663303e+01 8.901328482511201e+01
2.658500000000000e+11 1.220879500366698e+01 8.901188615183663e+01
2.661800000000000e+11 1.223422898767265e+01 8.901047280852401e+01
2.665100000000000e+11 1.225970311836302e+01 8.900902591697616e+01
2.668400000000000e+11 1.228521678669331e+01 8.900752601497122e+01
2.671700000000000e+11 1.231076813089385e+01 8.900595482202306e+01
2.675000000000000e+11 1.233635408916701e+01 8.900429712525943e+01
2.678300000000000e+11 1.236197058182703e+01 8.900254262934702e+01
2.681600000000000e+11 1.238761282690240e+01 8.900068759727826e+01
2.684900000000000e+11 1.241327578336439e+01 8.899873610248896e+01
2.688200000000000e+11 1.243895470586569e+01 8.899670071793489e+01
2.691500000000000e+11 1.246464578485179e+01 8.899460248402724e+01
2.694800000000000e+11 1.249034683682220e+01 8.899247002323609e+01
2.698100000000000e+11 1.251605800191570e+01 8.899033770201218e+01
2.701400000000000e+11 1.254178240018680e+01 8.898824277661414e+01
2.704700000000000e+11 1.256752669390280e+01 8.898622149351904e+01
2.708000000000000e+11 1.259330150030199e+01 8.898430414149405e+01
2.711300000000000e+11 1.261912159608419e+01 8.898250906466480e+01
2.714600000000000e+11 1.264500584869847e+01 8.898083563773325e+01
2.717900000000000e+11 1.267097679551609e+01 8.897925617149478e+01
2.721200000000000e+11 1.269705976235279e+01 8.897770666034079e+01
2.724500000000000e+11 1.272328135499654e+01 8.897607621936859e+01
2.727800000000000e+11 1.274966705235643e+01 8.897419503491572e+01
2.731100000000000e+11 1.277623745100435e+01 8.897182078103387e+01
2.734400000000000e+11 1.280300242617095e+01 8.896862395951760e+01
2.737700000000000e+11 1.282995205011898e+01 8.896417387397750e+01
2.741000000000000e+11 1.285704247924768e+01 8.895792943453928e+01
2.744300000000000e+11 1.288417382910787e+01 8.894924358252003e+01
2.747600000000000e+11 1.291115378890982e+01 8.893740296067259e+01
2.750900000000000e+11 1.293763382790123e+01 8.892178530743180e+01
2.754200000000000e+11 1.296301935975433e+01 8.890244423488011e+01
2.757500000000000e+11 1.298651671816319e+01 8.888162922709232e+01
2.760800000000000e+11 1.300772957798230e+01 8.886511406145947e+01
2.764100000000000e+11 1.302749892958802e+01 8.885939656537977e+01
2.767400000000000e+11 1.304756417767133e+01 8.886616163505983e+01
2.770700000000000e+11 1.306927911545286e+01 8.888158985885293e+01
2.774000000000000e+11 1.309302061675973e+01 8.890025395835610e+01
2.777300000000000e+11 1.311848763148281e+01 8.891815553668586e+01
2.780600000000000e+11 1.314516690713040e+01 8.893330611072217e+01
2.783900000000000e+11 1.317259371324161e+01 8.894512272835698e+01
2.787200000000000e+11 1.320042610091187e+01 8.895374203855556e+01
2.790500000000000e+11 1.322843553136057e+01 8.895958470542836e+01
2.793800000000000e+11 1.325647703432411e+01 8.896313921673506e+01
2.797100000000000e+11 1.328446230431739e+01 8.896487173730952e+01
2.800400000000000e+11 1.331234053790675e+01 8.896519572675143e+01
2.803700000000000e+11 1.334008589615381e+01 8.896446621413304e+01
2.807000000000000e+11 1.336768948229623e+01 8.896298267920855e+01
2.810300000000000e+11 1.339515411710699e+01 8.896099402584514e+01
2.813600000000000e+11 1.342249076825817e+01 8.895870341782707e+01
2.816900000000000e+11 1.344971594034835e+01 8.895627250178566e+01
2.820200000000000e+11 1.347684963213085e+01 8.895382516457218e+01
2.823500000000000e+11 1.350391365324823e+01 8.895145111731952e+01
2.826800000000000e+11 1.353093020260054e+01 8.894920955764401e+01
2.830100000000000e+11 1.355792067200402e+01 8.894713306107457e+01
2.833400000000000e+11 1.358490467005042e+01 8.894523174599505e+01
2.836700000000000e+11 1.361189927338654e+01 8.894349766466554e+01
2.840000000000000e+11 1.363891851324724e+01 8.894190930421389e+01
2.843300000000000e+11 1.366597309877178e+01 8.894043603792679e+01
2.846600000000000e+11 1.369307036871041e+01 8.893904234785160e+01
2.849900000000000e+11 1.372021445200125e+01 8.893769164230294e+01
2.853200000000000e+11 1.374740660711077e+01 8.893634951289741e+01
2.856500000000000e+11 1.377464570128490e+01 8.893498631110231e+01
2.859800000000000e+11 1.380192878481829e+01 8.893357896937651e+01
2.863100000000000e+11 1.382925171261906e+01 8.893211204208615e+01
2.866400000000000e+11 1.385660976588647e+01 8.893057799185971e+01
2.869700000000000e+11 1.388399823048420e+01 8.892897679369653e+01
2.873000000000000e+11 1.391141289517023e+01 8.892731496843761e+01
2.876300000000000e+11 1.393885044163262e+01 8.892560418637973e+01
2.879600000000000e+11 1.396630870850700e+01 8.892385959922747e+01
2.882900000000000e+11 1.399378682239293e+01 8.892209806343493e+01
2.886200000000000e+11 1.402128519949770e+01 8.892033641069231e+01
2.889500000000000e+11 1.404880543113088e+01 8.891858990303692e+01
2.892800000000000e+11 1.407635007418716e+01 8.891687098287558e+01
2.896100000000000e+11 1.410392237347228e+01 8.891518839465945e+01
2.899400000000000e+11 1.413152594594872e+01 8.891354671804687e+01
2.902700000000000e+11 1.415916445758308e+01 8.891194631514894e+01
2.906000000000000e+11 1.418684132159082e+01 8.891038365985516e+01
2.909300000000000e+11 1.421455944278243e+01 8.890885198781295e+01
2.912600000000000e+11 1.424232102689424e+01 8.890734218343661e+01
2.915900000000000e+11 1.427012746679901e+01 8.890584380667799e+01
2.919200000000000e+11 1.429797930999508e+01 8.890434615773911e+01
2.922500000000000e+11 1.432587630440611e+01 8.890283928229618e+01
2.925800000000000e+11 1.435381751290017e+01 8.890131483213143e+01
2.929100000000000e+11 1.438180148156287e+01 8.889976671484615e+01
2.932400000000000e+11 1.440982644302067e+01 8.889819148953163e+01
2.935700000000000e+11 1.443789053422130e+01 8.889658849067528e+01
2.939000000000000e+11 1.446599200809810e+01 8.889495968785603e+01
2.942300000000000e+11 1.449412942036549e+01 8.889330931178614e+01
2.945600000000000e+11 1.452230177604640e+01 8.889164329614159e+01
2.948900000000000e+11 1.455050862485842e+01 8.888996859798738e+01
2.952200000000000e+11 1.457875009981163e+01 8.888829246660895e+01
2.955500000000000e+11 1.460702689881598e+01 8.888662173098302e+01
2.958800000000000e+11 1.463534021426559e+01 8.888496217023474e+01
2.962100000000000e+11 1.466369162001395e+01 8.888331802016636e+01
2.965400000000000e+11 1.469208292853270e+01 8.888169165351873e+01
2.968700000000000e+11 1.472051603310067e+01 8.888008345368014e+01
2.972000000000000e+11 1.474899275047496e+01 8.887849188278246e+01
2.975300000000000e+11 1.477751467868281e+01 8.887691372724912e+01
2.978600000000000e+11 1.480608308245726e+01 8.887534448845068e+01
2.981900000000000e+11 1.483469881569292e+01 8.887377887442437e+01
2.985200000000000e+11 1.486336228643225e+01 8.887221134152624e+01
2.988500000000000e+11 1.489207346570134e+01 8.887063663281151e+01
2.991800000000000e+11 1.492083193738686e+01 8.886905026284001e+01
2.995100000000000e+11 1.494963698265565e+01 8.886744890598668e+01
2.998400000000000e+11 1.497848768948003e+01 8.886583065633245e+01
3.001700000000000e+11 1.500738307589755e+01 8.886419514062865e+01
3.005000000000000e+11 1.503632221481145e+01 8.886254348037978e+01
3.008300000000000e+11 1.506530434849737e+01 8.886087811333825e+01
3.011600000000000e+11 1.509432898240554e+01 8.885920249741689e+01
3.014900000000000e+11 1.512339595019693e+01 8.885752073004171e+01
3.018200000000000e+11 1.515250544495250e+01 8.885583712252925e+01
3.021500000000000e+11 1.518165801486635e+01 8.885415577167015e+01
3.024800000000000e+11 1.521085452513046e+01 8.885248016928414e+01
3.028100000000000e+11 1.524009609085105e+01 8.885081288533894e+01
3.031400000000000e+11 1.526938398839781e+01 8.884915535193727e+01
3.034700000000000e+11 1.529871955437759e+01 8.884750776493350e+01
3.038000000000000e+11 1.532810408229297e+01 8.884586910822038e+01
3.041300000000000e+11 1.535753872683992e+01 8.884423729394780e+01
3.044600000000000e+11 1.538702442476606e+01 8.884260940119765e+01
3.047900000000000e+11 1.541656183936750e+01 8.884098198690569e+01
3.051200000000000e+11 1.544615133324443e+01 8.883935143685693e+01
3.054500000000000e+11 1.547579297111992e+01 8.883771432181788e+01
3.057800000000000e+11 1.550548655161367e+01 8.883606772450791e+01
3.061100000000000e+11 1.553523166413697e+01 8.883440950694506e+01
3.064400000000000e+11 1.556502776478669e+01 8.883273849430185e+01
3.067700000000000e+11 1.559487426345983e+01 8.883105456005798e+01
3.071000000000000e+11 1.562477061353889e+01 8.882935860706934e+01
3.074300000000000e+11 1.565471639545878e+01 8.882765244923903e+01
3.077600000000000e+11 1.568471138625792e+01 8.882593860781553e+01
3.080900000000000e+11 1.571475560872728e+01 8.882422004410590e+01
3.084200000000000e+11 1.574484935586421e+01 8.882249985589384e+01
3.087500000000000e+11 1.577499318878354e+01 8.882078096762568e+01
3.090800000000000e+11 1.580518790881206e+01 8.881906584429531e+01
3.094100000000000e+11 1.583543450694455e+01 8.881735625599097e+01
3.097400000000000e+11 1.586573409594065e+01 8.881565311461968e+01
3.100700000000000e+11 1.589608783190518e+01 8.881395639696073e+01
3.104000000000000e+11 1.592649683307610e+01 8.881226515966178e+01
3.107300000000000e+11 1.595696210368107e+01 8.881057764290090e+01
3.110600000000000e+11 1.598748447010816e+01 8.880889145104420e+01
3.113900000000000e+11 1.601806453534802e+01 8.880720379151403e+01
3.117200000000000e+11 1.604870265582303e+01 8.880551174788621e+01
3.120500000000000e+11 1.607939894252760e+01 8.880381256041093e+01
3.123800000000000e+11 1.611015328604627e+01 8.880210388692456e+01
3.127100000000000e+11 1.614096540274713e+01 8.880038401945534e+01
3.130400000000000e+11 1.617183489745734e+01 8.879865203646763e+01
3.133700000000000e+11 1.620276133641257e+01 8.879690787714682e+01
3.137000000000000e+11 1.623374432336202e+01 8.879515233177648e+01
3.140300000000000e+11 1.626478357149007e+01 8.879338695034636e+01
3.143600000000000e+11 1.629587896429267e+01 8.879161387930009e+01
3.146900000000000e+11 1.632703059966643e+01 8.878983564304330e+01
3.150200000000000e+11 1.635823881313087e+01 8.878805489188679e+01
3.153500000000000e+11 1.638950417812851e+01 8.878627414102858e+01
3.156800000000000e+11 1.642082748355798e+01 8.878449552574294e+01
3.160100000000000e+11 1.645220969086725e+01 8.878272059611686e+01
3.163400000000000e+11 1.648365187497794e+01 8.878095017065793e+01
3.166700000000000e+11 1.651515515482814e+01 8.877918426228938e+01
3.170000000000000e+11 1.654672062028556e+01 8.877742208321268e+01
3.173300000000000e+11 1.657834926250323e+01 8.877566212754057e+01
3.176600000000000e+11 1.661004191443226e+01 8.877390232317637e+01
3.179900000000000e+11 1.664179920721525e+01 8.877214023786682e+01
3.183200000000000e+11 1.667362154665695e+01 8.877037331926387e+01
3.186500000000000e+11 1.670550911203977e+01 8.876859914569154e+01
3.189800000000000e+11 1.673746187741584e+01 8.876681566337955e+01
3.193100000000000e+11 1.676947965335822e+01 8.876502138730545e+01
3.196400000000000e+11 1.680156214519466e+01 8.876321554630425e+01
3.199700000000000e+11 1.683370902216333e+01 8.876139815845234e+01
3.203000000000000e+11 1.686591999086453e+01 8.875957002938011e+01
3.206300000000000e+11 1.689819486594610e+01 8.875773267350573e+01
3.209600000000000e+11 1.693053363118362e+01 8.875588816552015e+01
3.212900000000000e+11 1.696293648498349e+01 8.875403893609941e+01
3.216200000000000e+11 1.699540386577948e+01 8.875218753117686e+01
3.219500000000000e+11 1.702793645466171e+01 8.875033635765003e+01
3.222800000000000e+11 1.706053515471465e+01 8.874848743981649e+01
3.226100000000000e+11 1.709320104874578e+01 8.874664220998723e+01
3.229400000000000e+11 1.712593533915071e+01 8.874480135367310e+01
3.232700000000000e+11 1.715873927540094e+01 8.874296472478025e+01
3.236000000000000e+11 1.719161407588510e+01 8.874113133980524e+01
3.239300000000000e+11 1.722456085147092e+01 8.873929945269578e+01
3.242600000000000e+11 1.725758053811068e+01 8.873746670448612e+01
3.245900000000000e+11 1.729067384509739e+01 8.873563033474413e+01
3.249200000000000e+11 1.732384122423224e+01 8.873378743589170e+01
3.252500000000000e+11 1.735708286332049e+01 8.873193522718175e+01
3.255800000000000e+11 1.739039870521983e+01 8.873007132288535e+01
3.259100000000000e+11 1.742378849132081e+01 8.872819396932935e+01
3.262400000000000e+11 1.745725182605907e+01 8.872630222780568e+01
3.265700000000000e+11 1.749078825703749e+01 8.872439608488277e+01
3.269000000000000e+11 1.752439736377068e+01 8.872247647789460e+01
3.272300000000000e+11 1.755807884708906e+01 8.872054523083041e+01
3.275600000000000e+11 1.759183261096651e+01 8.871860490384871e+01
3.278900000000000e+11 1.762565882897654e+01 8.871665856749739e+01
3.282200000000000e+11 1.765955798874098e+01 8.871470951974436e+01
3.285500000000000e+11 1.769353090948980e+01 8.871276096948004e+01
3.288800000000000e+11 1.772757873008738e+01 8.871081571374476e+01
3.292100000000000e+11 1.776170286739115e+01 8.870887583722603e+01
3.295400000000000e+11 1.779590494739637e+01 8.870694246141414e+01
3.298700000000000e+11 1.783018671405403e+01 8.870501556726934e+01
3.302000000000000e+11 1.786454992272638e+01 8.870309390960978e+01
3.305300000000000e+11 1.789899622677221e+01 8.870117503412965e+01
3.308600000000000e+11 1.793352706660558e+01 8.869925539959063e+01
3.311900000000000e+11 1.796814357065604e+01 8.869733059899767e+01
3.315200000000000e+11 1.800284647695598e+01 8.869539566518982e+01
3.318500000000000e+11 1.803763608264820e+01 8.869344543895176e+01
3.321800000000000e+11 1.807251222663734e+01 8.869147497210966e+01
3.325100000000000e+11 1.810747430807590e+01 8.868947993457120e+01
3.328400000000000e+11 1.814252134057847e+01 8.868745699325258e+01
3.331700000000000e+11 1.817765203921281e+01 8.868540413235965e+01
3.335000000000000e+11 1.821286493466676e+01 8.868332088849469e+01
3.338300000000000e+11 1.824815850673995e+01 8.868120848020139e+01
3.341600000000000e+11 1.828353132764810e+01 8.867906981939869e+01
3.344900000000000e+11 1.831898220469106e+01 8.867690940101441e+01
3.348200000000000e+11 1.835451031170621e+01 8.867473307638346e+01
3.351500000000000e+11 1.839011529941255e+01 8.867254772482683e+01
3.354800000000000e+11 1.842579737621060e+01 8.867036084563280e+01
3.358100000000000e+11 1.846155735311727e+01 8.866818009876364e+01
3.361400000000000e+11 1.849739664912237e+01 8.866601282659916e+01
3.364700000000000e+11 1.853331725615563e+01 8.866386559050723e+01
3.368000000000000e+11 1.856932166582034e+01 8.866174375501160e+01
3.371300000000000e+11 1.860541276285297e+01 8.865965114877412e+01
3.374600000000000e+11 1.864159369269479e+01 8.865758982593645e+01
3.377900000000000e+11 1.867786771242271e+01 8.865555994391674e+01
3.381200000000000e+11 1.871423803544318e+01 8.865355976520580e+01
3.384500000000000e+11 1.875070768072608e+01 8.865158578167092e+01
3.387800000000000e+11 1.878727933691622e+01 8.864963295106514e+01
3.391100000000000e+11 1.882395525045821e+01 8.864769502753553e+01
3.394400000000000e+11 1.886073714500609e+01 8.864576496150831e+01
3.397700000000000e+11 1.889762617700707e+01 8.864383533984942e+01
3.401000000000000e+11 1.893462292965348e+01 8.864189883500572e+01
3.404300000000000e+11 1.897172744458573e+01 8.863994863198160e+01
3.407600000000000e+11 1.900893928802500e+01 8.863797880449097e+01
3.410900000000000e+11 1.904625764562590e+01 8.863598461616415e+01
3.414200000000000e+11 1.908368143843128e+01 8.863396272889753e+01
3.417500000000000e+11 1.912120945102739e+01 8.863191130778246e+01
3.420800000000000e+11 1.915884046241680e+01 8.862983001995633e+01
3.424100000000000e+11 1.919657337027362e+01 8.862771993254803e+01
3.427400000000000e+11 1.923440730008876e+01 8.862558332204871e+01
3.430700000000000e+11 1.927234169217203e+01 8.862342341340579e+01
3.434000000000000e+11 1.931037636141071e+01 8.862124407148593e+01
3.437300000000000e+11 1.934851152694192e+01 8.861904947000068e+01
3.440600000000000e+11 1.938674781127468e+01 8.861684376343780e+01
3.443900000000000e+11 1.942508621072412e+01 8.861463078599859e+01
3.447200000000000e+11 1.946352804110312e+01 8.861241379823755e+01
3.450500000000000e+11 1.950207486430994e+01 8.861019529733720e+01
3.453800000000000e+11 1.954072840262491e+01 8.860797690118686e+01
3.457100000000000e+11 1.957949044812452e+01 8.860575931013571e+01
3.460400000000000e+11 1.961836277460157e+01 8.860354234401484e+01
3.463700000000000e+11 1.965734705877538e+01 8.860132504623667e+01
3.467000000000000e+11 1.969644481646176e+01 8.859910584195258e+01
3.470300000000000e+11 1.973565735785355e+01 8.859688273370026e+01
3.473600000000000e+11 1.977498576428286e+01 8.859465351596089e+01
3.476900000000000e+11 1.981443088695191e+01 8.859241598962961e+01
3.480200000000000e+11 1.985399336628714e+01 8.859016815857727e+01
3.483500000000000e+11 1.989367366893985e+01 8.858790839304355e+01
3.486800000000000e+11 1.993347213815501e+01 8.858563554830015e+01
3.490100000000000e+11 1.997338905234907e+01 8.858334903147835e+01
3.493400000000000e+11 2.001342468633165e+01 8.858104881426667e+01
3.496700000000000e+11 2.005357936969363e+01 8.857873539393685e+01
3.500000000000000e+11 2.009385353742671e+01 8.857640970944146e+01
