2.000000000000000e+10 2.394882890559849e+01 -9.006230209451300e+01
2.033000000000000e+10 2.352935097615073e+01 -9.006331169645813e+01
2.066000000000000e+10 2.312277715544732e+01 -9.006432109867802e+01
2.099000000000000e+10 2.272849894470129e+01 -9.006533000329267e+01
2.132000000000000e+10 2.234594553560631e+01 -9.006633843365779e+01
2.165000000000000e+10 2.197458087076730e+01 -9.006734670134954e+01
2.198000000000000e+10 2.161390098691137e+01 -9.006835528830989e+01
2.231000000000000e+10 2.126343162498040e+01 -9.006936468200627e+01
2.264000000000000e+10 2.092272608354365e+01 -9.007037521422164e+01
2.297000000000000e+10 2.059136328454596e+01 -9.007138695147974e+01
2.330000000000000e+10 2.026894601612924e+01 -9.007239966838721e+01
2.363000000000000e+10 1.995509931791425e+01 -9.007341290966737e+01
2.396000000000000e+10 1.964946897985351e+01 -9.007442612011556e+01
2.429000000000000e+10 1.935172013515183e+01 -9.007543880203335e+01
2.462000000000000e+10 1.906153593838795e+01 -9.007645065251715e+01
2.495000000000000e+10 1.877861632909859e+01 -9.007746164007666e+01
2.528000000000000e+10 1.850267688655201e+01 -9.007847199899676e+01
2.561000000000000e+10 1.823344778216063e+01 -9.007948214473403e+01
2.594000000000000e+10 1.797067283230626e+01 -9.008049253693281e+01
2.627000000000000e+10 1.771410864782011e+01 -9.008150353157653e+01
2.660000000000000e+10 1.746352386924735e+01 -9.008251526606506e+01
2.693000000000000e+10 1.721869847161127e+01 -9.008352761034322e+01
2.726000000000000e+10 1.697942312033943e+01 -9.008454019700649e+01
2.759000000000000e+10 1.674549856190700e+01 -9.008555251977293e+01
2.792000000000000e+10 1.651673503797153e+01 -9.008656406988875e+01
2.825000000000000e+10 1.629295171878028e+01 -9.008757446963075e+01
2.858000000000000e+10 1.607397615840787e+01 -9.008858356397060e+01
2.891000000000000e+10 1.585964377908549e+01 -9.008959144478597e+01
2.924000000000000e+10 1.564979739334491e+01 -9.009059840250994e+01
2.957000000000000e+10 1.544428677073773e+01 -9.009160482163706e+01
2.990000000000000e+10 1.524296825133115e+01 -9.009261105257572e+01
3.023000000000000e+10 1.504570440252875e+01 -9.009361729843684e+01
3.056000000000000e+10 1.485236371079618e+01 -9.009462354983630e+01
3.089000000000000e+10 1.466282029703676e+01 -9.009562958564079e+01
3.122000000000000e+10 1.447695364443700e+01 -9.009663503751487e+01
3.155000000000000e+10 1.429464833046789e+01 -9.009763949718356e+01
3.188000000000000e+10 1.411579375944576e+01 -9.009864263313298e+01
3.221000000000000e+10 1.394028389719447e+01 -9.009964428149841e+01
3.254000000000000e+10 1.376801701342363e+01 -9.010064448443667e+01
3.287000000000000e+10 1.359889543932074e+01 -9.010164346563826e+01
3.320000000000000e+10 1.343282534714139e+01 -9.010264155167496e+01
3.353000000000000e+10 1.326971655560457e+01 -9.010363906392350e+01
3.386000000000000e+10 1.310948236068128e+01 -9.010463621409897e+01
3.419000000000000e+10 1.295203938720520e+01 -9.010563303468307e+01
3.452000000000000e+10 1.279730745388550e+01 -9.010662936442935e+01
3.485000000000000e+10 1.264520944355224e+01 -9.010762489223816e+01
3.518000000000000e+10 1.249567117197686e+01 -9.010861924510050e+01
3.551000000000000e+10 1.234862125183986e+01 -9.010961209287677e+01
3.584000000000000e+10 1.220399095236582e+01 -9.011060323809197e+01
3.617000000000000e+10 1.206171405862883e+01 -9.011159266401756e+01
3.650000000000000e+10 1.192172673654032e+01 -9.011258052728911e+01
3.683000000000000e+10 1.178396740955801e+01 -9.011356709822729e+01
3.716000000000000e+10 1.164837665126285e+01 -9.011455266771893e+01
3.749000000000000e+10 1.151489709479268e+01 -9.011553744930870e+01
3.782000000000000e+10 1.138347335667732e+01 -9.011652150619931e+01
3.815000000000000e+10 1.125405196993683e+01 -9.011750472497613e+01
3.848000000000000e+10 1.112658132014183e+01 -9.011848684354409e+01
3.881000000000000e+10 1.100101157880019e+01 -9.011946752436288e+01
3.914000000000000e+10 1.087729463066223e+01 -9.012044645051759e+01
3.947000000000000e+10 1.075538399462870e+01 -9.012142341551149e+01
3.980000000000000e+10 1.063523474095826e+01 -9.012239837976901e+01
4.013000000000000e+10 1.051680340952950e+01 -9.012337147701008e+01
4.046000000000000e+10 1.040004793444011e+01 -9.012434296874734e+01
4.079000000000000e+10 1.028492757912901e+01 -9.012531316062581e+01
4.112000000000000e+10 1.017140288386021e+01 -9.012628230556494e+01
4.145000000000000e+10 1.005943562454664e+01 -9.012725052240242e+01
4.178000000000000e+10 9.948988779375151e+00 -9.012821775392179e+01
4.211000000000000e+10 9.840026498249516e+00 -9.012918377635883e+01
4.244000000000000e+10 9.732514070083582e+00 -9.013014825721436e+01
4.277000000000000e+10 9.626417884398444e+00 -9.013111084410376e+01
4.310000000000000e+10 9.521705386049753e+00 -9.013207125848048e+01
4.343000000000000e+10 9.418345024504458e+00 -9.013302936699706e+01
4.376000000000000e+10 9.316306201145700e+00 -9.013398521017211e+01
4.409000000000000e+10 9.215559219035221e+00 -9.013493898075124e+01
4.442000000000000e+10 9.116075239166914e+00 -9.013589095886782e+01
4.475000000000000e+10 9.017826245681210e+00 -9.013684142346743e+01
4.508000000000000e+10 8.920785020274037e+00 -9.013779056588280e+01
4.541000000000000e+10 8.824925123805967e+00 -9.013873843020252e+01
4.574000000000000e+10 8.730220881542897e+00 -9.013968489669170e+01
4.607000000000000e+10 8.636647367966329e+00 -9.014062971163042e+01
4.640000000000000e+10 8.544180387773116e+00 -9.014157255345462e+01
4.673000000000000e+10 8.452796451289442e+00 -9.014251311493884e+01
4.706000000000000e+10 8.362472744537897e+00 -9.014345117727464e+01
4.739000000000000e+10 8.273187096018333e+00 -9.014438665519023e+01
4.772000000000000e+10 8.184917943369596e+00 -9.014531960155335e+01
4.805000000000000e+10 8.097644303184421e+00 -9.014625017222052e+01
4.838000000000000e+10 8.011345746382990e+00 -9.014717856351545e+01
4.871000000000000e+10 7.926002380014544e+00 -9.014810494219120e+01
4.904000000000000e+10 7.841594834651605e+00 -9.014902938896094e+01
4.937000000000000e+10 7.758104255174690e+00 -9.014995187154706e+01
4.970000000000000e+10 7.675512292116109e+00 -9.015087225347573e+01
5.003000000000000e+10 7.593801090977334e+00 -9.015179033363049e+01
5.036000000000000e+10 7.512953277941097e+00 -9.015270590237586e+01
5.069000000000000e+10 7.432951941814187e+00 -9.015361879559771e+01
5.102000000000000e+10 7.353780613409008e+00 -9.015452892951932e+01
5.135000000000000e+10 7.275423244483984e+00 -9.015543630596927e+01
5.168000000000000e+10 7.197864188553835e+00 -9.015634098762348e+01
5.201000000000000e+10 7.121088185331603e+00 -9.015724305246266e+01
5.234000000000000e+10 7.045080349474461e+00 -9.015814254318489e+01
5.267000000000000e+10 6.969826163044942e+00 -9.015903942865144e+01
5.300000000000000e+10 6.895311470067576e+00 -9.015993359024745e+01
5.333000000000000e+10 6.821522471075735e+00 -9.016082483774893e+01
5.366000000000000e+10 6.748445715742030e+00 -9.016171294959035e+01
5.399000000000000e+10 6.676068092481183e+00 -9.016259772442309e+01
5.432000000000000e+10 6.604376815042967e+00 -9.016347902710062e+01
5.465000000000000e+10 6.533359407205216e+00 -9.016435681390941e+01
5.498000000000000e+10 6.463003687392311e+00 -9.016523112843169e+01
5.531000000000000e+10 6.393297755161195e+00 -9.016610206881172e+01
5.564000000000000e+10 6.324229980991541e+00 -9.016696973640229e+01
5.597000000000000e+10 6.255788999857200e+00 -9.016783418186084e+01
5.630000000000000e+10 6.187963707952284e+00 -9.016869536580377e+01
5.663000000000000e+10 6.120743261047312e+00 -9.016955314671532e+01
5.696000000000000e+10 6.054117072536410e+00 -9.017040730031007e+01
5.729000000000000e+10 5.988074809434655e+00 -9.017125756460219e+01
5.762000000000000e+10 5.922606385320927e+00 -9.017210369667703e+01
5.795000000000000e+10 5.857701950268822e+00 -9.017294552321282e+01
5.828000000000000e+10 5.793351878829002e+00 -9.017378296847681e+01
5.861000000000000e+10 5.729546757809233e+00 -9.017461605037911e+01
5.894000000000000e+10 5.666277375726510e+00 -9.017544484512422e+01
5.927000000000000e+10 5.603534715347402e+00 -9.017626943099330e+01
5.960000000000000e+10 5.541309949827916e+00 -9.017708982868282e+01
5.993000000000000e+10 5.479594441898786e+00 -9.017790595717840e+01
6.026000000000000e+10 5.418379744643444e+00 -9.017871761979826e+01
6.059000000000000e+10 5.357657601964432e+00 -9.017952452597007e+01
6.092000000000000e+10 5.297419946963547e+00 -9.018032634328603e+01
6.125000000000000e+10 5.237658897141654e+00 -9.018112276470565e+01
6.158000000000000e+10 5.178366746336609e+00 -9.018191357053249e+01
6.191000000000000e+10 5.119535954363275e+00 -9.018269866565049e+01
6.224000000000000e+10 5.061159136077177e+00 -9.018347807936074e+01
6.257000000000000e+10 5.003229051823361e+00 -9.018425192608700e+01
6.290000000000000e+10 4.945738600881785e+00 -9.018502033695027e+01
6.323000000000000e+10 4.888680818690599e+00 -9.018578338127526e+01
6.356000000000000e+10 4.832048877557447e+00 -9.018654100066827e+01
6.389000000000000e+10 4.775836089586555e+00 -9.018729297524618e+01
6.422000000000000e+10 4.720035909937015e+00 -9.018803893269335e+01
6.455000000000000e+10 4.664641938466911e+00 -9.018877839862056e+01
6.488000000000000e+10 4.609647918321006e+00 -9.018951087478516e+01
6.521000000000000e+10 4.555047730931975e+00 -9.019023592356650e+01
6.554000000000000e+10 4.500835387954902e+00 -9.019095323516225e+01
6.587000000000000e+10 4.447005021536204e+00 -9.019166265879173e+01
6.620000000000000e+10 4.393550874777789e+00 -9.019236418942255e+01
6.653000000000000e+10 4.340467294173807e+00 -9.019305791415862e+01
6.686000000000000e+10 4.287748725208828e+00 -9.019374393372590e+01
6.719000000000000e+10 4.235389711397703e+00 -9.019442228124979e+01
6.752000000000000e+10 4.183384896094285e+00 -9.019509286073556e+01
6.785000000000000e+10 4.131729025672482e+00 -9.019575542144024e+01
6.818000000000000e+10 4.080416952394116e+00 -9.019640957354439e+01
6.851000000000000e+10 4.029443635485364e+00 -9.019705483847243e+01
6.884000000000000e+10 3.978804139569781e+00 -9.019769071741524e+01
6.917000000000000e+10 3.928493630441991e+00 -9.019831675698495e+01
6.950000000000000e+10 3.878507368963784e+00 -9.019893259264151e+01
6.983000000000000e+10 3.828840704381284e+00 -9.019953795797478e+01
7.016000000000000e+10 3.779489068466890e+00 -9.020013265866582e+01
7.049000000000000e+10 3.730447971565762e+00 -9.020071652068222e+01
7.082000000000000e+10 3.681713000998116e+00 -9.020128932972193e+01
7.115000000000000e+10 3.633279821539853e+00 -9.020185078093004e+01
7.148000000000000e+10 3.585144177101161e+00 -9.020240045401513e+01
7.181000000000000e+10 3.537301892424650e+00 -9.020293782042923e+01
7.214000000000000e+10 3.489748873705996e+00 -9.020346227904903e+01
7.247000000000000e+10 3.442481107455755e+00 -9.020397320797990e+01
7.280000000000000e+10 3.395494657525304e+00 -9.020447001546658e+01
7.313000000000000e+10 3.348785660813807e+00 -9.020495217378171e+01
7.346000000000000e+10 3.302350322568604e+00 -9.020541922594114e+01
7.379000000000000e+10 3.256184912277844e+00 -9.020587076413929e+01
7.412000000000000e+10 3.210285760912277e+00 -9.020630638793554e+01
7.445000000000000e+10 3.164649259803963e+00 -9.020672565647284e+01
7.478000000000000e+10 3.119271860907991e+00 -9.020712805038708e+01
7.511000000000000e+10 3.074150077765285e+00 -9.020751295520500e+01
7.544000000000000e+10 3.029280486301485e+00 -9.020787967025824e+01
7.577000000000000e+10 2.984659724713962e+00 -9.020822743810429e+01
7.610000000000000e+10 2.940284492064604e+00 -9.020855548221486e+01
7.643000000000000e+10 2.896151545681749e+00 -9.020886303769964e+01
7.676000000000000e+10 2.852257697912455e+00 -9.020914936218732e+01
7.709000000000000e+10 2.808599813007153e+00 -9.020941372090599e+01
7.742000000000000e+10 2.765174804882939e+00 -9.020965534925507e+01
7.775000000000000e+10 2.721979636212199e+00 -9.020987340452511e+01
7.808000000000000e+10 2.679011318822465e+00 -9.021006692303891e+01
7.841000000000000e+10 2.636266914928843e+00 -9.021023479802277e+01
7.874000000000000e+10 2.593743538412210e+00 -9.021037578710674e+01
7.907000000000000e+10 2.551438355312180e+00 -9.021048854835652e+01
7.940000000000000e+10 2.509348582946993e+00 -9.021057169345983e+01
7.973000000000000e+10 2.467471487525289e+00 -9.021062383955129e+01
8.006000000000000e+10 2.425804380633258e+00 -9.021064363987470e+01
8.039000000000000e+10 2.384344615390067e+00 -9.021062977880098e+01
8.072000000000000e+10 2.343089583226555e+00 -9.021058092732271e+01
8.105000000000000e+10 2.302036712092634e+00 -9.021049566788646e+01
8.138000000000000e+10 2.261183466477984e+00 -9.021037240814967e+01
8.171000000000000e+10 2.220527349065698e+00 -9.021020930835196e+01
8.204000000000000e+10 2.180065903309334e+00 -9.021000424435182e+01
8.237000000000000e+10 2.139796715903070e+00 -9.020975481837722e+01
8.270000000000000e+10 2.099717418112362e+00 -9.020945841487566e+01
8.303000000000000e+10 2.059825685258292e+00 -9.020911228399079e+01
8.336000000000000e+10 2.020119234209667e+00 -9.020871362484053e+01
8.369000000000000e+10 1.980595819358586e+00 -9.020825963860000e+01
8.402000000000000e+10 1.941253228043650e+00 -9.020774752847431e+01
8.435000000000000e+10 1.902089276582115e+00 -9.020717443840705e+01
8.468000000000000e+10 1.863101807907801e+00 -9.020653734039595e+01
8.501000000000000e+10 1.824288691334996e+00 -9.020583289616602e+01
8.534000000000000e+10 1.785647824319081e+00 -9.020505732738745e+01
8.567000000000000e+10 1.747177135470491e+00 -9.020420632656941e+01
8.600000000000000e+10 1.708874587690652e+00 -9.020327502827591e+01
8.633000000000000e+10 1.670738180264870e+00 -9.020225804075574e+01
8.666000000000000e+10 1.632765949082422e+00 -9.020114951739761e+01
8.699000000000000e+10 1.594955964756290e+00 -9.019994323205553e+01
8.732000000000000e+10 1.557306329094386e+00 -9.019863261757826e+01
8.765000000000000e+10 1.519815170913841e+00 -9.019721073484354e+01
8.798000000000000e+10 1.482480642413434e+00 -9.019567015839937e+01
8.831000000000000e+10 1.445300917149226e+00 -9.019400278897665e+01
8.864000000000000e+10 1.408274190142351e+00 -9.019219962497770e+01
8.897000000000000e+10 1.371398679947502e+00 -9.019025053718171e+01
8.930000000000000e+10 1.334672631850663e+00 -9.018814408851242e+01
8.963000000000000e+10 1.298094320962072e+00 -9.018586742324874e+01
8.996000000000000e+10 1.261662053966573e+00 -9.018340622191134e+01
9.029000000000000e+10 1.225374168701157e+00 -9.018074468730937e+01
9.062000000000000e+10 1.189229031429965e+00 -9.017786550349577e+01
9.095000000000000e+10 1.153225032460891e+00 -9.017474970075648e+01
9.128000000000000e+10 1.117360581343222e+00 -9.017137637012371e+01
9.161000000000000e+10 1.081634103099391e+00 -9.016772219814770e+01
9.194000000000000e+10 1.046044036688000e+00 -9.016376082904704e+01
9.227000000000000e+10 1.010588836230897e+00 -9.015946209491199e+01
9.260000000000000e+10 9.752669746597740e-01 -9.015479117315536e+01
9.293000000000000e+10 9.400769486228275e-01 -9.014970772429228e+01
9.326000000000000e+10 9.050172830056035e-01 -9.014416502952024e+01
9.359000000000000e+10 8.700865334381974e-01 -9.013810909063949e+01
9.392000000000000e+10 8.352832857058849e-01 -9.013147758588154e+01
9.425000000000000e+10 8.006061519060066e-01 -9.012419850867033e+01
9.458000000000000e+10 7.660537642291659e-01 -9.011618826544453e+01
9.491000000000000e+10 7.316247680635523e-01 -9.010734898016298e+01
9.524000000000000e+10 6.973178164581153e-01 -9.009756474282491e+01
9.557000000000000e+10 6.631315677001169e-01 -9.008669653000214e+01
9.590000000000000e+10 6.290646869205354e-01 -9.007457548630103e+01
9.623000000000000e+10 5.951158514699622e-01 -9.006099414429499e+01
9.656000000000000e+10 5.612837586569147e-01 -9.004569492243974e+01
9.689000000000000e+10 5.275671336694385e-01 -9.002835480667535e+01
9.722000000000000e+10 4.939647353733185e-01 -9.000856439275178e+01
9.755000000000000e+10 4.604753582754177e-01 -8.998579828102729e+01
9.788000000000000e+10 4.270978301274813e-01 -8.995937187426033e+01
9.821000000000000e+10 3.938310061174370e-01 -8.992837634452657e+01
9.854000000000000e+10 3.606737619688985e-01 -8.989157770456839e+01
9.887000000000000e+10 3.276249892265097e-01 -8.984725498824506e+01
9.920000000000000e+10 2.946835964541085e-01 -8.979293083460080e+01
9.953000000000000e+10 2.618485203396377e-01 -8.972490186046586e+01
9.986000000000000e+10 2.291187518643058e-01 -8.963737187190316e+01
1.001900000000000e+11 1.964933875391633e-01 -8.952073222018407e+01
1.005200000000000e+11 1.639717322191785e-01 -8.935781718427570e+01
1.008500000000000e+11 1.315535362724844e-01 -8.911466976238449e+01
1.011800000000000e+11 9.923967240624673e-02 -8.871338852397054e+01
1.015100000000000e+11 6.703473648929897e-02 -8.792711968016597e+01
1.018400000000000e+11 3.496392866915711e-02 -8.569948402912817e+01
1.021700000000000e+11 4.000346461281260e-03 -4.517934745794837e+01
1.025000000000000e+11 2.925019813890263e-02 8.407680617345592e+01
1.028300000000000e+11 6.101505941857734e-02 8.697689631787784e+01
1.031600000000000e+11 9.273483469277144e-02 8.788780290052146e+01
1.034900000000000e+11 1.243727348857770e-01 8.833278884321186e+01
1.038200000000000e+11 1.559227215923098e-01 8.859622672407511e+01
1.041500000000000e+11 1.873835084135207e-01 8.877020002765855e+01
1.044800000000000e+11 2.187551030891598e-01 8.889351913538104e+01
1.048100000000000e+11 2.500379653507011e-01 8.898537646242060e+01
1.051400000000000e+11 2.812327323141616e-01 8.905635253722399e+01
1.054700000000000e+11 3.123401159835266e-01 8.911276155354174e+01
1.058000000000000e+11 3.433608657494918e-01 8.915860731385726e+01
1.061300000000000e+11 3.742957580675459e-01 8.919655311673405e+01
1.064600000000000e+11 4.051455961541214e-01 8.922843998525978e+01
1.067900000000000e+11 4.359112104129160e-01 8.925558066612936e+01
1.071200000000000e+11 4.665934546816765e-01 8.927893504648063e+01
1.074500000000000e+11 4.971931967731388e-01 8.929921961695773e+01
1.077800000000000e+11 5.277113045768683e-01 8.931697867289559e+01
1.081100000000000e+11 5.581486309321099e-01 8.933263242465929e+01
1.084400000000000e+11 5.885060012355556e-01 8.934651056016759e+01
1.087700000000000e+11 6.187842071884463e-01 8.935887616693981e+01
1.091000000000000e+11 6.489840084172944e-01 8.936994290517346e+01
1.094300000000000e+11 6.791061414364634e-01 8.937988722920319e+01
1.097600000000000e+11 7.091513332467438e-01 8.938885689308266e+01
1.100900000000000e+11 7.391203154503785e-01 8.939697670742225e+01
1.104200000000000e+11 7.690138345578641e-01 8.940435238120536e+01
1.107500000000000e+11 7.988326552572644e-01 8.941107318110957e+01
1.110800000000000e+11 8.285775555097774e-01 8.941721401403639e+01
1.114100000000000e+11 8.582493148169246e-01 8.942283736716729e+01
1.117400000000000e+11 8.878486991303340e-01 8.942799533665023e+01
1.120700000000000e+11 9.173764469925800e-01 8.943273177378353e+01
1.124000000000000e+11 9.468332612432464e-01 8.943708441587293e+01
1.127300000000000e+11 9.762198090418164e-01 8.944108677997325e+01
1.130600000000000e+11 1.005536730495719e+00 8.944476959629368e+01
1.133900000000000e+11 1.034784653563421e+00 8.944816163639645e+01
1.137200000000000e+11 1.063964210920368e+00 8.945128992126290e+01
1.140500000000000e+11 1.093076053748842e+00 8.945417943488262e+01
1.143800000000000e+11 1.122120858195618e+00 8.945685257806259e+01
1.147100000000000e+11 1.151099322337832e+00 8.945932864268661e+01
1.150400000000000e+11 1.180012154307803e+00 8.946162355582523e+01
1.153700000000000e+11 1.208860054919747e+00 8.946375004516517e+01
1.157000000000000e+11 1.237643699897401e+00 8.946571824064438e+01
1.160300000000000e+11 1.266363727063840e+00 8.946753659103815e+01
1.163600000000000e+11 1.295020732503718e+00 8.946921287710396e+01
1.166900000000000e+11 1.323615277108998e+00 8.947075507158537e+01
1.170200000000000e+11 1.352147901823700e+00 8.947217183867993e+01
1.173500000000000e+11 1.380619147235750e+00 8.947347256794704e+01
1.176800000000000e+11 1.409029571740957e+00 8.947466696967176e+01
1.180100000000000e+11 1.437379762790580e+00 8.947576438166269e+01
1.183400000000000e+11 1.465670337687813e+00 8.947677301587929e+01
1.186700000000000e+11 1.493901933472782e+00 8.947769938484321e+01
1.190000000000000e+11 1.522075188729691e+00 8.947854808979721e+01
1.193300000000000e+11 1.550190722671816e+00 8.947932204258542e+01
1.196600000000000e+11 1.578249117824796e+00 8.948002306357162e+01
1.199900000000000e+11 1.606250911701775e+00 8.948065268665692e+01
1.203200000000000e+11 1.634196600274370e+00 8.948121294174965e+01
1.206500000000000e+11 1.662086652530622e+00 8.948170689234455e+01
1.209800000000000e+11 1.689921532015066e+00 8.948213877855034e+01
1.213100000000000e+11 1.717701719000576e+00 8.948251373233256e+01
1.216400000000000e+11 1.745427726561296e+00 8.948283715752801e+01
1.219700000000000e+11 1.773100105469666e+00 8.948311396537665e+01
1.223000000000000e+11 1.800719436086631e+00 8.948334789811582e+01
1.226300000000000e+11 1.828286309313811e+00 8.948354114639447e+01
1.229600000000000e+11 1.855801302066002e+00 8.948369437885758e+01
1.232900000000000e+11 1.883264954559018e+00 8.948380717997628e+01
1.236200000000000e+11 1.910677756386881e+00 8.948387877105569e+01
1.239500000000000e+11 1.938040145916720e+00 8.948390880504853e+01
1.242800000000000e+11 1.965352523635747e+00 8.948389800324846e+01
1.246100000000000e+11 1.992615275880118e+00 8.948384844784108e+01
1.249400000000000e+11 2.019828802123643e+00 8.948376344533283e+01
1.252700000000000e+11 2.046993537720616e+00 8.948364700227549e+01
1.256000000000000e+11 2.074109965130243e+00 8.948350306927989e+01
1.259300000000000e+11 2.101178609928663e+00 8.948333477809155e+01
1.262600000000000e+11 2.128200022411487e+00 8.948314389900351e+01
1.265900000000000e+11 2.155174749976975e+00 8.948293068109028e+01
1.269200000000000e+11 2.182103308424109e+00 8.948269412448926e+01
1.272500000000000e+11 2.208986160862957e+00 8.948243260562411e+01
1.275800000000000e+11 2.235823710872489e+00 8.948214467080190e+01
1.279100000000000e+11 2.262616312398396e+00 8.948182976251317e+01
1.282400000000000e+11 2.289364293855092e+00 8.948148866161672e+01
1.285700000000000e+11 2.316067989483686e+00 8.948112351224286e+01
1.289000000000000e+11 2.342727768583576e+00 8.948073742036169e+01
1.292300000000000e+11 2.369344053588356e+00 8.948033374485136e+01
1.295600000000000e+11 2.395917321078083e+00 8.947991529338357e+01
1.298900000000000e+11 2.422448084855764e+00 8.947948366627718e+01
1.302200000000000e+11 2.448936865692139e+00 8.947903894963829e+01
1.305500000000000e+11 2.475384156605369e+00 8.947857985626362e+01
1.308800000000000e+11 2.501790394243275e+00 8.947810427886124e+01
1.312100000000000e+11 2.528155945463995e+00 8.947761009488889e+01
1.315400000000000e+11 2.554481113891757e+00 8.947709598332654e+01
1.318700000000000e+11 2.580766165273049e+00 8.947656200557630e+01
1.322000000000000e+11 2.607011364623502e+00 8.947600976897876e+01
1.325300000000000e+11 2.633217014227010e+00 8.947544211378101e+01
1.328600000000000e+11 2.659383480800709e+00 8.947486240711667e+01
1.331900000000000e+11 2.685511202933478e+00 8.947427364834950e+01
1.335200000000000e+11 2.711600675539316e+00 8.947367765231159e+01
1.338500000000000e+11 2.737652414947321e+00 8.947307456064206e+01
1.341800000000000e+11 2.763666914339199e+00 8.947246283964030e+01
1.345100000000000e+11 2.789644602660327e+00 8.947183978146414e+01
1.348400000000000e+11 2.815585819719329e+00 8.947120237515138e+01
1.351700000000000e+11 2.841490815908787e+00 8.947054829944217e+01
1.355000000000000e+11 2.867359777952011e+00 8.946987674566594e+01
1.358300000000000e+11 2.893192874305658e+00 8.946918882083774e+01
1.361600000000000e+11 2.918990307636784e+00 8.946848739825386e+01
1.364900000000000e+11 2.944752359081201e+00 8.946777644242513e+01
1.368200000000000e+11 2.970479410742423e+00 8.946705999098502e+01
1.371500000000000e+11 2.996171938771429e+00 8.946634108205674e+01
1.374800000000000e+11 3.021830477789264e+00 8.946562093902558e+01
1.378100000000000e+11 3.047455565960506e+00 8.946489865681006e+01
1.381400000000000e+11 3.073047686146764e+00 8.946417149250027e+01
1.384700000000000e+11 3.098607220338686e+00 8.946343568847571e+01
1.388000000000000e+11 3.124134431280408e+00 8.946268759868083e+01
1.391300000000000e+11 3.149629477647581e+00 8.946192479530242e+01
1.394600000000000e+11 3.175092459407277e+00 8.946114683266188e+01
1.397900000000000e+11 3.200523480903050e+00 8.946035543977393e+01
1.401200000000000e+11 3.225922713507015e+00 8.945955407687900e+01
1.404500000000000e+11 3.251290439196218e+00 8.945874697737918e+01
1.407800000000000e+11 3.276627061480330e+00 8.945793795053673e+01
1.411100000000000e+11 3.301933079420816e+00 8.945712929583563e+01
1.414400000000000e+11 3.327209031404034e+00 8.945632115304777e+01
1.417700000000000e+11 3.352455424645667e+00 8.945551148860235e+01
1.421000000000000e+11 3.377672671256896e+00 8.945469673327823e+01
1.424300000000000e+11 3.402861050461480e+00 8.945387289232386e+01
1.427600000000000e+11 3.428020709366498e+00 8.945303680424151e+01
1.430900000000000e+11 3.453151703484346e+00 8.945218717295477e+01
1.434200000000000e+11 3.478254066208013e+00 8.945132505739677e+01
1.437500000000000e+11 3.503327887236260e+00 8.945045365779605e+01
1.440800000000000e+11 3.528373376426191e+00 8.944957744506762e+01
1.444100000000000e+11 3.553390893006413e+00 8.944870087833279e+01
1.447400000000000e+11 3.578380929764791e+00 8.944782708602287e+01
1.450700000000000e+11 3.603344055058681e+00 8.944695690750973e+01
1.454000000000000e+11 3.628280828437345e+00 8.944608859522897e+01
1.457300000000000e+11 3.653191714382100e+00 8.944521828749718e+01
1.460600000000000e+11 3.678077020343986e+00 8.944434113369097e+01
1.463900000000000e+11 3.702936879062560e+00 8.944345275350896e+01
1.467200000000000e+11 3.727771282615323e+00 8.944255060139321e+01
1.470500000000000e+11 3.752580160273038e+00 8.944163482183406e+01
1.473800000000000e+11 3.777363478552749e+00 8.944070832085110e+01
1.477100000000000e+11 3.802121334090337e+00 8.943977600564010e+01
1.480400000000000e+11 3.826854010727158e+00 8.943884339316303e+01
1.483700000000000e+11 3.851561981700043e+00 8.943791498545849e+01
1.487000000000000e+11 3.876245853578829e+00 8.943699289380113e+01
1.490300000000000e+11 3.900906266149729e+00 8.943607613625205e+01
1.493600000000000e+11 3.925543776559495e+00 8.943516084577357e+01
1.496900000000000e+11 3.950158762267507e+00 8.943424136039322e+01
1.500200000000000e+11 3.974751373408783e+00 8.943331189971761e+01
1.503500000000000e+11 3.999321551724901e+00 8.943236834357118e+01
1.506800000000000e+11 4.023869113851640e+00 8.943140957837495e+01
1.510100000000000e+11 4.048393877027273e+00 8.943043798560505e+01
1.513400000000000e+11 4.072895791161880e+00 8.942945888804384e+01
1.516700000000000e+11 4.097375037271739e+00 8.942847907648535e+01
1.520000000000000e+11 4.121832060288237e+00 8.942750482261805e+01
1.523300000000000e+11 4.146267522422709e+00 8.942653995694475e+01
1.526600000000000e+11 4.170682186678714e+00 8.942558459703339e+01
1.529900000000000e+11 4.195076761941691e+00 8.942463494182464e+01
1.533200000000000e+11 4.219451754639757e+00 8.942368424516125e+01
1.536500000000000e+11 4.243807372659181e+00 8.942272473095417e+01
1.539800000000000e+11 4.268143514051678e+00 8.942174991660326e+01
1.543100000000000e+11 4.292459849242847e+00 8.942075666191563e+01
1.546400000000000e+11 4.316755977524006e+00 8.941974630975635e+01
1.549700000000000e+11 4.341031614795633e+00 8.941872452696180e+01
1.553000000000000e+11 4.365286757298696e+00 8.941769982648178e+01
1.556300000000000e+11 4.389521769852258e+00 8.941668114894686e+01
1.559600000000000e+11 4.413737366779368e+00 8.941567518585609e+01
1.562900000000000e+11 4.437934484305925e+00 8.941468424118558e+01
1.566200000000000e+11 4.462114076204950e+00 8.941370530890451e+01
1.569500000000000e+11 4.486276889983444e+00 8.941273071384481e+01
1.572800000000000e+11 4.510423290749209e+00 8.941175021009911e+01
1.576100000000000e+11 4.534553189990684e+00 8.941075398393654e+01
1.579400000000000e+11 4.558666108510289e+00 8.940973570187894e+01
1.582700000000000e+11 4.582761363879013e+00 8.940869467938603e+01
1.586000000000000e+11 4.606838334047483e+00 8.940763645548759e+01
1.589300000000000e+11 4.630896721898893e+00 8.940657149720211e+01
1.592600000000000e+11 4.654936739567909e+00 8.940551230702363e+01
1.595900000000000e+11 4.678959149638210e+00 8.940446970901050e+01
1.599200000000000e+11 4.702965139163251e+00 8.940344939017837e+01
1.602500000000000e+11 4.726956051647500e+00 8.940244977030680e+01
1.605800000000000e+11 4.750933047602012e+00 8.940146194553709e+01
1.609100000000000e+11 4.774896791978971e+00 8.940047187544420e+01
1.612400000000000e+11 4.798847266875623e+00 8.939946431508082e+01
1.615700000000000e+11 4.822783778075005e+00 8.939842742683170e+01
1.619000000000000e+11 4.846705170770361e+00 8.939735671923528e+01
1.622300000000000e+11 4.870610207295750e+00 8.939625705828441e+01
1.625600000000000e+11 4.894498005941854e+00 8.939514198082314e+01
1.628900000000000e+11 4.918368411974485e+00 8.939403029427024e+01
1.632200000000000e+11 4.942222180547282e+00 8.939294076742577e+01
1.635500000000000e+11 4.966060897066532e+00 8.939188636345052e+01
1.638800000000000e+11 4.989886633382200e+00 8.939086973067899e+01
1.642100000000000e+11 5.013701418580915e+00 8.938988143850943e+01
1.645400000000000e+11 5.037506667685781e+00 8.938890174981663e+01
1.648700000000000e+11 5.061302739239158e+00 8.938790572447471e+01
1.652000000000000e+11 5.085088771528306e+00 8.938687042084592e+01
1.655300000000000e+11 5.108862878440212e+00 8.938578220701756e+01
1.658600000000000e+11 5.132622685244850e+00 8.938464196183752e+01
1.661900000000000e+11 5.156366078757702e+00 8.938346635689459e+01
1.665200000000000e+11 5.180091966443984e+00 8.938228440585986e+01
1.668500000000000e+11 5.203800811886090e+00 8.938112981102570e+01
1.671800000000000e+11 5.227494753795809e+00 8.938003096691853e+01
1.675100000000000e+11 5.251177218446704e+00 8.937900140308032e+01
1.678400000000000e+11 5.274852078084280e+00 8.937803364546455e+01
1.681700000000000e+11 5.298522553149520e+00 8.937709880793111e+01
1.685000000000000e+11 5.322190161303439e+00 8.937615278699573e+01
1.688300000000000e+11 5.345854044932326e+00 8.937514805346639e+01
1.691600000000000e+11 5.369510942297043e+00 8.937404820932791e+01
1.694900000000000e+11 5.393155912161552e+00 8.937284124685698e+01
1.698200000000000e+11 5.416783710458120e+00 8.937154724527338e+01
1.701500000000000e+11 5.440390503692242e+00 8.937021726545788e+01
1.704800000000000e+11 5.463975448925352e+00 8.936892233137800e+01
1.708100000000000e+11 5.487541628003087e+00 8.936773416916137e+01
1.711400000000000e+11 5.511095924340164e+00 8.936670212136501e+01
1.714700000000000e+11 5.534647669230303e+00 8.936583258903032e+01
1.718000000000000e+11 5.558206218185002e+00 8.936507780986510e+01
1.721300000000000e+11 5.581777970795579e+00 8.936433938494564e+01
1.724600000000000e+11 5.605363627486096e+00 8.936348877594995e+01
1.727900000000000e+11 5.628956594707767e+00 8.936240253697282e+01
1.731200000000000e+11 5.652543344482113e+00 8.936100524172666e+01
1.734500000000000e+11 5.676106186789871e+00 8.935930905409185e+01
1.737800000000000e+11 5.699628358107730e+00 8.935743677015462e+01
1.741100000000000e+11 5.723100647022508e+00 8.935561576441761e+01
1.744400000000000e+11 5.746528078234088e+00 8.935413402131243e+01
1.747700000000000e+11 5.769934576419370e+00 8.935325637099393e+01
1.751000000000000e+11 5.793363144155484e+00 8.935310910566209e+01
1.754300000000000e+11 5.816869051016573e+00 8.935355455027860e+01
1.757600000000000e+11 5.840504123154518e+00 8.935409455243436e+01
1.760900000000000e+11 5.864292104414273e+00 8.935386287863666e+01
1.764200000000000e+11 5.888199492419282e+00 8.935178381577251e+01
1.767500000000000e+11 5.912114494351228e+00 8.934696036991183e+01
1.770800000000000e+11 5.935856740043789e+00 8.933925275551167e+01
1.774100000000000e+11 5.959240335874219e+00 8.932977213182096e+01
1.777400000000000e+11 5.982182178569765e+00 8.932076680468593e+01
1.780700000000000e+11 6.004783407516619e+00 8.931449240653613e+01
1.784000000000000e+11 6.027246914021434e+00 8.931156504780843e+01
1.787300000000000e+11 6.049625022432551e+00 8.931196054458314e+01
1.790600000000000e+11 6.072144873432333e+00 8.931726906922745e+01
1.793900000000000e+11 6.095169271886318e+00 8.932495666350366e+01
1.797200000000000e+11 6.118638347253870e+00 8.933160818944410e+01
1.800500000000000e+11 6.142359076938955e+00 8.933586302325668e+01
1.803800000000000e+11 6.166161714631862e+00 8.933757154493780e+01
1.807100000000000e+11 6.189925137414137e+00 8.933719596227945e+01
1.810400000000000e+11 6.213580812306617e+00 8.933546155826116e+01
1.813700000000000e+11 6.237107178990550e+00 8.933311158274948e+01
1.817000000000000e+11 6.260517751123105e+00 8.933074840296362e+01
1.820300000000000e+11 6.283846613014997e+00 8.932875523951689e+01
1.823600000000000e+11 6.307134486858388e+00 8.932728568576742e+01
1.826900000000000e+11 6.330417628747890e+00 8.932630252868890e+01
1.830200000000000e+11 6.353720810682900e+00 8.932564489293158e+01
1.833500000000000e+11 6.377054678618724e+00 8.932510330077638e+01
1.836800000000000e+11 6.400416942124296e+00 8.932448559537896e+01
1.840100000000000e+11 6.423796250003935e+00 8.932366215713405e+01
1.843400000000000e+11 6.447177310750635e+00 8.932258538683537e+01
1.846700000000000e+11 6.470545844366264e+00 8.932128476775515e+01
1.850000000000000e+11 6.493892257566708e+00 8.931984378903307e+01
1.853300000000000e+11 6.517213420592721e+00 8.931836782328853e+01
1.856600000000000e+11 6.540512465977530e+00 8.931695243448158e+01
1.859900000000000e+11 6.563797004425398e+00 8.931565981715825e+01
1.863200000000000e+11 6.587076465440182e+00 8.931450783159016e+01
1.866500000000000e+11 6.610359372013459e+00 8.931347232965076e+01
1.869800000000000e+11 6.633651253902358e+00 8.931250009735238e+01
1.873100000000000e+11 6.656953643880770e+00 8.931152750219145e+01
1.876400000000000e+11 6.680264267320724e+00 8.931049920798108e+01
1.879700000000000e+11 6.703578217375026e+00 8.930938208632658e+01
1.883000000000000e+11 6.726889681879182e+00 8.930817133640008e+01
1.886300000000000e+11 6.750193699126605e+00 8.930688821988326e+01
1.889600000000000e+11 6.773487474480515e+00 8.930557106606420e+01
1.892900000000000e+11 6.796770958547415e+00 8.930426275480990e+01
1.896200000000000e+11 6.820046615108477e+00 8.930299842913733e+01
1.899500000000000e+11 6.843318528769984e+00 8.930179669862528e+01
1.902800000000000e+11 6.866591161791233e+00 8.930065630859447e+01
1.906100000000000e+11 6.889868131603779e+00 8.929955858417117e+01
1.909400000000000e+11 6.913151338376601e+00 8.929847438488270e+01
1.912700000000000e+11 6.936440646436630e+00 8.929737322615516e+01
1.916000000000000e+11 6.959734155131241e+00 8.929623187424249e+01
1.919300000000000e+11 6.983028932140395e+00 8.929504012346682e+01
1.922600000000000e+11 7.006321968023123e+00 8.929380244235078e+01
1.925900000000000e+11 7.029611071267827e+00 8.929253541570893e+01
1.929200000000000e+11 7.052895462689012e+00 8.929126205854833e+01
1.932500000000000e+11 7.076175929652196e+00 8.929000483550004e+01
1.935800000000000e+11 7.099454532077166e+00 8.928877941652669e+01
1.939100000000000e+11 7.122733975699836e+00 8.928759082967714e+01
1.942400000000000e+11 7.146016850853087e+00 8.928643288045296e+01
1.945700000000000e+11 7.169304957590373e+00 8.928529074212217e+01
1.949000000000000e+11 7.192598898479938e+00 8.928414575699877e+01
1.952300000000000e+11 7.215898033922556e+00 8.928298095236656e+01
1.955600000000000e+11 7.239200788189141e+00 8.928178568802682e+01
1.958900000000000e+11 7.262505198045567e+00 8.928055820637366e+01
1.962200000000000e+11 7.285809535548747e+00 8.927930552237738e+01
1.965500000000000e+11 7.309112826598620e+00 8.927804086574110e+01
1.968800000000000e+11 7.332415126736790e+00 8.927677955112665e+01
1.972100000000000e+11 7.355717491479183e+00 8.927553453026816e+01
1.975400000000000e+11 7.379021667147139e+00 8.927431288704457e+01
1.978700000000000e+11 7.402329604533038e+00 8.927311419501595e+01
1.982000000000000e+11 7.425642941413473e+00 8.927193108242713e+01
1.985300000000000e+11 7.448962600658813e+00 8.927075171480092e+01
1.988600000000000e+11 7.472288610606909e+00 8.926956338866364e+01
1.991900000000000e+11 7.495620186736247e+00 8.926835616729198e+01
1.995200000000000e+11 7.518956038665919e+00 8.926712553843787e+01
1.998500000000000e+11 7.542294805304029e+00 8.926587340348009e+01
2.001800000000000e+11 7.565635489850240e+00 8.926460721044175e+01
2.005100000000000e+11 7.588977772503680e+00 8.926333757103826e+01
2.008400000000000e+11 7.612322118623680e+00 8.926207510690533e+01
2.011700000000000e+11 7.635669661071148e+00 8.926082744675649e+01
2.015000000000000e+11 7.659021899591986e+00 8.925959720743187e+01
2.018300000000000e+11 7.682380309410709e+00 8.925838147584405e+01
2.021600000000000e+11 7.705745972628828e+00 8.925717286477858e+01
2.024900000000000e+11 7.729119334813285e+00 8.925596177292037e+01
2.028200000000000e+11 7.752500149846921e+00 8.925473916117328e+01
2.031500000000000e+11 7.775887620826238e+00 8.925349904579211e+01
2.034800000000000e+11 7.799280689616920e+00 8.925224002523123e+01
2.038100000000000e+11 7.822678387989816e+00 8.925096545894172e+01
2.041400000000000e+11 7.846080149513377e+00 8.924968231022055e+01
2.044700000000000e+11 7.869485996377572e+00 8.924839903782434e+01
2.048000000000000e+11 7.892896553759945e+00 8.924712316960333e+01
2.051300000000000e+11 7.916312894578525e+00 8.924585925213756e+01
2.054600000000000e+11 7.939736265014568e+00 8.924460773449991e+01
2.057900000000000e+11 7.963167772829474e+00 8.924336505809424e+01
2.061200000000000e+11 7.986608127952329e+00 8.924212487422422e+01
2.064500000000000e+11 8.010057506844431e+00 8.924087999715061e+01
2.067800000000000e+11 8.033515574669821e+00 8.923962450923048e+01
2.071100000000000e+11 8.056981653497232e+00 8.923835541500290e+01
2.074400000000000e+11 8.080454983772441e+00 8.923707339171652e+01
2.077700000000000e+11 8.103935001498066e+00 8.923578245616132e+01
2.081000000000000e+11 8.127421551428965e+00 8.923448868090634e+01
2.084300000000000e+11 8.150914977045376e+00 8.923319835780234e+01
2.087600000000000e+11 8.174416064705538e+00 8.923191615022571e+01
2.090900000000000e+11 8.197925861424471e+00 8.923064376175108e+01
2.094200000000000e+11 8.221445421192699e+00 8.922937948671655e+01
2.097500000000000e+11 8.244975553805023e+00 8.922811874771847e+01
2.100800000000000e+11 8.268516647857364e+00 8.922685544257797e+01
2.104100000000000e+11 8.292068617038961e+00 8.922558369878816e+01
2.107400000000000e+11 8.315630982912934e+00 8.922429952830093e+01
2.110700000000000e+11 8.339203068453452e+00 8.922300191598593e+01
2.114000000000000e+11 8.362784245714790e+00 8.922169304592158e+01
2.117300000000000e+11 8.386374166675006e+00 8.922037761953209e+01
2.120600000000000e+11 8.409972912229717e+00 8.921906147638305e+01
2.123900000000000e+11 8.433581018456062e+00 8.921774992006065e+01
2.127200000000000e+11 8.457199374498455e+00 8.921644622587971e+01
2.130500000000000e+11 8.480829022665526e+00 8.921515074615191e+01
2.133800000000000e+11 8.504470918373746e+00 8.921386085255962e+01
2.137100000000000e+11 8.528125718004366e+00 8.921257171569138e+01
2.140400000000000e+11 8.551793653904886e+00 8.921127768733876e+01
2.143700000000000e+11 8.575474530445561e+00 8.920997388714150e+01
2.147000000000000e+11 8.599167840602252e+00 8.920865754594116e+01
2.150300000000000e+11 8.622872968753020e+00 8.920732873508315e+01
2.153600000000000e+11 8.646589421713383e+00 8.920599028983479e+01
2.156900000000000e+11 8.670317022952236e+00 8.920464696400593e+01
2.160200000000000e+11 8.694056016181715e+00 8.920330406686870e+01
2.163500000000000e+11 8.717807050674020e+00 8.920196597312737e+01
2.166800000000000e+11 8.741571054198499e+00 8.920063492443454e+01
2.170100000000000e+11 8.765349030893081e+00 8.919931045120812e+01
2.173400000000000e+11 8.789141841910425e+00 8.919798956351637e+01
2.176700000000000e+11 8.812950030693999e+00 8.919666764157348e+01
2.180000000000000e+11 8.836773741330846e+00 8.919533976164328e+01
2.183300000000000e+11 8.860612751565434e+00 8.919400207598325e+01
2.186600000000000e+11 8.884466609456554e+00 8.919265285739772e+01
2.189900000000000e+11 8.908334833542721e+00 8.919129292043907e+01
2.193200000000000e+11 8.932217118914386e+00 8.918992531206979e+01
2.196500000000000e+11 8.956113490573115e+00 8.918855437270835e+01
2.199800000000000e+11 8.980024361027752e+00 8.918718444506405e+01
2.203100000000000e+11 9.003950476697177e+00 8.918581860386854e+01
2.206400000000000e+11 9.027892769466181e+00 8.918445776857230e+01
2.209700000000000e+11 9.051852156659105e+00 8.918310044772223e+01
2.213000000000000e+11 9.075829347167719e+00 8.918174318120735e+01
2.216300000000000e+11 9.099824709450555e+00 8.918038154708158e+01
2.219600000000000e+11 9.123838239251864e+00 8.917901143983073e+01
2.222900000000000e+11 9.147869636284025e+00 8.917763025161055e+01
2.226200000000000e+11 9.171918467918525e+00 8.917623761786751e+01
2.229500000000000e+11 9.195984373001224e+00 8.917483551473114e+01
2.232800000000000e+11 9.220067247331148e+00 8.917342768142557e+01
2.236100000000000e+11 9.244167357421588e+00 8.917201853376025e+01
2.239400000000000e+11 9.268285349483561e+00 8.917061187984312e+01
2.242700000000000e+11 9.292422150400302e+00 8.916920980550218e+01
2.246000000000000e+11 9.316578788349799e+00 8.916781204867598e+01
2.249300000000000e+11 9.340756183901153e+00 8.916641604300806e+01
2.252600000000000e+11 9.364954971226004e+00 8.916501762043600e+01
2.255900000000000e+11 9.389175400938663e+00 8.916361217472583e+01
2.259200000000000e+11 9.413417353199275e+00 8.916219595591784e+01
2.262500000000000e+11 9.437680458489288e+00 8.916076712706899e+01
2.265800000000000e+11 9.461964292705023e+00 8.915932628074121e+01
2.269100000000000e+11 9.486268591671518e+00 8.915787626495384e+01
2.272400000000000e+11 9.510593424061815e+00 8.915642136398480e+01
2.275700000000000e+11 9.534939272907424e+00 8.915496606315544e+01
2.279000000000000e+11 9.559307001389797e+00 8.915351374642454e+01
2.282300000000000e+11 9.583697711314578e+00 8.915206569695559e+01
2.285600000000000e+11 9.608112533360776e+00 8.915062068720846e+01
2.288900000000000e+11 9.632552408116712e+00 8.914917527954991e+01
2.292200000000000e+11 9.657017920272041e+00 8.914772475737540e+01
2.295500000000000e+11 9.681509233967782e+00 8.914626442697997e+01
2.298800000000000e+11 9.706026149093788e+00 8.914479092315084e+01
2.302100000000000e+11 9.730568264114490e+00 8.914330314765901e+01
2.305400000000000e+11 9.755135200470935e+00 8.914180257135094e+01
2.308700000000000e+11 9.779726825493032e+00 8.914029280942653e+01
2.312000000000000e+11 9.804343410397411e+00 8.913877858549125e+01
2.315300000000000e+11 9.828985677680491e+00 8.913726437473032e+01
2.318600000000000e+11 9.853654723239670e+00 8.913575311003964e+01
2.321900000000000e+11 9.878351834189987e+00 8.913424531983368e+01
2.325200000000000e+11 9.903078253462509e+00 8.913273894571230e+01
2.328500000000000e+11 9.927834958172731e+00 8.913122989570408e+01
2.331800000000000e+11 9.952622515647391e+00 8.912971317856621e+01
2.335100000000000e+11 9.977441059495362e+00 8.912818429667699e+01
2.338400000000000e+11 1.000229039407286e+01 8.912664049797043e+01
2.341700000000000e+11 1.002717019871954e+01 8.912508152434447e+01
2.345000000000000e+11 1.005208027382561e+01 8.912350963578074e+01
2.348300000000000e+11 1.007702075773623e+01 8.912192889663396e+01
2.351600000000000e+11 1.010199225078351e+01 8.912034392434430e+01
2.354900000000000e+11 1.012699580865037e+01 8.911875845963627e+01
2.358200000000000e+11 1.015203280469459e+01 8.911717417434382e+01
2.361500000000000e+11 1.017710469917432e+01 8.911559007021124e+01
2.364800000000000e+11 1.020221278142446e+01 8.911400265543348e+01
2.368100000000000e+11 1.022735796051351e+01 8.911240686176500e+01
2.371400000000000e+11 1.025254066755850e+01 8.911079744761416e+01
2.374700000000000e+11 1.027776090174345e+01 8.910917048494905e+01
2.378000000000000e+11 1.030301841075421e+01 8.910752449445476e+01
2.381300000000000e+11 1.032831295660569e+01 8.910586088636634e+01
2.384600000000000e+11 1.035364459132643e+01 8.910418355959932e+01
2.387900000000000e+11 1.037901386181217e+01 8.910249775472438e+01
2.391200000000000e+11 1.040442188148798e+01 8.910080847738881e+01
2.394500000000000e+11 1.042987024358836e+01 8.909911894301733e+01
2.397800000000000e+11 1.045536079658544e+01 8.909742949965528e+01
2.401100000000000e+11 1.048089534347447e+01 8.909573735844612e+01
2.404400000000000e+11 1.050647535106057e+01 8.909403723405460e+01
2.407700000000000e+11 1.053210175539365e+01 8.909232273375116e+01
2.411000000000000e+11 1.055777492422988e+01 8.909058810989616e+01
2.414300000000000e+11 1.058349479341937e+01 8.908882987260503e+01
2.417600000000000e+11 1.060926114363900e+01 8.908704778515803e+01
2.420900000000000e+11 1.063507394148331e+01 8.908524493092139e+01
2.424200000000000e+11 1.066093364729148e+01 8.908342680297497e+01
2.427500000000000e+11 1.068684139833185e+01 8.908159965252086e+01
2.430800000000000e+11 1.071279900926069e+01 8.907976855700646e+01
2.434100000000000e+11 1.073880878338220e+01 8.907793576595137e+01
2.437400000000000e+11 1.076487318369313e+01 8.907609981923248e+01
2.440700000000000e+11 1.079099445588472e+01 8.907425572219267e+01
2.444000000000000e+11 1.081717431322958e+01 8.907239616100732e+01
2.447300000000000e+11 1.084341377938541e+01 8.907051343535463e+01
2.450600000000000e+11 1.086971324243033e+01 8.906860156315030e+01
2.453900000000000e+11 1.089607271328884e+01 8.906665794213008e+01
2.457200000000000e+11 1.092249222110060e+01 8.906468406135755e+01
2.460500000000000e+11 1.094897223484042e+01 8.906268501705345e+01
2.463800000000000e+11 1.097551398807114e+01 8.906066793042079e+01
2.467100000000000e+11 1.100211960708581e+01 8.905863969271313e+01
2.470400000000000e+11 1.102879199653842e+01 8.905660467781337e+01
2.473700000000000e+11 1.105553450645038e+01 8.905456309753050e+01
2.477000000000000e+11 1.108235047035823e+01 8.905251051225662e+01
2.480300000000000e+11 1.110924274673404e+01 8.905043868940989e+01
2.483600000000000e+11 1.113621340109018e+01 8.904833761192603e+01
2.486900000000000e+11 1.116326363109339e+01 8.904619809088227e+01
2.490200000000000e+11 1.119039397000884e+01 8.904401423432590e+01
2.493500000000000e+11 1.121760472313636e+01 8.904178503428147e+01
2.496800000000000e+11 1.124489652073308e+01 8.903951456188737e+01
2.500100000000000e+11 1.127227083071290e+01 8.903721064909223e+01
2.503400000000000e+11 1.129973027858069e+01 8.903488237700253e+01
2.506700000000000e+11 1.132727867156844e+01 8.903253705816147e+01
2.510000000000000e+11 1.135492070648064e+01 8.903017758119783e+01
2.513300000000000e+11 1.138266143361267e+01 8.902780091951961e+01
2.516600000000000e+11 1.141050562538568e+01 8.902539829908015e+01
2.519900000000000e+11 1.143845723462306e+01 8.902295705279661e+01
2.523200000000000e+11 1.146651911082724e+01 8.902046369106995e+01
2.526500000000000e+11 1.149469307547450e+01 8.901790733452530e+01
2.529800000000000e+11 1.152298035640348e+01 8.901528250532286e+01
2.533100000000000e+11 1.155138227486384e+01 8.901259041298823e+01
2.536400000000000e+11 1.157990099793229e+01 8.900983827301209e+01
2.539700000000000e+11 1.160854013918387e+01 8.900703675604021e+01
2.543000000000000e+11 1.163730502345631e+01 8.900419622519298e+01
2.546300000000000e+11 1.166620252113680e+01 8.900132281359183e+01
2.549600000000000e+11 1.169524048039458e+01 8.899841549815127e+01
2.552900000000000e+11 1.172442690771667e+01 8.899546509265738e+01
2.556200000000000e+11 1.175376913175078e+01 8.899245556344938e+01
2.559500000000000e+11 1.178327320545141e+01 8.898936740237269e+01
2.562800000000000e+11 1.181294374692716e+01 8.898618216351821e+01
2.566100000000000e+11 1.184278430174068e+01 8.898288687090565e+01
2.569400000000000e+11 1.187279815963985e+01 8.897947696528890e+01
2.572700000000000e+11 1.190298941920207e+01 8.897595681248603e+01
2.576000000000000e+11 1.193336400675037e+01 8.897233746170711e+01
2.579300000000000e+11 1.196393035050755e+01 8.896863214198902e+01
2.582600000000000e+11 1.199469949441386e+01 8.896485068948782e+01
2.585900000000000e+11 1.202568458965166e+01 8.896099449333282e+01
2.589200000000000e+11 1.205689988497079e+01 8.895705349611130e+01
2.592500000000000e+11 1.208835949709263e+01 8.895300627287256e+01
2.595800000000000e+11 1.212007633056551e+01 8.894882336090915e+01
2.599100000000000e+11 1.215206150101544e+01 8.894447305095196e+01
2.602400000000000e+11 1.218432449371172e+01 8.893992805636843e+01
2.605700000000000e+11 1.221687408900767e+01 8.893517109765500e+01
2.609000000000000e+11 1.224971986109787e+01 8.893019761682683e+01
2.612300000000000e+11 1.228287387165272e+01 8.892501455775023e+01
2.615600000000000e+11 1.231635209338163e+01 8.891963524009743e+01
2.618900000000000e+11 1.235017514411341e+01 8.891407152069606e+01
2.622200000000000e+11 1.238436808693225e+01 8.890832533696906e+01
2.625500000000000e+11 1.241895931524941e+01 8.890238207553220e+01
2.628800000000000e+11 1.245397882289961e+01 8.889620785771197e+01
2.632100000000000e+11 1.248945637666329e+01 8.888975182976495e+01
2.635400000000000e+11 1.252542019206322e+01 8.888295313184321e+01
2.638700000000000e+11 1.256189662625409e+01 8.887575077977699e+01
2.642000000000000e+11 1.259891115469597e+01 8.886809365095841e+01
2.645300000000000e+11 1.263649054956430e+01 8.885994746249510e+01
2.648600000000000e+11 1.267466582132661e+01 8.885129622091711e+01
2.651900000000000e+11 1.271347522551370e+01 8.884213701368432e+01
2.655200000000000e+11 1.275296656101080e+01 8.883246886654523e+01
2.658500000000000e+11 1.279319813544143e+01 8.882227820448111e+01
2.661800000000000e+11 1.283423812721468e+01 8.881152468937326e+01
2.665100000000000e+11 1.287616255061215e+01 8.880013144305062e+01
2.668400000000000e+11 1.291905250385808e+01 8.878798272743290e+01
2.671700000000000e+11 1.296299171214419e+01 8.877493019425951e+01
2.675000000000000e+11 1.300806545619910e+01 8.876080629733497e+01
2.678300000000000e+11 1.305436175187400e+01 8.874544105247087e+01
2.681600000000000e+11 1.310197514974823e+01 8.872867674447112e+01
2.684900000000000e+11 1.315101287091776e+01 8.871037496402140e+01
2.688200000000000e+11 1.320160235998602e+01 8.869041172093421e+01
2.691500000000000e+11 1.325389890955747e+01 8.866865910228049e+01
2.694800000000000e+11 1.330809194818817e+01 8.864495538665925e+01
2.698100000000000e+11 1.336440895991462e+01 8.861906876700063e+01
2.701400000000000e+11 1.342311678094390e+01 8.859066188862231e+01
2.704700000000000e+11 1.348452104713707e+01 8.855926448828110e+01
2.708000000000000e+11 1.354896560911431e+01 8.852425916526377e+01
2.711300000000000e+11 1.361683452576718e+01 8.848488094065287e+01
2.714600000000000e+11 1.368855956937101e+01 8.844022555026427e+01
2.717900000000000e+11 1.376463591560213e+01 8.838925556121974e+01
2.721200000000000e+11 1.384564789978036e+01 8.833078868987337e+01
2.724500000000000e+11 1.393230562284650e+01 8.826345012324936e+01
2.727800000000000e+11 1.402549216421352e+01 8.818557051510614e+01
2.731100000000000e+11 1.412632067209722e+01 8.809501295072089e+01
2.734400000000000e+11 1.423620113528210e+01 8.798891365789585e+01
2.737700000000000e+11 1.435691860660173e+01 8.786331934202911e+01
2.741000000000000e+11 1.449072833359556e+01 8.771269389538685e+01
2.744300000000000e+11 1.464047877322320e+01 8.752924173783066e+01
2.747600000000000e+11 1.480978069907108e+01 8.730194297064172e+01
2.750900000000000e+11 1.500324886690960e+01 8.701509734294918e+01
2.754200000000000e+11 1.522684950554241e+01 8.664599240431296e+01
2.757500000000000e+11 1.548838356964808e+01 8.616097010857675e+01
2.760800000000000e+11 1.579809234354170e+01 8.550850591445418e+01
2.764100000000000e+11 1.616918589073779e+01 8.460660149475228e+01
2.767400000000000e+11 1.661740847516031e+01 8.331918075710639e+01
2.770700000000000e+11 1.715630340819403e+01 8.141142161390125e+01
2.774000000000000e+11 1.777621142016277e+01 7.846896109958573e+01
2.777300000000000e+11 1.836731277586452e+01 7.378833216552007e+01
2.780600000000000e+11 1.849607557102178e+01 6.647242018168352e+01
2.783900000000000e+11 1.716906242907309e+01 5.688699770326615e+01
2.787200000000000e+11 1.400048470028170e+01 5.013554495035733e+01
2.790500000000000e+11 1.095137103904233e+01 5.284469575735112e+01
2.793800000000000e+11 9.552934928704875e+00 6.231275926565066e+01
2.797100000000000e+11 9.364744510512455e+00 7.118899126444521e+01
2.800400000000000e+11 9.638761607209846e+00 7.709548826385837e+01
2.803700000000000e+11 1.001719146060865e+01 8.073754778742783e+01
2.807000000000000e+11 1.038314685182853e+01 8.302082478924960e+01
2.810300000000000e+11 1.070764109558613e+01 8.451139936875531e+01
2.813600000000000e+11 1.098884249507540e+01 8.552614361120142e+01
2.816900000000000e+11 1.123210072621851e+01 8.624292781554986e+01
2.820200000000000e+11 1.144377138206258e+01 8.676499934796216e+01
2.823500000000000e+11 1.162949000954541e+01 8.715485916794550e+01
2.826800000000000e+11 1.179385749004205e+01 8.745202608910998e+01
2.830100000000000e+11 1.194054299193555e+01 8.768255760196028e+01
2.833400000000000e+11 1.207247676484218e+01 8.786428920176782e+01
2.836700000000000e+11 1.219202845531716e+01 8.800979479120012e+01
2.840000000000000e+11 1.230114379725628e+01 8.812811033399754e+01
2.843300000000000e+11 1.240143959028885e+01 8.822578094385196e+01
2.846600000000000e+11 1.249426593076454e+01 8.830753881709794e+01
2.849900000000000e+11 1.258074670985238e+01 8.837677987226846e+01
2.853200000000000e+11 1.266180838074942e+01 8.843592658728798e+01
2.856500000000000e+11 1.273820453200600e+01 8.848671775041075e+01
2.859800000000000e+11 1.281054077063729e+01 8.853044001697465e+01
2.863100000000000e+11 1.287930146702279e+01 8.856810428381631e+01
2.866400000000000e+11 1.294487755140272e+01 8.860056724111999e+01
2.869700000000000e+11 1.300759311122382e+01 8.862860124180182e+01
2.873000000000000e+11 1.306772813286753e+01 8.865292059839544e+01
2.876300000000000e+11 1.312553524928903e+01 8.867417697508337e+01
2.879600000000000e+11 1.318124950421327e+01 8.869293893390731e+01
2.882900000000000e+11 1.323509153077733e+01 8.870967014223208e+01
2.886200000000000e+11 1.328726577189825e+01 8.872471742112472e+01
2.889500000000000e+11 1.333795613282159e+01 8.873831462349744e+01
2.892800000000000e+11 1.338732159554793e+01 8.875060260745903e+01
2.896100000000000e+11 1.343549385596124e+01 8.876166068520014e+01
2.899400000000000e+11 1.348257813653993e+01 8.877154194169128e+01
2.902700000000000e+11 1.352865724660438e+01 8.878030423730270e+01
2.906000000000000e+11 1.357379799547736e+01 8.878803040110616e+01
2.909300000000000e+11 1.361805844510819e+01 8.879483439934631e+01
2.912600000000000e+11 1.366149434183292e+01 8.880085410546019e+01
2.915900000000000e+11 1.370416338425274e+01 8.880623463937184e+01
2.919200000000000e+11 1.374612663892614e+01 8.881110825170619e+01
2.922500000000000e+11 1.378744720429670e+01 8.881557699321678e+01
2.925800000000000e+11 1.382818692471378e+01 8.881970301205993e+01
2.929100000000000e+11 1.386840239015310e+01 8.882350877017302e+01
2.932400000000000e+11 1.390814152784780e+01 8.882698653512287e+01
2.935700000000000e+11 1.394744180780635e+01 8.883011399601793e+01
2.939000000000000e+11 1.398633054761700e+01 8.883287140649612e+01
2.942300000000000e+11 1.402482717584030e+01 8.883525557829729e+01
2.945600000000000e+11 1.406294677314946e+01 8.883728725090725e+01
2.948900000000000e+11 1.410070389634732e+01 8.883901042353908e+01
2.952200000000000e+11 1.413811567201950e+01 8.884048453240635e+01
2.955500000000000e+11 1.417520340875116e+01 8.884177224743121e+01
2.958800000000000e+11 1.421199242931515e+01 8.884292666208741e+01
2.962100000000000e+11 1.424851033089190e+01 8.884398154682309e+01
2.965400000000000e+11 1.428478429972116e+01 8.884494723247964e+01
2.968700000000000e+11 1.432083832689466e+01 8.884581295268457e+01
2.972000000000000e+11 1.435669114518664e+01 8.884655462024841e+01
2.975300000000000e+11 1.439235545448166e+01 8.884714555919605e+01
2.978600000000000e+11 1.442783860795887e+01 8.884756703749153e+01
2.981900000000000e+11 1.446314451010796e+01 8.884781568618767e+01
2.985200000000000e+11 1.449827614909025e+01 8.884790592810533e+01
2.988500000000000e+11 1.453323803622388e+01 8.884786703973155e+01
2.991800000000000e+11 1.456803788682502e+01 8.884773599134792e+01
2.995100000000000e+11 1.460268712145133e+01 8.884754832893080e+01
2.998400000000000e+11 1.463720011746486e+01 8.884732978814090e+01
3.001700000000000e+11 1.467159249475520e+01 8.884709098347284e+01
3.005000000000000e+11 1.470587897739726e+01 8.884682653073182e+01
3.008300000000000e+11 1.474007146718955e+01 8.884651864488249e+01
3.011600000000000e+11 1.477417787631209e+01 8.884614399155917e+01
3.014900000000000e+11 1.480820202755402e+01 8.884568170995864e+01
3.018200000000000e+11 1.484214461505125e+01 8.884512028952805e+01
3.021500000000000e+11 1.487600491802614e+01 8.884446141002510e+01
3.024800000000000e+11 1.490978275842890e+01 8.884371979452678e+01
3.028100000000000e+11 1.494348014338218e+01 8.884291929143534e+01
3.031400000000000e+11 1.497710214308265e+01 8.884208645738029e+01
3.034700000000000e+11 1.501065678739052e+01 8.884124356657235e+01
3.038000000000000e+11 1.504415404973046e+01 8.884040305681852e+01
3.041300000000000e+11 1.507760424287036e+01 8.883956493722590e+01
3.044600000000000e+11 1.511101630654960e+01 8.883871778633322e+01
3.047900000000000e+11 1.514439648141581e+01 8.883784292980430e+01
3.051200000000000e+11 1.517774773790884e+01 8.883692050178495e+01
3.054500000000000e+11 1.521107010269671e+01 8.883593560710192e+01
3.057800000000000e+11 1.524436176603642e+01 8.883488283541639e+01
3.061100000000000e+11 1.527762063524424e+01 8.883376790509858e+01
3.064400000000000e+11 1.531084588265734e+01 8.883260606822853e+01
3.067700000000000e+11 1.534403905098863e+01 8.883141783686523e+01
3.071000000000000e+11 1.537720441682555e+01 8.883022333028978e+01
3.074300000000000e+11 1.541034853169723e+01 8.882903689118217e+01
3.077600000000000e+11 1.544347909556353e+01 8.882786349017489e+01
3.080900000000000e+11 1.547660350273855e+01 8.882669788429652e+01
3.084200000000000e+11 1.550972748412940e+01 8.882552668491776e+01
3.087500000000000e+11 1.554285423116684e+01 8.882433266135546e+01
3.090800000000000e+11 1.557598423996897e+01 8.882309999219645e+01
3.094100000000000e+11 1.560911590342293e+01 8.882181894498174e+01
3.097400000000000e+11 1.564224666532501e+01 8.882048867062704e+01
3.100700000000000e+11 1.567537439507635e+01 8.881911737129226e+01
3.104000000000000e+11 1.570849858647166e+01 8.881771986724191e+01
3.107300000000000e+11 1.574162104313191e+01 8.881631332723904e+01
3.110600000000000e+11 1.577474586684789e+01 8.881491242973510e+01
3.113900000000000e+11 1.580787876787392e+01 8.881352535223385e+01
3.117200000000000e+11 1.584102590943962e+01 8.881215171608541e+01
3.120500000000000e+11 1.587419262770846e+01 8.881078302973523e+01
3.123800000000000e+11 1.590738239767092e+01 8.880940544806597e+01
3.127100000000000e+11 1.594059633849374e+01 8.880800400798823e+01
3.130400000000000e+11 1.597383339243382e+01 8.880656709612879e+01
3.133700000000000e+11 1.600709111632257e+01 8.880508986297035e+01
3.137000000000000e+11 1.604036684998623e+01 8.880357562358607e+01
3.140300000000000e+11 1.607365892120653e+01 8.880203487841746e+01
3.143600000000000e+11 1.610696754079494e+01 8.880048227468663e+01
3.146900000000000e+11 1.614029513439554e+01 8.879893241297614e+01
3.150200000000000e+11 1.617364602200908e+01 8.879739572000659e+01
3.153500000000000e+11 1.620702554421192e+01 8.879587557197050e+01
3.156800000000000e+11 1.624043889182019e+01 8.879436747869688e+01
3.160100000000000e+11 1.627388997861858e+01 8.879286053857422e+01
3.163400000000000e+11 1.630738068178115e+01 8.879134072135990e+01
3.166700000000000e+11 1.634091066686219e+01 8.878979501724147e+01
3.170000000000000e+11 1.637447784513012e+01 8.878821525192666e+01
3.173300000000000e+11 1.640807932923558e+01 8.878660047409393e+01
3.176600000000000e+11 1.644171261064238e+01 8.878495723942079e+01
3.179900000000000e+11 1.647537661939924e+01 8.878329772290185e+01
3.183200000000000e+11 1.650907236125993e+01 8.878163621378179e+01
3.186500000000000e+11 1.654280294879709e+01 8.877998500802163e+01
3.189800000000000e+11 1.657657301711244e+01 8.877835088173656e+01
3.193100000000000e+11 1.661038769142475e+01 8.877673315915338e+01
3.196400000000000e+11 1.664425140284164e+01 8.877512392995445e+01
3.199700000000000e+11 1.667816689318656e+01 8.877351035473771e+01
3.203000000000000e+11 1.671213469698926e+01 8.877187839922483e+01
3.206300000000000e+11 1.674615325340206e+01 8.877021692782203e+01
3.209600000000000e+11 1.678021962110314e+01 8.876852098168958e+01
3.212900000000000e+11 1.681433059614874e+01 8.876679329575911e+01
3.216200000000000e+11 1.684848391550812e+01 8.876504360855952e+01
3.219500000000000e+11 1.688267920138492e+01 8.876328594717258e+01
3.222800000000000e+11 1.691691837193224e+01 8.876153464940464e+01
3.226100000000000e+11 1.695120539344356e+01 8.875980025173355e+01
3.229400000000000e+11 1.698554543589109e+01 8.875808641977888e+01
3.232700000000000e+11 1.701994366517598e+01 8.875638881207739e+01
3.236000000000000e+11 1.705440401281326e+01 8.875469622611118e+01
3.239300000000000e+11 1.708892827567555e+01 8.875299372881470e+01
3.242600000000000e+11 1.712351581015748e+01 8.875126690414712e+01
3.245900000000000e+11 1.715816392015131e+01 8.874950601972030e+01
3.249200000000000e+11 1.719286884203309e+01 8.874770891934081e+01
3.252500000000000e+11 1.722762705744911e+01 8.874588179174353e+01
3.255800000000000e+11 1.726243656525470e+01 8.874403755565059e+01
3.259100000000000e+11 1.729729774708900e+01 8.874219227507591e+01
3.262400000000000e+11 1.733221356804400e+01 8.874036058799906e+01
3.265700000000000e+11 1.736718903686673e+01 8.873855143387023e+01
3.269000000000000e+11 1.740223005933233e+01 8.873676531048133e+01
3.272300000000000e+11 1.743734199549363e+01 8.873499388623748e+01
3.275600000000000e+11 1.747252832565514e+01 8.873322214547782e+01
3.278900000000000e+11 1.750778981221596e+01 8.873143252851396e+01
3.282200000000000e+11 1.754312441655547e+01 8.872960994383480e+01
3.285500000000000e+11 1.757852802437618e+01 8.872774624521666e+01
3.288800000000000e+11 1.761399580456660e+01 8.872584286990585e+01
3.292100000000000e+11 1.764952383898377e+01 8.872391080869951e+01
3.295400000000000e+11 1.768511056768628e+01 8.872196780415776e+01
3.298700000000000e+11 1.772075762578062e+01 8.872003345557356e+01
3.302000000000000e+11 1.775646980052176e+01 8.871812353285455e+01
3.305300000000000e+11 1.779225407340923e+01 8.871624508646546e+01
3.308600000000000e+11 1.782811796990504e+01 8.871439379378204e+01
3.311900000000000e+11 1.786406764851820e+01 8.871255442517565e+01
3.315200000000000e+11 1.790010626095320e+01 8.871070448066652e+01
3.318500000000000e+11 1.793623307242100e+01 8.870882015591711e+01
3.321800000000000e+11 1.797244364989288e+01 8.870688308646262e+01
3.325100000000000e+11 1.800873114770189e+01 8.870488599501685e+01
3.328400000000000e+11 1.804508841447463e+01 8.870283553761197e+01
3.331700000000000e+11 1.808151039382142e+01 8.870075129214661e+01
3.335000000000000e+11 1.811799616445861e+01 8.869866081185567e+01
3.338300000000000e+11 1.815455000527459e+01 8.869659173586797e+01
3.341600000000000e+11 1.819118107768907e+01 8.869456283315179e+01
3.344900000000000e+11 1.822790164844267e+01 8.869257631242603e+01
3.348200000000000e+11 1.826472415316940e+01 8.869061361444588e+01
3.351500000000000e+11 1.830165773099019e+01 8.868863620872312e+01
3.354800000000000e+11 1.833870505606089e+01 8.868659178514966e+01
3.358100000000000e+11 1.837586029591822e+01 8.868442492022388e+01
3.361400000000000e+11 1.841310882606036e+01 8.868209012290076e+01
3.364700000000000e+11 1.845042896298230e+01 8.867956442184997e+01
3.368000000000000e+11 1.848779552395339e+01 8.867685654558656e+01
3.371300000000000e+11 1.852518458558306e+01 8.867401032457767e+01
3.374600000000000e+11 1.856257849870046e+01 8.867110110165609e+01
3.377900000000000e+11 1.859997010292876e+01 8.866822542468230e+01
3.381200000000000e+11 1.863736520440315e+01 8.866548578028059e+01
3.384500000000000e+11 1.867478271439667e+01 8.866297326961690e+01
3.387800000000000e+11 1.871225232494649e+01 8.866075165917047e+01
3.391100000000000e+11 1.874981011483804e+01 8.865884602962080e+01
3.394400000000000e+11 1.878749291965483e+01 8.865723833105163e+01
3.397700000000000e+11 1.882533256334090e+01 8.865587073122170e+01
3.401000000000000e+11 1.886335107599165e+01 8.865465603147335e+01
3.404300000000000e+11 1.890155780761080e+01 8.865349298162994e+01
3.407600000000000e+11 1.893994894009968e+01 8.865228337002470e+01
3.410900000000000e+11 1.897850939302133e+01 8.865094750127599e+01
3.414200000000000e+11 1.901721662707041e+01 8.864943514445211e+01
3.417500000000000e+11 1.905604548114172e+01 8.864773011143367e+01
3.420800000000000e+11 1.909497301192153e+01 8.864584804886813e+01
3.424100000000000e+11 1.913398236846556e+01 8.864382846702304e+01
3.427400000000000e+11 1.917306500433418e+01 8.864172316431583e+01
3.430700000000000e+11 1.921222093646304e+01 8.863958379965480e+01
3.434000000000000e+11 1.925145720463328e+01 8.863745131265026e+01
3.437300000000000e+11 1.929078506531608e+01 8.863534924390218e+01
3.440600000000000e+11 1.933021668571496e+01 8.863328194832467e+01
3.443900000000000e+11 1.936976214358717e+01 8.863123749422041e+01
3.447200000000000e+11 1.940942738902802e+01 8.862919398793146e+01
3.450500000000000e+11 1.944921353375370e+01 8.862712739511457e+01
3.453800000000000e+11 1.948911748044261e+01 8.862501877561775e+01
3.457100000000000e+11 1.952913357861055e+01 8.862285920794483e+01
3.460400000000000e+11 1.956925577147149e+01 8.862065142524257e+01
3.463700000000000e+11 1.960947962705208e+01 8.861840810534609e+01
3.467000000000000e+11 1.964980373307323e+01 8.861614761167523e+01
3.470300000000000e+11 1.969023014575642e+01 8.861388856169738e+01
3.473600000000000e+11 1.973076385568308e+01 8.861164477997434e+01
3.476900000000000e+11 1.977141149514905e+01 8.860942195751474e+01
3.480200000000000e+11 1.981217969476034e+01 8.860721677895052e+01
3.483500000000000e+11 1.985307356002071e+01 8.860501856210072e+01
3.486800000000000e+11 1.989409567282562e+01 8.860281277860565e+01
3.490100000000000e+11 1.993524585364576e+01 8.860058536425539e+01
3.493400000000000e+11 1.997652169897085e+01 8.859832659072306e+01
3.496700000000000e+11 2.001791969731432e+01 8.859603347224115e+01
3.500000000000000e+11 2.005943658169925e+01 8.859371014620733e+01
