2.000000000000000e+10 2.378017267103659e+01 -9.006217272930492e+01
2.033000000000000e+10 2.336319458552931e+01 -9.006317878462433e+01
2.066000000000000e+10 2.295903694452088e+01 -9.006418573220461e+01
2.099000000000000e+10 2.256709494938051e+01 -9.006519327613290e+01
2.132000000000000e+10 2.218680130066139e+01 -9.006620113851356e+01
2.165000000000000e+10 2.181762332415093e+01 -9.006720911713188e+01
2.198000000000000e+10 2.145906035073855e+01 -9.006821710734521e+01
2.231000000000000e+10 2.111064133236753e+01 -9.006922509450901e+01
2.264000000000000e+10 2.077192267367831e+01 -9.007023313425954e+01
2.297000000000000e+10 2.044248625579189e+01 -9.007124133675994e+01
2.330000000000000e+10 2.012193762825721e+01 -9.007224985968527e+01
2.363000000000000e+10 1.980990434884523e+01 -9.007325890097223e+01
2.396000000000000e+10 1.950603445741342e+01 -9.007426867509712e+01
2.429000000000000e+10 1.920999507657886e+01 -9.007527936139293e+01
2.462000000000000e+10 1.892147113525568e+01 -9.007629102856519e+01
2.495000000000000e+10 1.864016420958470e+01 -9.007730355855985e+01
2.528000000000000e+10 1.836579147018124e+01 -9.007831660477481e+01
2.561000000000000e+10 1.809808471790138e+01 -9.007932961606514e+01
2.594000000000000e+10 1.783678948632278e+01 -9.008034193754638e+01
2.627000000000000e+10 1.758166419073017e+01 -9.008135296860863e+01
2.660000000000000e+10 1.733247931108514e+01 -9.008236233048180e+01
2.693000000000000e+10 1.708901660789918e+01 -9.008336998333067e+01
2.726000000000000e+10 1.685106838084959e+01 -9.008437624391854e+01
2.759000000000000e+10 1.661843678590734e+01 -9.008538168743212e+01
2.792000000000000e+10 1.639093322504500e+01 -9.008638695969003e+01
2.825000000000000e+10 1.616837781360648e+01 -9.008739256188400e+01
2.858000000000000e+10 1.595059891758195e+01 -9.008839868394334e+01
2.891000000000000e+10 1.573743274141910e+01 -9.008940514759148e+01
2.924000000000000e+10 1.552872294139987e+01 -9.009041148063466e+01
2.957000000000000e+10 1.532432024242401e+01 -9.009141709483002e+01
2.990000000000000e+10 1.512408204633551e+01 -9.009242150019159e+01
3.023000000000000e+10 1.492787203376417e+01 -9.009342447470694e+01
3.056000000000000e+10 1.473555977345726e+01 -9.009442612617293e+01
3.089000000000000e+10 1.454702035864414e+01 -9.009542682541672e+01
3.122000000000000e+10 1.436213408712193e+01 -9.009642704060903e+01
3.155000000000000e+10 1.418078619186610e+01 -9.009742714053041e+01
3.188000000000000e+10 1.400286661623657e+01 -9.009842724519220e+01
3.221000000000000e+10 1.382826981744921e+01 -9.009942718122389e+01
3.254000000000000e+10 1.365689457803363e+01 -9.010042655574571e+01
3.287000000000000e+10 1.348864380885094e+01 -9.010142491423889e+01
3.320000000000000e+10 1.332342433707894e+01 -9.010242191493089e+01
3.353000000000000e+10 1.316114668418290e+01 -9.010341744767250e+01
3.386000000000000e+10 1.300172484752937e+01 -9.010441165054884e+01
3.419000000000000e+10 1.284507610159101e+01 -9.010540482137269e+01
3.452000000000000e+10 1.269112083003073e+01 -9.010639726516915e+01
3.485000000000000e+10 1.253978239057201e+01 -9.010738914438896e+01
3.518000000000000e+10 1.239098700458875e+01 -9.010838039552876e+01
3.551000000000000e+10 1.224466365695404e+01 -9.010937074600456e+01
3.584000000000000e+10 1.210074399139877e+01 -9.011035982163426e+01
3.617000000000000e+10 1.195916219231964e+01 -9.011134729662817e+01
3.650000000000000e+10 1.181985485302929e+01 -9.011233302079876e+01
3.683000000000000e+10 1.168276083892585e+01 -9.011331706970107e+01
3.716000000000000e+10 1.154782115844455e+01 -9.011429969744283e+01
3.749000000000000e+10 1.141497885326810e+01 -9.011528121402728e+01
3.782000000000000e+10 1.128417891292287e+01 -9.011626184115693e+01
3.815000000000000e+10 1.115536821047286e+01 -9.011724160883122e+01
3.848000000000000e+10 1.102849544918386e+01 -9.011822033657083e+01
3.881000000000000e+10 1.090351110762776e+01 -9.011919770593289e+01
3.914000000000000e+10 1.078036737360442e+01 -9.012017339146036e+01
3.947000000000000e+10 1.065901806406801e+01 -9.012114719235032e+01
3.980000000000000e+10 1.053941853592987e+01 -9.012211910752129e+01
4.013000000000000e+10 1.042152559787048e+01 -9.012308932202038e+01
4.046000000000000e+10 1.030529743395916e+01 -9.012405811172198e+01
4.079000000000000e+10 1.019069354580096e+01 -9.012502570899608e+01
4.112000000000000e+10 1.007767471299259e+01 -9.012599218906907e+01
4.145000000000000e+10 9.966202964909286e+00 -9.012695742773188e+01
4.178000000000000e+10 9.856241553172278e+00 -9.012792114986441e+01
4.211000000000000e+10 9.747754915063050e+00 -9.012888304840277e+01
4.244000000000000e+10 9.640708623184063e+00 -9.012984292205375e+01
4.277000000000000e+10 9.535069323601645e+00 -9.013080077083796e+01
4.310000000000000e+10 9.430804670567625e+00 -9.013175680549668e+01
4.343000000000000e+10 9.327883268244049e+00 -9.013271136285519e+01
4.376000000000000e+10 9.226274627724221e+00 -9.013366475919219e+01
4.409000000000000e+10 9.125949142019170e+00 -9.013461714063442e+01
4.442000000000000e+10 9.026878074964520e+00 -9.013556839218113e+01
4.475000000000000e+10 8.929033554998217e+00 -9.013651814403676e+01
4.508000000000000e+10 8.832388563487720e+00 -9.013746587503350e+01
4.541000000000000e+10 8.736916910172122e+00 -9.013841107415516e+01
4.574000000000000e+10 8.642593194039760e+00 -9.013935339843545e+01
4.607000000000000e+10 8.549392754164622e+00 -9.014029276785678e+01
4.640000000000000e+10 8.457291619158120e+00 -9.014122936385006e+01
4.673000000000000e+10 8.366266464392902e+00 -9.014216353649326e+01
4.706000000000000e+10 8.276294583005091e+00 -9.014309566052572e+01
4.739000000000000e+10 8.187353871343287e+00 -9.014402599777864e+01
4.772000000000000e+10 8.099422824291496e+00 -9.014495461717669e+01
4.805000000000000e+10 8.012480532858232e+00 -9.014588139686559e+01
4.838000000000000e+10 7.926506676670493e+00 -9.014680609818612e+01
4.871000000000000e+10 7.841481507204242e+00 -9.014772847301737e+01
4.904000000000000e+10 7.757385822175174e+00 -9.014864835588094e+01
4.937000000000000e+10 7.674200935486160e+00 -9.014956570334502e+01
4.970000000000000e+10 7.591908648846127e+00 -9.015048056974557e+01
5.003000000000000e+10 7.510491230079278e+00 -9.015139303772767e+01
5.036000000000000e+10 7.429931399905981e+00 -9.015230314147733e+01
5.069000000000000e+10 7.350212325170385e+00 -9.015321082161000e+01
5.102000000000000e+10 7.271317613834872e+00 -9.015411593363780e+01
5.135000000000000e+10 7.193231306706659e+00 -9.015501830505029e+01
5.168000000000000e+10 7.115937862864093e+00 -9.015591781178048e+01
5.201000000000000e+10 7.039422139138298e+00 -9.015681443439522e+01
5.234000000000000e+10 6.963669367194393e+00 -9.015770826261985e+01
5.267000000000000e+10 6.888665133298669e+00 -9.015859944023929e+01
5.300000000000000e+10 6.814395365052182e+00 -9.015948807061801e+01
5.333000000000000e+10 6.740846326566157e+00 -9.016037412336816e+01
5.366000000000000e+10 6.668004619978303e+00 -9.016125738564453e+01
5.399000000000000e+10 6.595857188431583e+00 -9.016213748520671e+01
5.432000000000000e+10 6.524391314877047e+00 -9.016301398313374e+01
5.465000000000000e+10 6.453594612685873e+00 -9.016388650407082e+01
5.498000000000000e+10 6.383455007415797e+00 -9.016475485388652e+01
5.531000000000000e+10 6.313960712792225e+00 -9.016561907661051e+01
5.564000000000000e+10 6.245100206514572e+00 -9.016647942433197e+01
5.597000000000000e+10 6.176862211839576e+00 -9.016733624697217e+01
5.630000000000000e+10 6.109235688884699e+00 -9.016818984036561e+01
5.663000000000000e+10 6.042209836037641e+00 -9.016904030829269e+01
5.696000000000000e+10 5.975774098165453e+00 -9.016988749007555e+01
5.729000000000000e+10 5.909918175903650e+00 -9.017073098154964e+01
5.762000000000000e+10 5.844632030082661e+00 -9.017157024284522e+01
5.795000000000000e+10 5.779905877325434e+00 -9.017240475465395e+01
5.828000000000000e+10 5.715730176216628e+00 -9.017323416742673e+01
5.861000000000000e+10 5.652095606890452e+00 -9.017405839135631e+01
5.894000000000000e+10 5.588993049141970e+00 -9.017487759715452e+01
5.927000000000000e+10 5.526413564484701e+00 -9.017569212968330e+01
5.960000000000000e+10 5.464348385964829e+00 -9.017650236640330e+01
5.993000000000000e+10 5.402788916721078e+00 -9.017730856969040e+01
6.026000000000000e+10 5.341726735345962e+00 -9.017811078112963e+01
6.059000000000000e+10 5.281153604096218e+00 -9.017890878856059e+01
6.092000000000000e+10 5.221061475528212e+00 -9.017970217035455e+01
6.125000000000000e+10 5.161442494181152e+00 -9.018049039609568e+01
6.158000000000000e+10 5.102288991963325e+00 -9.018127294708617e+01
6.191000000000000e+10 5.043593478090418e+00 -9.018204941812749e+01
6.224000000000000e+10 4.985348626025745e+00 -9.018281957274334e+01
6.257000000000000e+10 4.927547260440853e+00 -9.018358334204949e+01
6.290000000000000e+10 4.870182346744157e+00 -9.018434077578280e+01
6.323000000000000e+10 4.813246984560162e+00 -9.018509196663574e+01
6.356000000000000e+10 4.756734405185356e+00 -9.018583697304774e+01
6.389000000000000e+10 4.700637971971404e+00 -9.018657576152857e+01
6.422000000000000e+10 4.644951182041282e+00 -9.018730818042535e+01
6.455000000000000e+10 4.589667667759609e+00 -9.018803396675115e+01
6.488000000000000e+10 4.534781196787202e+00 -9.018875277932432e+01
6.521000000000000e+10 4.480285670136496e+00 -9.018946424660119e+01
6.554000000000000e+10 4.426175118208474e+00 -9.019016801621224e+01
6.587000000000000e+10 4.372443695238916e+00 -9.019086379447160e+01
6.620000000000000e+10 4.319085672878159e+00 -9.019155136716249e+01
6.653000000000000e+10 4.266095433778186e+00 -9.019223059714821e+01
6.686000000000000e+10 4.213467466060348e+00 -9.019290139950981e+01
6.719000000000000e+10 4.161196359356911e+00 -9.019356370046417e+01
6.752000000000000e+10 4.109276802758814e+00 -9.019421739107700e+01
6.785000000000000e+10 4.057703584498221e+00 -9.019486228919662e+01
6.818000000000000e+10 4.006471592679921e+00 -9.019549812153640e+01
6.851000000000000e+10 3.955575816019092e+00 -9.019612453206810e+01
6.884000000000000e+10 3.905011343516452e+00 -9.019674111408214e+01
6.917000000000000e+10 3.854773362360581e+00 -9.019734745434185e+01
6.950000000000000e+10 3.804857154012459e+00 -9.019794317233281e+01
6.983000000000000e+10 3.755258089159304e+00 -9.019852793843408e+01
7.016000000000000e+10 3.705971622736494e+00 -9.019910146240369e+01
7.049000000000000e+10 3.656993290265553e+00 -9.019966345557535e+01
7.082000000000000e+10 3.608318706285072e+00 -9.020021358189179e+01
7.115000000000000e+10 3.559943564810978e+00 -9.020075141932166e+01
7.148000000000000e+10 3.511863640885813e+00 -9.020127645087597e+01
7.181000000000000e+10 3.464074791733402e+00 -9.020178809340493e+01
7.214000000000000e+10 3.416572956090670e+00 -9.020228575647522e+01
7.247000000000000e+10 3.369354150959761e+00 -9.020276890922632e+01
7.280000000000000e+10 3.322414466079401e+00 -9.020323712655264e+01
7.313000000000000e+10 3.275750057430236e+00 -9.020369009085734e+01
7.346000000000000e+10 3.229357141641549e+00 -9.020412754105064e+01
7.379000000000000e+10 3.183231992993628e+00 -9.020454918092985e+01
7.412000000000000e+10 3.137370943840864e+00 -9.020495457662736e+01
7.445000000000000e+10 3.091770388028559e+00 -9.020534307999773e+01
7.478000000000000e+10 3.046426785727108e+00 -9.020571380803121e+01
7.511000000000000e+10 3.001336667518395e+00 -9.020606568942311e+01
7.544000000000000e+10 2.956496635787971e+00 -9.020639756512730e+01
7.577000000000000e+10 2.911903362434388e+00 -9.020670830933832e+01
7.610000000000000e+10 2.867553583238494e+00 -9.020699692894831e+01
7.643000000000000e+10 2.823444090436395e+00 -9.020726260664973e+01
7.676000000000000e+10 2.779571725646719e+00 -9.020750467302500e+01
7.709000000000000e+10 2.735933375102592e+00 -9.020772251853182e+01
7.742000000000000e+10 2.692525968224432e+00 -9.020791547746211e+01
7.775000000000000e+10 2.649346479318824e+00 -9.020808272459307e+01
7.808000000000000e+10 2.606391931088666e+00 -9.020822321833857e+01
7.841000000000000e+10 2.563659398105889e+00 -9.020833570462582e+01
7.874000000000000e+10 2.521146008603897e+00 -9.020841877158614e+01
7.907000000000000e+10 2.478848943768089e+00 -9.020847092594263e+01
7.940000000000000e+10 2.436765434780884e+00 -9.020849065521307e+01
7.973000000000000e+10 2.394892758772539e+00 -9.020847644783605e+01
8.006000000000000e+10 2.353228235195386e+00 -9.020842676239243e+01
8.039000000000000e+10 2.311769223863364e+00 -9.020833995937127e+01
8.072000000000000e+10 2.270513125125222e+00 -9.020821422525339e+01
8.105000000000000e+10 2.229457381704106e+00 -9.020804752264844e+01
8.138000000000000e+10 2.188599481016347e+00 -9.020783759028362e+01
8.171000000000000e+10 2.147936956556769e+00 -9.020758199683611e+01
8.204000000000000e+10 2.107467387270613e+00 -9.020727823062110e+01
8.237000000000000e+10 2.067188394579941e+00 -9.020692379130845e+01
8.270000000000000e+10 2.027097637597071e+00 -9.020651624600309e+01
8.303000000000000e+10 1.987192807723143e+00 -9.020605322132361e+01
8.336000000000000e+10 1.947471624072056e+00 -9.020553232213010e+01
8.369000000000000e+10 1.907931830921749e+00 -9.020495098962357e+01
8.402000000000000e+10 1.868571197785882e+00 -9.020430632939124e+01
8.435000000000000e+10 1.829387521939056e+00 -9.020359494840488e+01
8.468000000000000e+10 1.790378632561440e+00 -9.020281283697975e+01
8.501000000000000e+10 1.751542395273443e+00 -9.020195531899103e+01
8.534000000000000e+10 1.712876715789861e+00 -9.020101707529629e+01
8.567000000000000e+10 1.674379541704131e+00 -9.019999222639257e+01
8.600000000000000e+10 1.636048861913923e+00 -9.019887444524770e+01
8.633000000000000e+10 1.597882703780832e+00 -9.019765706313214e+01
8.666000000000000e+10 1.559879128644989e+00 -9.019633313139359e+01
8.699000000000000e+10 1.522036226684048e+00 -9.019489541040981e+01
8.732000000000000e+10 1.484352112241735e+00 -9.019333627184432e+01
8.765000000000000e+10 1.446824920624001e+00 -9.019164751905471e+01
8.798000000000000e+10 1.409452806987526e+00 -9.018982014908889e+01
8.831000000000000e+10 1.372233947397529e+00 -9.018784409325733e+01
8.864000000000000e+10 1.335166541538479e+00 -9.018570797731044e+01
8.897000000000000e+10 1.298248816083379e+00 -9.018339893379330e+01
8.930000000000000e+10 1.261479027520632e+00 -9.018090247866405e+01
8.963000000000000e+10 1.224855463395643e+00 -9.017820243625818e+01
8.996000000000000e+10 1.188376441429089e+00 -9.017528086918338e+01
9.029000000000000e+10 1.152040306685909e+00 -9.017211795204869e+01
9.062000000000000e+10 1.115845427654556e+00 -9.016869172727503e+01
9.095000000000000e+10 1.079790192507775e+00 -9.016497769938066e+01
9.128000000000000e+10 1.043873006783218e+00 -9.016094825586976e+01
9.161000000000000e+10 1.008092293232066e+00 -9.015657193662386e+01
9.194000000000000e+10 9.724464937932382e-01 -9.015181259521489e+01
9.227000000000000e+10 9.369340728501691e-01 -9.014662849316797e+01
9.260000000000000e+10 9.015535204217731e-01 -9.014097133726614e+01
9.293000000000000e+10 8.663033539380355e-01 -9.013478521570714e+01
9.326000000000000e+10 8.311821177711123e-01 -9.012800532484296e+01
9.359000000000000e+10 7.961883805452821e-01 -9.012055632072760e+01
9.392000000000000e+10 7.613207311057363e-01 -9.011235009143805e+01
9.425000000000000e+10 7.265777745500742e-01 -9.010328272829281e+01
9.458000000000000e+10 6.919581297036949e-01 -9.009323046356249e+01
9.491000000000000e+10 6.574604288591399e-01 -9.008204431108780e+01
9.524000000000000e+10 6.230833197217700e-01 -9.006954305692501e+01
9.557000000000000e+10 5.888254686659771e-01 -9.005550405663756e+01
9.590000000000000e+10 5.546855639492655e-01 -9.003965095725863e+01
9.623000000000000e+10 5.206623176438451e-01 -9.002163691531659e+01
9.656000000000000e+10 4.867544656843359e-01 -9.000102102945678e+01
9.689000000000000e+10 4.529607663412581e-01 -8.997723435769906e+01
9.722000000000000e+10 4.192799982569219e-01 -8.994952966420095e+01
9.755000000000000e+10 3.857109596222367e-01 -8.991690516455427e+01
9.788000000000000e+10 3.522524700271624e-01 -8.987798541972587e+01
9.821000000000000e+10 3.189033761642371e-01 -8.983082876827460e+01
9.854000000000000e+10 2.856625623843144e-01 -8.977260263006070e+01
9.887000000000000e+10 2.525289679208694e-01 -8.969900716119825e+01
9.920000000000000e+10 2.195016159079420e-01 -8.960318540081026e+01
9.953000000000000e+10 1.865796687351493e-01 -8.947349208603227e+01
9.986000000000000e+10 1.537625513985514e-01 -8.928843095704674e+01
1.001900000000000e+11 1.210502753392133e-01 -8.900344443204224e+01
1.005200000000000e+11 8.844448252289008e-02 -8.850866019624584e+01
1.008500000000000e+11 5.595312777688846e-02 -8.744013079236304e+01
1.011800000000000e+11 2.363358660890302e-02 -8.344740218173114e+01
1.015100000000000e+11 9.302910596651382e-03 7.186533919686843e+01
1.018400000000000e+11 4.118025715556358e-02 8.568998331579715e+01
1.021700000000000e+11 7.326491996054139e-02 8.742248318290710e+01
1.025000000000000e+11 1.052808683883499e-01 8.809734837061323e+01
1.028300000000000e+11 1.372106947093102e-01 8.845608917964141e+01
1.031600000000000e+11 1.690509231305536e-01 8.867840582074585e+01
1.034900000000000e+11 2.008009022006993e-01 8.882950116853011e+01
1.038200000000000e+11 2.324608560485241e-01 8.893873902980957e+01
1.041500000000000e+11 2.640313502254790e-01 8.902129289634003e+01
1.044800000000000e+11 2.955131039089013e-01 8.908579385879179e+01
1.048100000000000e+11 3.269069115403667e-01 8.913751342757344e+01
1.051400000000000e+11 3.582136052976332e-01 8.917985293292901e+01
1.054700000000000e+11 3.894340349696441e-01 8.921510512550284e+01
1.058000000000000e+11 4.205690563727464e-01 8.924487171915416e+01
1.061300000000000e+11 4.516195246740195e-01 8.927030554101621e+01
1.064600000000000e+11 4.825862909016467e-01 8.929225759984546e+01
1.067900000000000e+11 5.134702005669392e-01 8.931136990556021e+01
1.071200000000000e+11 5.442720935107361e-01 8.932813597943493e+01
1.074500000000000e+11 5.749928041741028e-01 8.934294141659379e+01
1.077800000000000e+11 6.056331616312616e-01 8.935609175997143e+01
1.081100000000000e+11 6.361939889562682e-01 8.936783210304007e+01
1.084400000000000e+11 6.666761018081035e-01 8.937836118916105e+01
1.087700000000000e+11 6.970803064563970e-01 8.938784177944923e+01
1.091000000000000e+11 7.274073977555848e-01 8.939640843670907e+01
1.094300000000000e+11 7.576581577217120e-01 8.940417346957831e+01
1.097600000000000e+11 7.878333553049237e-01 8.941123151694019e+01
1.100900000000000e+11 8.179337476611460e-01 8.941766308342150e+01
1.104200000000000e+11 8.479600827630154e-01 8.942353723670915e+01
1.107500000000000e+11 8.779131026891024e-01 8.942891362812317e+01
1.110800000000000e+11 9.077935465750817e-01 8.943384398232443e+01
1.114100000000000e+11 9.376021521709037e-01 8.943837320203085e+01
1.117400000000000e+11 9.673396553020920e-01 8.944254023155908e+01
1.120700000000000e+11 9.970067872093590e-01 8.944637880553704e+01
1.124000000000000e+11 1.026604270523586e+00 8.944991817121623e+01
1.127300000000000e+11 1.056132815221186e+00 8.945318381963514e+01
1.130600000000000e+11 1.085593116033976e+00 8.945619820625360e+01
1.133900000000000e+11 1.114985852349243e+00 8.945898140269782e+01
1.137200000000000e+11 1.144311690746173e+00 8.946155161131360e+01
1.140500000000000e+11 1.173571289298734e+00 8.946392549676675e+01
1.143800000000000e+11 1.202765302045648e+00 8.946611833499968e+01
1.147100000000000e+11 1.231894381915412e+00 8.946814403087157e+01
1.150400000000000e+11 1.260959180994799e+00 8.947001509039572e+01
1.153700000000000e+11 1.289960348132244e+00 8.947174263641119e+01
1.157000000000000e+11 1.318898525028337e+00 8.947333652524613e+01
1.160300000000000e+11 1.347774342675071e+00 8.947480556834888e+01
1.163600000000000e+11 1.376588419919800e+00 8.947615780882543e+01
1.166900000000000e+11 1.405341365033785e+00 8.947740077113343e+01
1.170200000000000e+11 1.434033779810107e+00 8.947854160680112e+01
1.173500000000000e+11 1.462666264483934e+00 8.947958709869557e+01
1.176800000000000e+11 1.491239421230965e+00 8.948054354446275e+01
1.180100000000000e+11 1.519753854449389e+00 8.948141659124080e+01
1.183400000000000e+11 1.548210167333273e+00 8.948221111561028e+01
1.186700000000000e+11 1.576608955863505e+00 8.948293122445475e+01
1.190000000000000e+11 1.604950802562762e+00 8.948358040081580e+01
1.193300000000000e+11 1.633236272602773e+00 8.948416175580695e+01
1.196600000000000e+11 1.661465913950693e+00 8.948467830070604e+01
1.199900000000000e+11 1.689640261547638e+00 8.948513314360372e+01
1.203200000000000e+11 1.717759843769621e+00 8.948552954731178e+01
1.206500000000000e+11 1.745825188431977e+00 8.948587084567619e+01
1.209800000000000e+11 1.773836825866995e+00 8.948616027681103e+01
1.213100000000000e+11 1.801795288057363e+00 8.948640082570161e+01
1.216400000000000e+11 1.829701104805444e+00 8.948659515865501e+01
1.219700000000000e+11 1.857554799505244e+00 8.948674568166344e+01
1.223000000000000e+11 1.885356887429710e+00 8.948685468683625e+01
1.226300000000000e+11 1.913107878261411e+00 8.948692449807956e+01
1.229600000000000e+11 1.940808282317199e+00 8.948695751658914e+01
1.232900000000000e+11 1.968458617578750e+00 8.948695610751477e+01
1.236200000000000e+11 1.996059413428152e+00 8.948692234624963e+01
1.239500000000000e+11 2.023611207682519e+00 8.948685772245561e+01
1.242800000000000e+11 2.051114536086862e+00 8.948676294367384e+01
1.246100000000000e+11 2.078569916910959e+00 8.948663796272398e+01
1.249400000000000e+11 2.105977836190779e+00 8.948648227443353e+01
1.252700000000000e+11 2.133338740014054e+00 8.948629541596419e+01
1.256000000000000e+11 2.160653038378815e+00 8.948607750726953e+01
1.259300000000000e+11 2.187921121007924e+00 8.948582962865501e+01
1.262600000000000e+11 2.215143380619597e+00 8.948555387435675e+01
1.265900000000000e+11 2.242320235566014e+00 8.948525303431578e+01
1.269200000000000e+11 2.269452143152030e+00 8.948492999923555e+01
1.272500000000000e+11 2.296539597886124e+00 8.948458709896653e+01
1.275800000000000e+11 2.323583114481161e+00 8.948422562163017e+01
1.279100000000000e+11 2.350583201485108e+00 8.948384570054682e+01
1.282400000000000e+11 2.377540335476339e+00 8.948344661769518e+01
1.285700000000000e+11 2.404454945974865e+00 8.948302740959831e+01
1.289000000000000e+11 2.431327417273148e+00 8.948258754003761e+01
1.292300000000000e+11 2.458158106712639e+00 8.948212737533139e+01
1.295600000000000e+11 2.484947372191908e+00 8.948164827634211e+01
1.298900000000000e+11 2.511695597729410e+00 8.948115227693091e+01
1.302200000000000e+11 2.538403206512198e+00 8.948064148815743e+01
1.305500000000000e+11 2.565070655957361e+00 8.948011748042335e+01
1.308800000000000e+11 2.591698416887354e+00 8.947958090376085e+01
1.312100000000000e+11 2.618286945804211e+00 8.947903150451636e+01
1.315400000000000e+11 2.644836662443758e+00 8.947846852652688e+01
1.318700000000000e+11 2.671347942772651e+00 8.947789131807706e+01
1.322000000000000e+11 2.697821131039027e+00 8.947729987411307e+01
1.325300000000000e+11 2.724256566089686e+00 8.947669506734064e+01
1.328600000000000e+11 2.750654610528989e+00 8.947607845389041e+01
1.331900000000000e+11 2.777015669412130e+00 8.947545172448105e+01
1.335200000000000e+11 2.803340189079669e+00 8.947481603154959e+01
1.338500000000000e+11 2.829628635000182e+00 8.947417148691513e+01
1.341800000000000e+11 2.855881456684772e+00 8.947351706293614e+01
1.345100000000000e+11 2.882099053892762e+00 8.947285096603923e+01
1.348400000000000e+11 2.908281758652793e+00 8.947217135265238e+01
1.351700000000000e+11 2.934429841684757e+00 8.947147710826670e+01
1.355000000000000e+11 2.960543541937453e+00 8.947076837536591e+01
1.358300000000000e+11 2.986623108245781e+00 8.947004661244823e+01
1.361600000000000e+11 3.012668836737120e+00 8.946931415567640e+01
1.364900000000000e+11 3.038681089004565e+00 8.946857345790272e+01
1.368200000000000e+11 3.064660283805877e+00 8.946782631122652e+01
1.371500000000000e+11 3.090606865965586e+00 8.946707336287223e+01
1.374800000000000e+11 3.116521265638998e+00 8.946631410820090e+01
1.378100000000000e+11 3.142403865042487e+00 8.946554734274400e+01
1.381400000000000e+11 3.168254986398481e+00 8.946477186353715e+01
1.384700000000000e+11 3.194074905561285e+00 8.946398711068132e+01
1.388000000000000e+11 3.219863884576236e+00 8.946319347504213e+01
1.391300000000000e+11 3.245622208176849e+00 8.946239215104407e+01
1.394600000000000e+11 3.271350207607629e+00 8.946158461698542e+01
1.397900000000000e+11 3.297048260949442e+00 8.946077198953904e+01
1.401200000000000e+11 3.322716769814359e+00 8.945995455179545e+01
1.404500000000000e+11 3.348356123120870e+00 8.945913167235317e+01
1.407800000000000e+11 3.373966664757968e+00 8.945830215332104e+01
1.411100000000000e+11 3.399548680445140e+00 8.945746484818929e+01
1.414400000000000e+11 3.425102410517756e+00 8.945661926515841e+01
1.417700000000000e+11 3.450628083475806e+00 8.945576587500740e+01
1.421000000000000e+11 3.476125955294218e+00 8.945490597474138e+01
1.424300000000000e+11 3.501596336296315e+00 8.945404116068860e+01
1.427600000000000e+11 3.527039592519362e+00 8.945317264623318e+01
1.430900000000000e+11 3.552456119879188e+00 8.945230073671183e+01
1.434200000000000e+11 3.577846302043959e+00 8.945142470958370e+01
1.437500000000000e+11 3.603210470984388e+00 8.945054316796141e+01
1.440800000000000e+11 3.628548888774747e+00 8.944965471935534e+01
1.444100000000000e+11 3.653861760202492e+00 8.944875867693445e+01
1.447400000000000e+11 3.679149271888111e+00 8.944785546021978e+01
1.450700000000000e+11 3.704411641102700e+00 8.944694649919057e+01
1.454000000000000e+11 3.729649152124097e+00 8.944603366699195e+01
1.457300000000000e+11 3.754862162605391e+00 8.944511848373109e+01
1.460600000000000e+11 3.780051075378836e+00 8.944420144807044e+01
1.463900000000000e+11 3.805216286843502e+00 8.944328180874216e+01
1.467200000000000e+11 3.830358134491094e+00 8.944235789941125e+01
1.470500000000000e+11 3.855476867762072e+00 8.944142790811580e+01
1.473800000000000e+11 3.880572657045234e+00 8.944049074905267e+01
1.477100000000000e+11 3.905645638968224e+00 8.943954664388956e+01
1.480400000000000e+11 3.930695979417693e+00 8.943859713488304e+01
1.483700000000000e+11 3.955723926594243e+00 8.943764449740134e+01
1.487000000000000e+11 3.980729829398488e+00 8.943669078907109e+01
1.490300000000000e+11 4.005714110806155e+00 8.943573694605035e+01
1.493600000000000e+11 4.030677205676948e+00 8.943478233231339e+01
1.496900000000000e+11 4.055619488945677e+00 8.943382496104800e+01
1.500200000000000e+11 4.080541225744227e+00 8.943286231576099e+01
1.503500000000000e+11 4.105442566658600e+00 8.943189242958226e+01
1.506800000000000e+11 4.130323592169050e+00 8.943091475585855e+01
1.510100000000000e+11 4.155184388521934e+00 8.942993044209696e+01
1.513400000000000e+11 4.180025122565386e+00 8.942894187349162e+01
1.516700000000000e+11 4.204846082378377e+00 8.942795167299607e+01
1.520000000000000e+11 4.229647664724279e+00 8.942696159023144e+01
1.523300000000000e+11 4.254430313618603e+00 8.942597176940207e+01
1.526600000000000e+11 4.279194436434794e+00 8.942498072579428e+01
1.529900000000000e+11 4.303940334882063e+00 8.942398604809046e+01
1.533200000000000e+11 4.328668182483543e+00 8.942298551681147e+01
1.536500000000000e+11 4.353378059844781e+00 8.942197813543210e+01
1.539800000000000e+11 4.378070032774150e+00 8.942096460174650e+01
1.543100000000000e+11 4.402744238040424e+00 8.941994699487671e+01
1.546400000000000e+11 4.427400936815646e+00 8.941892781076191e+01
1.549700000000000e+11 4.452040509520063e+00 8.941790878511418e+01
1.553000000000000e+11 4.476663392330114e+00 8.941689005482564e+01
1.556300000000000e+11 4.501269983260995e+00 8.941587006795385e+01
1.559600000000000e+11 4.525860561626634e+00 8.941484631437891e+01
1.562900000000000e+11 4.550435260727996e+00 8.941381656312903e+01
1.566200000000000e+11 4.574994110570400e+00 8.941278003598529e+01
1.569500000000000e+11 4.599537134956766e+00 8.941173794613435e+01
1.572800000000000e+11 4.624064460118653e+00 8.941069309866332e+01
1.576100000000000e+11 4.648576383261144e+00 8.940964867590225e+01
1.579400000000000e+11 4.673073364380227e+00 8.940860672510030e+01
1.582700000000000e+11 4.697555938110296e+00 8.940756704309285e+01
1.586000000000000e+11 4.722024579856342e+00 8.940652701700590e+01
1.589300000000000e+11 4.746479584859586e+00 8.940548257522759e+01
1.592600000000000e+11 4.770921017805010e+00 8.940442989918533e+01
1.595900000000000e+11 4.795348762693865e+00 8.940336716995856e+01
1.599200000000000e+11 4.819762658879046e+00 8.940229555566201e+01
1.602500000000000e+11 4.844162668445318e+00 8.940121893666091e+01
1.605800000000000e+11 4.868549001485147e+00 8.940014240547106e+01
1.609100000000000e+11 4.892922139455720e+00 8.939907013580914e+01
1.612400000000000e+11 4.917282738781839e+00 8.939800353777026e+01
1.615700000000000e+11 4.941631450005416e+00 8.939694054248648e+01
1.619000000000000e+11 4.965968728564716e+00 8.939587639950122e+01
1.622300000000000e+11 4.990294722210687e+00 8.939480570933604e+01
1.625600000000000e+11 5.014609290857508e+00 8.939372484038377e+01
1.628900000000000e+11 5.038912158028537e+00 8.939263365861461e+01
1.632200000000000e+11 5.063203132995592e+00 8.939153575132757e+01
1.635500000000000e+11 5.087482306442210e+00 8.939043696508269e+01
1.638800000000000e+11 5.111750128236923e+00 8.938934283512516e+01
1.642100000000000e+11 5.136007323944113e+00 8.938825602150347e+01
1.645400000000000e+11 5.160254677943734e+00 8.938717492772615e+01
1.648700000000000e+11 5.184492774415660e+00 8.938609420494747e+01
1.652000000000000e+11 5.208721813291590e+00 8.938500702163634e+01
1.655300000000000e+11 5.232941592005128e+00 8.938390815985818e+01
1.658600000000000e+11 5.257151673751216e+00 8.938279655939616e+01
1.661900000000000e+11 5.281351678035632e+00 8.938167609572938e+01
1.665200000000000e+11 5.305541567584433e+00 8.938055411160182e+01
1.668500000000000e+11 5.329721797452737e+00 8.937943822635243e+01
1.671800000000000e+11 5.353893245424048e+00 8.937833278011502e+01
1.675100000000000e+11 5.378056937856976e+00 8.937723653716269e+01
1.678400000000000e+11 5.402213681498067e+00 8.937614281091230e+01
1.681700000000000e+11 5.426363765033962e+00 8.937504214125222e+01
1.685000000000000e+11 5.450506876050685e+00 8.937392648427587e+01
1.688300000000000e+11 5.474642291840715e+00 8.937279309227790e+01
1.691600000000000e+11 5.498769280408546e+00 8.937164625742237e+01
1.694900000000000e+11 5.522887544370679e+00 8.937049592945483e+01
1.698200000000000e+11 5.546997504781464e+00 8.936935357982405e+01
1.701500000000000e+11 5.571100276967536e+00 8.936822698949121e+01
1.704800000000000e+11 5.595197319280991e+00 8.936711628181945e+01
1.708100000000000e+11 5.619289885834656e+00 8.936601315332646e+01
1.711400000000000e+11 5.643378518530634e+00 8.936490395473453e+01
1.714700000000000e+11 5.667462819464128e+00 8.936377555630429e+01
1.718000000000000e+11 5.691541639582677e+00 8.936262154471891e+01
1.721300000000000e+11 5.715613640511755e+00 8.936144590953309e+01
1.724600000000000e+11 5.739678008516074e+00 8.936026225731963e+01
1.727900000000000e+11 5.763735004671920e+00 8.935908845973782e+01
1.731200000000000e+11 5.787786076038957e+00 8.935793873978400e+01
1.734500000000000e+11 5.811833424995400e+00 8.935681659226225e+01
1.737800000000000e+11 5.835879173345807e+00 8.935571191270695e+01
1.741100000000000e+11 5.859924461987694e+00 8.935460413709154e+01
1.744400000000000e+11 5.883968898136691e+00 8.935347062546613e+01
1.747700000000000e+11 5.908010652145891e+00 8.935229701856302e+01
1.751000000000000e+11 5.932047243413812e+00 8.935108500390878e+01
1.754300000000000e+11 5.956076741068982e+00 8.934985357129958e+01
1.757600000000000e+11 5.980098876862965e+00 8.934863234839749e+01
1.760900000000000e+11 6.004115539954394e+00 8.934744906875048e+01
1.764200000000000e+11 6.028130334798061e+00 8.934631618616099e+01
1.767500000000000e+11 6.052147270013692e+00 8.934522271263455e+01
1.770800000000000e+11 6.076169056653346e+00 8.934413580289468e+01
1.774100000000000e+11 6.100195746736262e+00 8.934301279441917e+01
1.777400000000000e+11 6.124224401254674e+00 8.934181974361383e+01
1.780700000000000e+11 6.148250116937676e+00 8.934054893987221e+01
1.784000000000000e+11 6.172268176035335e+00 8.933922716375366e+01
1.787300000000000e+11 6.196276532791015e+00 8.933790930546036e+01
1.790600000000000e+11 6.220277559346937e+00 8.933665764550020e+01
1.793900000000000e+11 6.244278111302600e+00 8.933551356700301e+01
1.797200000000000e+11 6.268287548475274e+00 8.933447304551353e+01
1.800500000000000e+11 6.292314184093015e+00 8.933347770307272e+01
1.803800000000000e+11 6.316361424262332e+00 8.933242869424180e+01
1.807100000000000e+11 6.340425263412852e+00 8.933122232261695e+01
1.810400000000000e+11 6.364494595826654e+00 8.932979689149343e+01
1.813700000000000e+11 6.388554981052705e+00 8.932817346084485e+01
1.817000000000000e+11 6.412595304598361e+00 8.932647188528721e+01
1.820300000000000e+11 6.436615634674578e+00 8.932488875697000e+01
1.823600000000000e+11 6.460633963749415e+00 8.932363388874474e+01
1.826900000000000e+11 6.484689770069284e+00 8.932283196304350e+01
1.830200000000000e+11 6.508843421685483e+00 8.932239796136203e+01
1.833500000000000e+11 6.533171597451556e+00 8.932187526003482e+01
1.836800000000000e+11 6.557756518483885e+00 8.932015381076404e+01
1.840100000000000e+11 6.582641795977167e+00 8.931480594561407e+01
1.843400000000000e+11 6.607579618790603e+00 8.930080205089152e+01
1.846700000000000e+11 6.631029150657610e+00 8.927437138381522e+01
1.850000000000000e+11 6.651325769409403e+00 8.926208996053992e+01
1.853300000000000e+11 6.672923859789466e+00 8.927987576201141e+01
1.856600000000000e+11 6.696851473771798e+00 8.929570906105893e+01
1.859900000000000e+11 6.721381020623721e+00 8.930335912475076e+01
1.863200000000000e+11 6.745901946252211e+00 8.930634349179584e+01
1.866500000000000e+11 6.770306979084666e+00 8.930712603654294e+01
1.869800000000000e+11 6.794611220484822e+00 8.930694356987365e+01
1.873100000000000e+11 6.818852093545892e+00 8.930634298777456e+01
1.876400000000000e+11 6.843060229588605e+00 8.930549987520509e+01
1.879700000000000e+11 6.867250145685710e+00 8.930441937045853e+01
1.883000000000000e+11 6.891420484021774e+00 8.930307854475505e+01
1.886300000000000e+11 6.915560685377093e+00 8.930151676286563e+01
1.889600000000000e+11 6.939660952885021e+00 8.929986653390760e+01
1.892900000000000e+11 6.963721618006871e+00 8.929832519014171e+01
1.896200000000000e+11 6.987758252244009e+00 8.929708327839666e+01
1.899500000000000e+11 7.011800324824921e+00 8.929623845313984e+01
1.902800000000000e+11 7.035883389945814e+00 8.929572709215076e+01
1.906100000000000e+11 7.060036734479857e+00 8.929529741873603e+01
1.909400000000000e+11 7.084268789421024e+00 8.929453082806174e+01
1.912700000000000e+11 7.108549159912979e+00 8.929290854879102e+01
1.916000000000000e+11 7.132775720084807e+00 8.929000704598040e+01
1.919300000000000e+11 7.156737242776939e+00 8.928648195855513e+01
1.922600000000000e+11 7.180452843390829e+00 8.928595536246004e+01
1.925900000000000e+11 7.204596796348492e+00 8.928792773524597e+01
1.929200000000000e+11 7.229013889861457e+00 8.928747861240933e+01
1.932500000000000e+11 7.253329676605035e+00 8.928535329241227e+01
1.935800000000000e+11 7.277514502661092e+00 8.928300939721011e+01
1.939100000000000e+11 7.301626499008596e+00 8.928105285598434e+01
1.942400000000000e+11 7.325723723598974e+00 8.927961008475606e+01
1.945700000000000e+11 7.349847384324597e+00 8.927856689345803e+01
1.949000000000000e+11 7.374017607800526e+00 8.927770605741337e+01
1.952300000000000e+11 7.398234635832792e+00 8.927680966521993e+01
1.955600000000000e+11 7.422484576665659e+00 8.927573098280234e+01
1.958900000000000e+11 7.446747880400118e+00 8.927442711462129e+01
1.962200000000000e+11 7.471007773848614e+00 8.927295064515270e+01
1.965500000000000e+11 7.495256042166321e+00 8.927141018952778e+01
1.968800000000000e+11 7.519494667802319e+00 8.926991841256249e+01
1.972100000000000e+11 7.543733416781159e+00 8.926854778538569e+01
1.975400000000000e+11 7.567984867578345e+00 8.926730885439603e+01
1.978700000000000e+11 7.592259103342847e+00 8.926615568070041e+01
1.982000000000000e+11 7.616560127405114e+00 8.926501248707388e+01
1.985300000000000e+11 7.640885158036402e+00 8.926380837251284e+01
1.988600000000000e+11 7.665226720389221e+00 8.926250552839386e+01
1.991900000000000e+11 7.689576380223807e+00 8.926111065395506e+01
1.995200000000000e+11 7.713928448129251e+00 8.925966701936754e+01
1.998500000000000e+11 7.738282170302885e+00 8.925823253536683e+01
2.001800000000000e+11 7.762641674682356e+00 8.925685417613450e+01
2.005100000000000e+11 7.787013912801466e+00 8.925554949736870e+01
2.008400000000000e+11 7.811405624373189e+00 8.925430207124420e+01
2.011700000000000e+11 7.835820655815129e+00 8.925307137793831e+01
2.015000000000000e+11 7.860258704373336e+00 8.925181177046669e+01
2.018300000000000e+11 7.884715886807608e+00 8.925049191188043e+01
2.021600000000000e+11 7.909186750677367e+00 8.924910663868515e+01
2.024900000000000e+11 7.933666782686373e+00 8.924767699408997e+01
2.028200000000000e+11 7.958154336008972e+00 8.924623939617109e+01
2.031500000000000e+11 7.982651219993852e+00 8.924482931306441e+01
2.034800000000000e+11 8.007161806663438e+00 8.924346666469741e+01
2.038100000000000e+11 8.031691136524945e+00 8.924214889048356e+01
2.041400000000000e+11 8.056242889898927e+00 8.924085397442403e+01
2.044700000000000e+11 8.080818085989609e+00 8.923955138629803e+01
2.048000000000000e+11 8.105415007147858e+00 8.923821572973831e+01
2.051300000000000e+11 8.130030295641047e+00 8.923683712552101e+01
2.054600000000000e+11 8.154660676931764e+00 8.923542415829500e+01
2.057900000000000e+11 8.179304531193422e+00 8.923399865401767e+01
2.061200000000000e+11 8.203962646531528e+00 8.923258508140479e+01
2.064500000000000e+11 8.228637876571305e+00 8.923119948943270e+01
2.067800000000000e+11 8.253333911358746e+00 8.922984279167676e+01
2.071100000000000e+11 8.278053741707943e+00 8.922850105940050e+01
2.074400000000000e+11 8.302798500627855e+00 8.922715231874901e+01
2.077700000000000e+11 8.327567170107962e+00 8.922577656862921e+01
2.081000000000000e+11 8.352357245051412e+00 8.922436451091392e+01
2.084300000000000e+11 8.377166027627917e+00 8.922292125813208e+01
2.087600000000000e+11 8.401991965419466e+00 8.922146362632574e+01
2.090900000000000e+11 8.426835450561532e+00 8.922001245349226e+01
2.094200000000000e+11 8.451698752358633e+00 8.921858346894024e+01
2.097500000000000e+11 8.476585142806291e+00 8.921718071424647e+01
2.100800000000000e+11 8.501497621280350e+00 8.921579524870799e+01
2.104100000000000e+11 8.526437803312810e+00 8.921440948118514e+01
2.107400000000000e+11 8.551405447304713e+00 8.921300503179586e+01
2.110700000000000e+11 8.576398800485746e+00 8.921157059223249e+01
2.114000000000000e+11 8.601415584804174e+00 8.921010639934967e+01
2.117300000000000e+11 8.626454172886147e+00 8.920862353691224e+01
2.120600000000000e+11 8.651514437720628e+00 8.920713858752032e+01
2.123900000000000e+11 8.676597919351833e+00 8.920566614714441e+01
2.127200000000000e+11 8.701707261045836e+00 8.920421254003035e+01
2.130500000000000e+11 8.726845187130653e+00 8.920277341844958e+01
2.133800000000000e+11 8.752013485666184e+00 8.920133613756795e+01
2.137100000000000e+11 8.777212442096873e+00 8.919988568046207e+01
2.140400000000000e+11 8.802440958668495e+00 8.919841140251673e+01
2.143700000000000e+11 8.827697286487870e+00 8.919691160230963e+01
2.147000000000000e+11 8.852980029870915e+00 8.919539398034460e+01
2.150300000000000e+11 8.878288971913161e+00 8.919387191513890e+01
2.153600000000000e+11 8.903625360520456e+00 8.919235832663033e+01
2.156900000000000e+11 8.928991540927125e+00 8.919085990544465e+01
2.160200000000000e+11 8.954390111910250e+00 8.918937424582010e+01
2.163500000000000e+11 8.979822989462013e+00 8.918789107071507e+01
2.166800000000000e+11 9.005290794531774e+00 8.918639690199846e+01
2.170100000000000e+11 9.030792829721657e+00 8.918488102553347e+01
2.173400000000000e+11 9.056327644010125e+00 8.918334008267664e+01
2.176700000000000e+11 9.081893924070355e+00 8.918177929045795e+01
2.180000000000000e+11 9.107491310473261e+00 8.918020982969209e+01
2.183300000000000e+11 9.133120777047022e+00 8.917864364708153e+01
2.186600000000000e+11 9.158784411457471e+00 8.917708803753527e+01
2.189900000000000e+11 9.184484703917933e+00 8.917554242364658e+01
2.193200000000000e+11 9.210223668782547e+00 8.917399872830207e+01
2.196500000000000e+11 9.236002194655583e+00 8.917244511425261e+01
2.199800000000000e+11 9.261819912753861e+00 8.917087136871559e+01
2.203100000000000e+11 9.287675639350244e+00 8.916927350170381e+01
2.206400000000000e+11 9.313568191179163e+00 8.916765550652177e+01
2.209700000000000e+11 9.339497206964701e+00 8.916602751720652e+01
2.213000000000000e+11 9.365463606759679e+00 8.916440120995458e+01
2.216300000000000e+11 9.391469483317014e+00 8.916278451610266e+01
2.219600000000000e+11 9.417517473321901e+00 8.916117800653291e+01
2.222900000000000e+11 9.443609888064818e+00 8.915957455072008e+01
2.226200000000000e+11 9.469747990247779e+00 8.915796239192005e+01
2.229500000000000e+11 9.495931738920847e+00 8.915633026532322e+01
2.232800000000000e+11 9.522160117051701e+00 8.915467228813014e+01
2.236100000000000e+11 9.548431898073595e+00 8.915299046171006e+01
2.239400000000000e+11 9.574746513250346e+00 8.915129369035930e+01
2.242700000000000e+11 9.601104636847689e+00 8.914959376299568e+01
2.246000000000000e+11 9.627508230623461e+00 8.914790008049475e+01
2.249300000000000e+11 9.653960027887758e+00 8.914621545445604e+01
2.252600000000000e+11 9.680462684751440e+00 8.914453481862451e+01
2.255900000000000e+11 9.707017972890839e+00 8.914284740185671e+01
2.259200000000000e+11 9.733626369507174e+00 8.914114138567319e+01
2.262500000000000e+11 9.760287224544474e+00 8.913940898352305e+01
2.265800000000000e+11 9.786999430361874e+00 8.913764970826622e+01
2.269100000000000e+11 9.813762297585431e+00 8.913587040836620e+01
2.272400000000000e+11 9.840576250616706e+00 8.913408208685357e+01
2.275700000000000e+11 9.867443037049112e+00 8.913229493431187e+01
2.279000000000000e+11 9.894365361151429e+00 8.913051378271892e+01
2.282300000000000e+11 9.921346106930867e+00 8.912873598248612e+01
2.285600000000000e+11 9.948387497871128e+00 8.912695261660987e+01
2.288900000000000e+11 9.975490567733985e+00 8.912515247997506e+01
2.292200000000000e+11 1.000265517765317e+01 8.912332702846824e+01
2.295500000000000e+11 1.002988057086782e+01 8.912147408277701e+01
2.298800000000000e+11 1.005716621619717e+01 8.911959863854169e+01
2.302100000000000e+11 1.008451256177477e+01 8.911771043308990e+01
2.305400000000000e+11 1.011192135977312e+01 8.911581936999887e+01
2.308700000000000e+11 1.013939541403643e+01 8.911393086019770e+01
2.312000000000000e+11 1.016693786102065e+01 8.911204317588640e+01
2.315300000000000e+11 1.019455130504113e+01 8.911014801429071e+01
2.318600000000000e+11 1.022223719701680e+01 8.910823403218686e+01
2.321900000000000e+11 1.024999574010561e+01 8.910629177897903e+01
2.325200000000000e+11 1.027782637173805e+01 8.910431782128583e+01
2.328500000000000e+11 1.030572861309775e+01 8.910231620153789e+01
2.331800000000000e+11 1.033370290955440e+01 8.910029655543855e+01
2.335100000000000e+11 1.036175108493869e+01 8.909826970468536e+01
2.338400000000000e+11 1.038987620107020e+01 8.909624267767308e+01
2.341700000000000e+11 1.041808187815662e+01 8.909421538208755e+01
2.345000000000000e+11 1.044637137442294e+01 8.909218043197937e+01
2.348300000000000e+11 1.047474683556368e+01 8.909012623276732e+01
2.351600000000000e+11 1.050320905429566e+01 8.908804197016963e+01
2.354900000000000e+11 1.053175785632499e+01 8.908592228397653e+01
2.358200000000000e+11 1.056039294951795e+01 8.908376952687894e+01
2.361500000000000e+11 1.058911486238423e+01 8.908159256867228e+01
2.364800000000000e+11 1.061792555167100e+01 8.907940264301382e+01
2.368100000000000e+11 1.064682840043508e+01 8.907720806567851e+01
2.371400000000000e+11 1.067582759713196e+01 8.907501018195046e+01
2.374700000000000e+11 1.070492716456983e+01 8.907280238017063e+01
2.378000000000000e+11 1.073413007034086e+01 8.907057265799554e+01
2.381300000000000e+11 1.076343782236478e+01 8.906830864063780e+01
2.384600000000000e+11 1.079285074329342e+01 8.906600283306749e+01
2.387900000000000e+11 1.082236881620536e+01 8.906365574747504e+01
2.391200000000000e+11 1.085199273450590e+01 8.906127546120696e+01
2.394500000000000e+11 1.088172468853923e+01 8.905887373686221e+01
2.397800000000000e+11 1.091156852868066e+01 8.905646038118509e+01
2.401100000000000e+11 1.094152921620976e+01 8.905403834144640e+01
2.404400000000000e+11 1.097161179116117e+01 8.905160175699611e+01
2.407700000000000e+11 1.100182030922742e+01 8.904913790543895e+01
2.411000000000000e+11 1.103215722558014e+01 8.904663226021249e+01
2.414300000000000e+11 1.106262351590961e+01 8.904407447001586e+01
2.417600000000000e+11 1.109321950278553e+01 8.904146261407118e+01
2.420900000000000e+11 1.112394603943533e+01 8.903880380204896e+01
2.424200000000000e+11 1.115480553463753e+01 8.903611077724432e+01
2.427500000000000e+11 1.118580236058429e+01 8.903339595411937e+01
2.430800000000000e+11 1.121694244988598e+01 8.903066548996858e+01
2.434100000000000e+11 1.124823224529967e+01 8.902791602271780e+01
2.437400000000000e+11 1.127967745876324e+01 8.902513556664803e+01
2.440700000000000e+11 1.131128219229789e+01 8.902230823121849e+01
2.444000000000000e+11 1.134304882446455e+01 8.901942071672181e+01
2.447300000000000e+11 1.137497873281622e+01 8.901646771029981e+01
2.450600000000000e+11 1.140707354967668e+01 8.901345374504353e+01
2.453900000000000e+11 1.143933640175284e+01 8.901039062293040e+01
2.457200000000000e+11 1.147177257758214e+01 8.900729147413449e+01
2.460500000000000e+11 1.150438931005325e+01 8.900416405750538e+01
2.463800000000000e+11 1.153719475186541e+01 8.900100630383365e+01
2.467100000000000e+11 1.157019658838286e+01 8.899780616154570e+01
2.470400000000000e+11 1.160340090932657e+01 8.899454591521929e+01
2.473700000000000e+11 1.163681186288543e+01 8.899120913590335e+01
2.477000000000000e+11 1.167043227879119e+01 8.898778718867531e+01
2.480300000000000e+11 1.170426501499551e+01 8.898428234098978e+01
2.483600000000000e+11 1.173831444732321e+01 8.898070596771115e+01
2.486900000000000e+11 1.177258743718600e+01 8.897707251862720e+01
2.490200000000000e+11 1.180709332564298e+01 8.897339184603904e+01
2.493500000000000e+11 1.184184292694443e+01 8.896966330794216e+01
2.496800000000000e+11 1.187684694698984e+01 8.896587436579284e+01
2.500100000000000e+11 1.191211452881940e+01 8.896200445278015e+01
2.503400000000000e+11 1.194765259708528e+01 8.895803253495318e+01
2.506700000000000e+11 1.198346633860807e+01 8.895394506942482e+01
2.510000000000000e+11 1.201956065606753e+01 8.894974077449899e+01
2.513300000000000e+11 1.205594198580313e+01 8.894542994276212e+01
2.516600000000000e+11 1.209261968199591e+01 8.894102841104053e+01
2.519900000000000e+11 1.212960633366148e+01 8.893654871435096e+01
2.523200000000000e+11 1.216691683813618e+01 8.893199230930847e+01
2.526500000000000e+11 1.220456661069605e+01 8.892734640763778e+01
2.529800000000000e+11 1.224256971770756e+01 8.892258700753804e+01
2.533100000000000e+11 1.228093778992313e+01 8.891768697141605e+01
2.536400000000000e+11 1.231968025755604e+01 8.891262567786674e+01
2.539700000000000e+11 1.235880587521286e+01 8.890739593456235e+01
2.543000000000000e+11 1.239832492036729e+01 8.890200491162341e+01
2.546300000000000e+11 1.243825111750825e+01 8.889646843176713e+01
2.549600000000000e+11 1.247860242287855e+01 8.889080093041596e+01
2.552900000000000e+11 1.251940028355196e+01 8.888500544834277e+01
2.556200000000000e+11 1.256066766123216e+01 8.887906817842050e+01
2.559500000000000e+11 1.260242668841456e+01 8.887296020729460e+01
2.562800000000000e+11 1.264469703595765e+01 8.886664593733198e+01
2.566100000000000e+11 1.268749580277170e+01 8.886009461699616e+01
2.569400000000000e+11 1.273083908788214e+01 8.885328983693576e+01
2.572700000000000e+11 1.277474464828468e+01 8.884623254261265e+01
2.576000000000000e+11 1.281923452118244e+01 8.883893586179140e+01
2.579300000000000e+11 1.286433644780816e+01 8.883141369675721e+01
2.582600000000000e+11 1.291008342381258e+01 8.882366797207281e+01
2.585900000000000e+11 1.295651152592171e+01 8.881568028715191e+01
2.589200000000000e+11 1.300365696969030e+01 8.880741200271552e+01
2.592500000000000e+11 1.305155377030950e+01 8.879881313957540e+01
2.595800000000000e+11 1.310023319371430e+01 8.878983644547365e+01
2.599100000000000e+11 1.314972544559615e+01 8.878045040198312e+01
2.602400000000000e+11 1.320006305366887e+01 8.877064505678045e+01
2.605700000000000e+11 1.325128459042568e+01 8.876042748172297e+01
2.609000000000000e+11 1.330343714158137e+01 8.874980821183576e+01
2.612300000000000e+11 1.335657639928350e+01 8.873878423711200e+01
2.615600000000000e+11 1.341076428281959e+01 8.872732605289059e+01
2.618900000000000e+11 1.346606513423148e+01 8.871537489729528e+01
2.622200000000000e+11 1.352254228738595e+01 8.870285202829550e+01
2.625500000000000e+11 1.358025679392458e+01 8.868967647597374e+01
2.628800000000000e+11 1.363926925679060e+01 8.867578354103773e+01
2.632100000000000e+11 1.369964438876515e+01 8.866113538604309e+01
2.635400000000000e+11 1.376145664964881e+01 8.864571803500024e+01
2.638700000000000e+11 1.382479470591772e+01 8.862952488979417e+01
2.642000000000000e+11 1.388976283581145e+01 8.861253305394422e+01
2.645300000000000e+11 1.395647868303933e+01 8.859468253042094e+01
2.648600000000000e+11 1.402506843717331e+01 8.857586781550468e+01
2.651900000000000e+11 1.409566185770939e+01 8.855594644644756e+01
2.655200000000000e+11 1.416838991946338e+01 8.853476158085525e+01
2.658500000000000e+11 1.424338698436659e+01 8.851216889319797e+01
2.661800000000000e+11 1.432079758108229e+01 8.848805512768323e+01
2.665100000000000e+11 1.440078584126894e+01 8.846233823043157e+01
2.668400000000000e+11 1.448354431100692e+01 8.843494641675714e+01
2.671700000000000e+11 1.456929891321073e+01 8.840578286275995e+01
2.675000000000000e+11 1.465830840763959e+01 8.837468985471871e+01
2.678300000000000e+11 1.475085923022097e+01 8.834142769889144e+01
2.681600000000000e+11 1.484725904653186e+01 8.830567824082623e+01
2.684900000000000e+11 1.494783360249525e+01 8.826707223695738e+01
2.688200000000000e+11 1.505293079701215e+01 8.822522834663762e+01
2.691500000000000e+11 1.516293341778504e+01 8.817978429430929e+01
2.694800000000000e+11 1.527827859163619e+01 8.813040153874994e+01
2.698100000000000e+11 1.539947915136483e+01 8.807673412038932e+01
2.701400000000000e+11 1.552714120900977e+01 8.801836696527909e+01
2.704700000000000e+11 1.566197396555825e+01 8.795474274201007e+01
2.708000000000000e+11 1.580479180501752e+01 8.788510293027365e+01
2.711300000000000e+11 1.595651357735843e+01 8.780846404447500e+01
2.714600000000000e+11 1.611816767009591e+01 8.772363447150973e+01
2.717900000000000e+11 1.629091225567231e+01 8.762925649332706e+01
2.721200000000000e+11 1.647607729695380e+01 8.752384022469120e+01
2.724500000000000e+11 1.667522933810099e+01 8.740574961089720e+01
2.727800000000000e+11 1.689025406313963e+01 8.727310958732491e+01
2.731100000000000e+11 1.712344803695786e+01 8.712362585994330e+01
2.734400000000000e+11 1.737761251701420e+01 8.695433580738371e+01
2.737700000000000e+11 1.765614980073992e+01 8.676132805373112e+01
2.741000000000000e+11 1.796317521953171e+01 8.653946727797472e+01
2.744300000000000e+11 1.830367274172521e+01 8.628213321830087e+01
2.747600000000000e+11 1.868373566113025e+01 8.598093032715298e+01
2.750900000000000e+11 1.911094350322009e+01 8.562525651576607e+01
2.754200000000000e+11 1.959493231017550e+01 8.520154818228683e+01
2.757500000000000e+11 2.014822212283293e+01 8.469195116810891e+01
2.760800000000000e+11 2.078738141747917e+01 8.407209416186232e+01
2.764100000000000e+11 2.153464544576354e+01 8.330752383980224e+01
2.767400000000000e+11 2.242017496938325e+01 8.234811432393687e+01
2.770700000000000e+11 2.348524054368364e+01 8.111922457199078e+01
2.774000000000000e+11 2.478667992649347e+01 7.950724251550595e+01
2.777300000000000e+11 2.640269311917544e+01 7.733485432957684e+01
2.780600000000000e+11 2.843814656480330e+01 7.431692598007245e+01
2.783900000000000e+11 3.101904486550686e+01 6.998042800985260e+01
2.787200000000000e+11 3.423171679497757e+01 6.352728285211826e+01
2.790500000000000e+11 3.784553246150445e+01 5.367393850873010e+01
2.793800000000000e+11 4.046730798217958e+01 3.890007842036050e+01
2.797100000000000e+11 3.884136588310473e+01 1.954457231017402e+01
2.800400000000000e+11 3.164526862996023e+01 6.363756145453309e-01
2.803700000000000e+11 2.287003869334541e+01 -1.234412134053087e+01
2.807000000000000e+11 1.576741753594029e+01 -1.832145333482584e+01
2.810300000000000e+11 1.076229802658908e+01 -1.794241515780204e+01
2.813600000000000e+11 7.429700379122641e+00 -1.109482690406125e+01
2.816900000000000e+11 5.412966419899806e+00 2.941246405892284e+00
2.820200000000000e+11 4.499698074756751e+00 2.260424747283292e+01
2.823500000000000e+11 4.416159364733407e+00 4.182717244816923e+01
2.826800000000000e+11 4.782153828866652e+00 5.599182166193803e+01
2.830100000000000e+11 5.312151642274486e+00 6.527487169765764e+01
2.833400000000000e+11 5.869001547550582e+00 7.131196125654326e+01
2.836700000000000e+11 6.400114486802677e+00 7.535988924190040e+01
2.840000000000000e+11 6.888810212293963e+00 7.817726380722769e+01
2.843300000000000e+11 7.332404994860960e+00 8.020745217959090e+01
2.846600000000000e+11 7.733411941690751e+00 8.171547874427192e+01
2.849900000000000e+11 8.096052212129763e+00 8.286543885997503e+01
2.853200000000000e+11 8.424859815235768e+00 8.376248478680672e+01
2.856500000000000e+11 8.724121814466834e+00 8.447601973094312e+01
2.859800000000000e+11 8.997663310570355e+00 8.505302598867239e+01
2.863100000000000e+11 9.248786304668494e+00 8.552607888413915e+01
2.866400000000000e+11 9.480286651283798e+00 8.591835752716017e+01
2.869700000000000e+11 9.694514038596814e+00 8.624684551625909e+01
2.873000000000000e+11 9.893452109609315e+00 8.652436909354734e+01
2.876300000000000e+11 1.007879973371687e+01 8.676086251507350e+01
2.879600000000000e+11 1.025203859615144e+01 8.696412940263406e+01
2.882900000000000e+11 1.041447893853462e+01 8.714030282649762e+01
2.886200000000000e+11 1.056728326011690e+01 8.729415478623042e+01
2.889500000000000e+11 1.071147454805201e+01 8.742935280690497e+01
2.892800000000000e+11 1.084793896578563e+01 8.754870892262107e+01
2.896100000000000e+11 1.097743210965997e+01 8.765442307299611e+01
2.899400000000000e+11 1.110059381137676e+01 8.774829738406630e+01
2.902700000000000e+11 1.121797105006110e+01 8.783189321561905e+01
2.906000000000000e+11 1.133004413583043e+01 8.790661562133245e+01
2.909300000000000e+11 1.143724957408799e+01 8.797373105686192e+01
2.912600000000000e+11 1.153999432171889e+01 8.803434320873940e+01
2.915900000000000e+11 1.163865963612574e+01 8.808936055433128e+01
2.919200000000000e+11 1.173359672486963e+01 8.813948478315287e+01
2.922500000000000e+11 1.182511920529895e+01 8.818523435398176e+01
2.925800000000000e+11 1.191349791446292e+01 8.822699905913794e+01
2.929100000000000e+11 1.199896183826876e+01 8.826510716871913e+01
2.932400000000000e+11 1.208170577893141e+01 8.829988183259046e+01
2.935700000000000e+11 1.216190226908062e+01 8.833166894231923e+01
2.939000000000000e+11 1.223971345827697e+01 8.836083129801008e+01
2.942300000000000e+11 1.231529888160004e+01 8.838771777953365e+01
2.945600000000000e+11 1.238881694189552e+01 8.841262540230092e+01
2.948900000000000e+11 1.246042065810851e+01 8.843577318829996e+01
2.952200000000000e+11 1.253025054399956e+01 8.845729990178728e+01
2.955500000000000e+11 1.259842843266317e+01 8.847728636742079e+01
2.958800000000000e+11 1.266505533922184e+01 8.849579237586802e+01
2.962100000000000e+11 1.273021447057195e+01 8.851289252225712e+01
2.965400000000000e+11 1.279397816657590e+01 8.852869671903069e+01
2.968700000000000e+11 1.285641589863151e+01 8.854334848609048e+01
2.972000000000000e+11 1.291760012449511e+01 8.855700393002031e+01
2.975300000000000e+11 1.297760786504297e+01 8.856980226905803e+01
2.978600000000000e+11 1.303651779564223e+01 8.858184159542212e+01
2.981900000000000e+11 1.309440456076142e+01 8.859317040919822e+01
2.985200000000000e+11 1.315133310548030e+01 8.860379801453972e+01
2.988500000000000e+11 1.320735564951709e+01 8.861371855787021e+01
2.991800000000000e+11 1.326251264319239e+01 8.862293789430711e+01
2.995100000000000e+11 1.331683724645415e+01 8.863149181954108e+01
2.998400000000000e+11 1.337036135757655e+01 8.863944850214973e+01
3.001700000000000e+11 1.342312062486170e+01 8.864689509331038e+01
3.005000000000000e+11 1.347515641643908e+01 8.865391527386431e+01
3.008300000000000e+11 1.352651411715002e+01 8.866056803735965e+01
3.011600000000000e+11 1.357723873012579e+01 8.866687694811286e+01
3.014900000000000e+11 1.362736988084924e+01 8.867283413468508e+01
3.018200000000000e+11 1.367693848938512e+01 8.867841670571788e+01
3.021500000000000e+11 1.372596655738276e+01 8.868360800520746e+01
3.024800000000000e+11 1.377447010261163e+01 8.868841436459925e+01
3.028100000000000e+11 1.382246389909447e+01 8.869287036110735e+01
3.031400000000000e+11 1.386996593915145e+01 8.869703086391058e+01
3.034700000000000e+11 1.391699972407828e+01 8.870095394468906e+01
3.038000000000000e+11 1.396359349817902e+01 8.870468252208607e+01
3.041300000000000e+11 1.400977690126945e+01 8.870823284113327e+01
3.044600000000000e+11 1.405557662448665e+01 8.871159459684968e+01
3.047900000000000e+11 1.410101303819273e+01 8.871474225517574e+01
3.051200000000000e+11 1.414609927384778e+01 8.871765225485876e+01
3.054500000000000e+11 1.419084312173309e+01 8.872031838997317e+01
3.057800000000000e+11 1.423525085961279e+01 8.872275872420806e+01
3.061100000000000e+11 1.427933130139349e+01 8.872501130348934e+01
3.064400000000000e+11 1.432309829952137e+01 8.872712091728478e+01
3.067700000000000e+11 1.436657065530602e+01 8.872912300760282e+01
3.071000000000000e+11 1.440976955379286e+01 8.873103189502136e+01
3.074300000000000e+11 1.445271472503895e+01 8.873283839663362e+01
3.077600000000000e+11 1.449542106788083e+01 8.873451765372124e+01
3.080900000000000e+11 1.453789723292100e+01 8.873604348395278e+01
3.084200000000000e+11 1.458014676898403e+01 8.873740279752160e+01
3.087500000000000e+11 1.462217129555081e+01 8.873860373947564e+01
3.090800000000000e+11 1.466397427825892e+01 8.873967411940964e+01
3.094100000000000e+11 1.470556373997843e+01 8.874065103330257e+01
3.097400000000000e+11 1.474695273358020e+01 8.874156643744762e+01
3.100700000000000e+11 1.478815740626672e+01 8.874243512236757e+01
3.104000000000000e+11 1.482919355049749e+01 8.874325035844490e+01
3.107300000000000e+11 1.487007319364752e+01 8.874398901436351e+01
3.110600000000000e+11 1.491080274349379e+01 8.874462374768854e+01
3.113900000000000e+11 1.495138350301858e+01 8.874513678982798e+01
3.117200000000000e+11 1.499181431286136e+01 8.874552922744456e+01
3.120500000000000e+11 1.503209514128135e+01 8.874582175358533e+01
3.123800000000000e+11 1.507223003215577e+01 8.874604667533325e+01
3.127100000000000e+11 1.511222811737355e+01 8.874623482061675e+01
3.130400000000000e+11 1.515210226508103e+01 8.874640318910686e+01
3.133700000000000e+11 1.519186598376416e+01 8.874654879254970e+01
3.137000000000000e+11 1.523152996987784e+01 8.874665133466868e+01
3.140300000000000e+11 1.527109983604579e+01 8.874668344710886e+01
3.143600000000000e+11 1.531057602482001e+01 8.874662387110955e+01
3.146900000000000e+11 1.534995593782244e+01 8.874646771667491e+01
3.150200000000000e+11 1.538923732506357e+01 8.874622928025433e+01
3.153500000000000e+11 1.542842142107794e+01 8.874593624272606e+01
3.156800000000000e+11 1.546751443052687e+01 8.874561791070577e+01
3.160100000000000e+11 1.550652670457896e+01 8.874529280130112e+01
3.163400000000000e+11 1.554546998268582e+01 8.874496113842272e+01
3.166700000000000e+11 1.558435394268343e+01 8.874460561510789e+01
3.170000000000000e+11 1.562318361756863e+01 8.874420006856586e+01
3.173300000000000e+11 1.566195885617549e+01 8.874372216298194e+01
3.176600000000000e+11 1.570067609291757e+01 8.874316436243942e+01
3.179900000000000e+11 1.573933165229740e+01 8.874253821700736e+01
3.183200000000000e+11 1.577792511102312e+01 8.874186996115975e+01
3.186500000000000e+11 1.581646119322788e+01 8.874118932040258e+01
3.189800000000000e+11 1.585494931245109e+01 8.874051650489959e+01
3.193100000000000e+11 1.589340092170264e+01 8.873985325113233e+01
3.196400000000000e+11 1.593182582666255e+01 8.873918203439234e+01
3.199700000000000e+11 1.597022910989793e+01 8.873847396015515e+01
3.203000000000000e+11 1.600861007498884e+01 8.873770194211771e+01
3.206300000000000e+11 1.604696374078201e+01 8.873685333061228e+01
3.209600000000000e+11 1.608528427798206e+01 8.873593628689632e+01
3.212900000000000e+11 1.612356888789666e+01 8.873497689528021e+01
3.216200000000000e+11 1.616182038342485e+01 8.873400810910803e+01
3.219500000000000e+11 1.620004727016685e+01 8.873305532864123e+01
3.222800000000000e+11 1.623826122040359e+01 8.873212504013476e+01
3.226100000000000e+11 1.627647300806634e+01 8.873120172473055e+01
3.229400000000000e+11 1.631468870200969e+01 8.873025464929239e+01
3.232700000000000e+11 1.635290785541494e+01 8.872925173112668e+01
3.236000000000000e+11 1.639112458184538e+01 8.872817438883710e+01
3.239300000000000e+11 1.642933112844826e+01 8.872702666232597e+01
3.242600000000000e+11 1.646752240658404e+01 8.872583427289169e+01
3.245900000000000e+11 1.650569944496292e+01 8.872463372220433e+01
3.249200000000000e+11 1.654387014072352e+01 8.872345606803989e+01
3.252500000000000e+11 1.658204685167456e+01 8.872231261610662e+01
3.255800000000000e+11 1.662024180097011e+01 8.872118917691790e+01
3.259100000000000e+11 1.665846231600639e+01 8.872005189016245e+01
3.262400000000000e+11 1.669670809917723e+01 8.871886243976334e+01
3.265700000000000e+11 1.673497190436736e+01 8.871759605802606e+01
3.269000000000000e+11 1.677324349276307e+01 8.871625410227357e+01
3.272300000000000e+11 1.681151521400717e+01 8.871486506513862e+01
3.275600000000000e+11 1.684978670373852e+01 8.871347289924405e+01
3.278900000000000e+11 1.688806644154720e+01 8.871211736311672e+01
3.282200000000000e+11 1.692636923006210e+01 8.871081509700193e+01
3.285500000000000e+11 1.696471050023464e+01 8.870955035393659e+01
3.288800000000000e+11 1.700309990248665e+01 8.870828038976481e+01
3.292100000000000e+11 1.704153716348091e+01 8.870695398295449e+01
3.295400000000000e+11 1.708001234969376e+01 8.870553525744833e+01
3.298700000000000e+11 1.711851076218179e+01 8.870402187863165e+01
3.302000000000000e+11 1.715702049967546e+01 8.870244849931535e+01
3.305300000000000e+11 1.719553927774389e+01 8.870087261914938e+01
3.308600000000000e+11 1.723407713840064e+01 8.869934821545678e+01
3.311900000000000e+11 1.727265335432123e+01 8.869789888888128e+01
3.315200000000000e+11 1.731128849296469e+01 8.869650360779914e+01
3.318500000000000e+11 1.734999508071297e+01 8.869510325749965e+01
3.321800000000000e+11 1.738877136929121e+01 8.869362678772798e+01
3.325100000000000e+11 1.742760166540724e+01 8.869202588872722e+01
3.328400000000000e+11 1.746646379169501e+01 8.869030162536230e+01
3.331700000000000e+11 1.750534070609912e+01 8.868850860725043e+01
3.335000000000000e+11 1.754423081588808e+01 8.868673198463826e+01
3.338300000000000e+11 1.758315149785769e+01 8.868504592148506e+01
3.341600000000000e+11 1.762213314654010e+01 8.868347286014269e+01
3.344900000000000e+11 1.766120567355988e+01 8.868196494211911e+01
3.348200000000000e+11 1.770038362285878e+01 8.868042006112265e+01
3.351500000000000e+11 1.773965764182697e+01 8.867872829806174e+01
3.354800000000000e+11 1.777899771158804e+01 8.867682770477188e+01
3.358100000000000e+11 1.781836796700381e+01 8.867474057064852e+01
3.361400000000000e+11 1.785774667104705e+01 8.867256789309633e+01
3.364700000000000e+11 1.789714123765806e+01 8.867043914472791e+01
3.368000000000000e+11 1.793658943202459e+01 8.866843777820398e+01
3.371300000000000e+11 1.797614393608301e+01 8.866653825566266e+01
3.374600000000000e+11 1.801584565642984e+01 8.866458886737254e+01
3.377900000000000e+11 1.805569741053585e+01 8.866235558786781e+01
3.381200000000000e+11 1.809565064076133e+01 8.865961420442473e+01
3.384500000000000e+11 1.813561281229202e+01 8.865625440912211e+01
3.387800000000000e+11 1.817547438640383e+01 8.865235193111288e+01
3.391100000000000e+11 1.821514579097913e+01 8.864817670741510e+01
3.394400000000000e+11 1.825459045656594e+01 8.864413080747285e+01
3.397700000000000e+11 1.829384150877770e+01 8.864063760064514e+01
3.401000000000000e+11 1.833299615918822e+01 8.863802169203052e+01
3.404300000000000e+11 1.837219024987749e+01 8.863642083801476e+01
3.407600000000000e+11 1.841156229573980e+01 8.863575715981148e+01
3.410900000000000e+11 1.845121924215535e+01 8.863577238270878e+01
3.414200000000000e+11 1.849121438914538e+01 8.863610994303721e+01
3.417500000000000e+11 1.853154274861642e+01 8.863641350611100e+01
3.420800000000000e+11 1.857215281572726e+01 8.863641028571173e+01
3.424100000000000e+11 1.861296870930048e+01 8.863595712808142e+01
3.427400000000000e+11 1.865391439339247e+01 8.863504259443540e+01
3.430700000000000e+11 1.869493251936871e+01 8.863375309841143e+01
3.434000000000000e+11 1.873599350539600e+01 8.863222066551783e+01
3.437300000000000e+11 1.877709436886653e+01 8.863057194264096e+01
3.440600000000000e+11 1.881825011316753e+01 8.862889346631823e+01
3.443900000000000e+11 1.885948218770587e+01 8.862721973250513e+01
3.447200000000000e+11 1.890080843814104e+01 8.862554184221837e+01
3.450500000000000e+11 1.894223744397944e+01 8.862382836609363e+01
3.453800000000000e+11 1.898376799762578e+01 8.862204805129961e+01
3.457100000000000e+11 1.902539255735071e+01 8.862018589014738e+01
3.460400000000000e+11 1.906710240661333e+01 8.861824841001778e+01
3.463700000000000e+11 1.910889217469746e+01 8.861625883479697e+01
3.467000000000000e+11 1.915076213153278e+01 8.861424627299463e+01
3.470300000000000e+11 1.919271782810227e+01 8.861223436618921e+01
3.473600000000000e+11 1.923476772708737e+01 8.861023389768576e+01
3.476900000000000e+11 1.927692009497844e+01 8.860824149072116e+01
3.480200000000000e+11 1.931918047010841e+01 8.860624384180647e+01
3.483500000000000e+11 1.936155057434583e+01 8.860422495687679e+01
3.486800000000000e+11 1.940402884877916e+01 8.860217316683054e+01
3.490100000000000e+11 1.944661215605546e+01 8.860008531502417e+01
3.493400000000000e+11 1.948929782689925e+01 8.859796698435193e+01
3.496700000000000e+11 1.953208522419798e+01 8.859582928777814e+01
3.500000000000000e+11 1.957497630007671e+01 8.859368395270933e+01
