2.000000000000000e+10 2.357471698297701e+01 -9.006216872802332e+01
2.033000000000000e+10 2.316072797838654e+01 -9.006317600036104e+01
2.066000000000000e+10 2.275945792917613e+01 -9.006418358759274e+01
2.099000000000000e+10 2.237030695537020e+01 -9.006519096523752e+01
2.132000000000000e+10 2.199271239186737e+01 -9.006619781997161e+01
2.165000000000000e+10 2.162614590211794e+01 -9.006720411078695e+01
2.198000000000000e+10 2.127011084853900e+01 -9.006821005836916e+01
2.231000000000000e+10 2.092413990621074e+01 -9.006921606848351e+01
2.264000000000000e+10 2.058779290494428e+01 -9.007022261138034e+01
2.297000000000000e+10 2.026065488124485e+01 -9.007123008931326e+01
2.330000000000000e+10 1.994233431771595e+01 -9.007223872591892e+01
2.363000000000000e+10 1.963246154463391e+01 -9.007324850441645e+01
2.396000000000000e+10 1.933068727788227e+01 -9.007425916833199e+01
2.429000000000000e+10 1.903668126960147e+01 -9.007527028232307e+01
2.462000000000000e+10 1.875013105245558e+01 -9.007628133575240e+01
2.495000000000000e+10 1.847074076444072e+01 -9.007729186160785e+01
2.528000000000000e+10 1.819823004740284e+01 -9.007830154049861e+01
2.561000000000000e+10 1.793233301762928e+01 -9.007931026422685e+01
2.594000000000000e+10 1.767279731009169e+01 -9.008031814436842e+01
2.627000000000000e+10 1.741938319868417e+01 -9.008132546550442e+01
2.660000000000000e+10 1.717186279328249e+01 -9.008233259655914e+01
2.693000000000000e+10 1.693001931132844e+01 -9.008333988371842e+01
2.726000000000000e+10 1.669364641789975e+01 -9.008434755228991e+01
2.759000000000000e+10 1.646254762496703e+01 -9.008535564180249e+01
2.792000000000000e+10 1.623653573861595e+01 -9.008636398967084e+01
2.825000000000000e+10 1.601543234294581e+01 -9.008737226620342e+01
2.858000000000000e+10 1.579906731113300e+01 -9.008838005087766e+01
2.891000000000000e+10 1.558727833732657e+01 -9.008938692981202e+01
2.924000000000000e+10 1.537991048685060e+01 -9.009039258961052e+01
2.957000000000000e+10 1.517681576572589e+01 -9.009139688429434e+01
2.990000000000000e+10 1.497785271301684e+01 -9.009239985930259e+01
3.023000000000000e+10 1.478288602045681e+01 -9.009340172757392e+01
3.056000000000000e+10 1.459178618310643e+01 -9.009440280473144e+01
3.089000000000000e+10 1.440442918275878e+01 -9.009540342034195e+01
3.122000000000000e+10 1.422069620301556e+01 -9.009640382776118e+01
3.155000000000000e+10 1.404047337218289e+01 -9.009740413490908e+01
3.188000000000000e+10 1.386365152806253e+01 -9.009840427266657e+01
3.221000000000000e+10 1.369012599785905e+01 -9.009940400792323e+01
3.254000000000000e+10 1.351979638694132e+01 -9.010040299717643e+01
3.287000000000000e+10 1.335256637193855e+01 -9.010140086667052e+01
3.320000000000000e+10 1.318834349614763e+01 -9.010239729884090e+01
3.353000000000000e+10 1.302703896786381e+01 -9.010339210369459e+01
3.386000000000000e+10 1.286856746440340e+01 -9.010438525788895e+01
3.419000000000000e+10 1.271284694577448e+01 -9.010537690251277e+01
3.452000000000000e+10 1.255979848195444e+01 -9.010636730084616e+01
3.485000000000000e+10 1.240934609661167e+01 -9.010735676709450e+01
3.518000000000000e+10 1.226141662820560e+01 -9.010834558392159e+01
3.551000000000000e+10 1.211593960721449e+01 -9.010933392893941e+01
3.584000000000000e+10 1.197284714632477e+01 -9.011032182769581e+01
3.617000000000000e+10 1.183207383922512e+01 -9.011130914389609e+01
3.650000000000000e+10 1.169355666344328e+01 -9.011229560833293e+01
3.683000000000000e+10 1.155723488345586e+01 -9.011328087865110e+01
3.716000000000000e+10 1.142304995185415e+01 -9.011426461481093e+01
3.749000000000000e+10 1.129094540827233e+01 -9.011524655176638e+01
3.782000000000000e+10 1.116086677759543e+01 -9.011622655202841e+01
3.815000000000000e+10 1.103276147024777e+01 -9.011720462613741e+01
3.848000000000000e+10 1.090657868783953e+01 -9.011818091714061e+01
3.881000000000000e+10 1.078226933705301e+01 -9.011915565397408e+01
3.914000000000000e+10 1.065978595352081e+01 -9.012012908598061e+01
3.947000000000000e+10 1.053908263590143e+01 -9.012110141499026e+01
3.980000000000000e+10 1.042011498878596e+01 -9.012207274142490e+01
4.013000000000000e+10 1.030284007185743e+01 -9.012304303698018e+01
4.046000000000000e+10 1.018721635214628e+01 -9.012401214956950e+01
4.079000000000000e+10 1.007320365639140e+01 -9.012497983819171e+01
4.112000000000000e+10 9.960763121348737e+00 -9.012594582819607e+01
4.145000000000000e+10 9.849857141163744e+00 -9.012690987275263e+01
4.178000000000000e+10 9.740449312297917e+00 -9.012787180531113e+01
4.211000000000000e+10 9.632504377655470e+00 -9.012883157053153e+01
4.244000000000000e+10 9.525988172215536e+00 -9.012978922686989e+01
4.277000000000000e+10 9.420867572511119e+00 -9.013074492116088e+01
4.310000000000000e+10 9.317110451733798e+00 -9.013169884241910e+01
4.343000000000000e+10 9.214685641251860e+00 -9.013265116694028e+01
4.376000000000000e+10 9.113562898172004e+00 -9.013360200852658e+01
4.409000000000000e+10 9.013712877545553e+00 -9.013455138594531e+01
4.442000000000000e+10 8.915107107162894e+00 -9.013549921506178e+01
4.475000000000000e+10 8.817717962740643e+00 -9.013644532673727e+01
4.508000000000000e+10 8.721518641689320e+00 -9.013738950514244e+01
4.541000000000000e+10 8.626483134442392e+00 -9.013833153621225e+01
4.574000000000000e+10 8.532586193312037e+00 -9.013927125375122e+01
4.607000000000000e+10 8.439803299765174e+00 -9.014020857164088e+01
4.640000000000000e+10 8.348110631661660e+00 -9.014114349440536e+01
4.673000000000000e+10 8.257485032214431e+00 -9.014207610401864e+01
4.706000000000000e+10 8.167903982194719e+00 -9.014300652685677e+01
4.739000000000000e+10 8.079345576285508e+00 -9.014393488958375e+01
4.772000000000000e+10 7.991788503660207e+00 -9.014486127532545e+01
4.805000000000000e+10 7.905212032045248e+00 -9.014578569116084e+01
4.838000000000000e+10 7.819595993912208e+00 -9.014670805487100e+01
4.871000000000000e+10 7.734920773189032e+00 -9.014762820388866e+01
4.904000000000000e+10 7.651167291019686e+00 -9.014854592377895e+01
4.937000000000000e+10 7.568316989594146e+00 -9.014946098875046e+01
4.970000000000000e+10 7.486351813773140e+00 -9.015037320387670e+01
5.003000000000000e+10 7.405254190963266e+00 -9.015128243852867e+01
5.036000000000000e+10 7.325007010278012e+00 -9.015218864297641e+01
5.069000000000000e+10 7.245593602304856e+00 -9.015309184454777e+01
5.102000000000000e+10 7.166997720738011e+00 -9.015399212495180e+01
5.135000000000000e+10 7.089203526754369e+00 -9.015488958507298e+01
5.168000000000000e+10 7.012195576417499e+00 -9.015578430651006e+01
5.201000000000000e+10 6.935958810754382e+00 -9.015667631968674e+01
5.234000000000000e+10 6.860478547617104e+00 -9.015756558636836e+01
5.267000000000000e+10 6.785740474155474e+00 -9.015845200046404e+01
5.300000000000000e+10 6.711730638747207e+00 -9.015933540610575e+01
5.333000000000000e+10 6.638435441542912e+00 -9.016021562746708e+01
5.366000000000000e+10 6.565841623297742e+00 -9.016109250176889e+01
5.399000000000000e+10 6.493936252737964e+00 -9.016196590620237e+01
5.432000000000000e+10 6.422706713201447e+00 -9.016283577125965e+01
5.465000000000000e+10 6.352140689570086e+00 -9.016370207671177e+01
5.498000000000000e+10 6.282226156509339e+00 -9.016456483126923e+01
5.531000000000000e+10 6.212951368756348e+00 -9.016542404151301e+01
5.564000000000000e+10 6.144304853721749e+00 -9.016627967881425e+01
5.597000000000000e+10 6.076275406121980e+00 -9.016713165380946e+01
5.630000000000000e+10 6.008852083881075e+00 -9.016797980630915e+01
5.663000000000000e+10 5.942024204253909e+00 -9.016882391466085e+01
5.696000000000000e+10 5.875781339109208e+00 -9.016966372350871e+01
5.729000000000000e+10 5.810113308566459e+00 -9.017049898388980e+01
5.762000000000000e+10 5.745010172651741e+00 -9.017132949593730e+01
5.795000000000000e+10 5.680462221202347e+00 -9.017215514314194e+01
5.828000000000000e+10 5.616459962767426e+00 -9.017297590856049e+01
5.861000000000000e+10 5.552994113595917e+00 -9.017379186730288e+01
5.894000000000000e+10 5.490055587878698e+00 -9.017460315517320e+01
5.927000000000000e+10 5.427635490206623e+00 -9.017540991921416e+01
5.960000000000000e+10 5.365725110752578e+00 -9.017621226062830e+01
5.993000000000000e+10 5.304315923104128e+00 -9.017701018296871e+01
6.026000000000000e+10 5.243399584089642e+00 -9.017780355792463e+01
6.059000000000000e+10 5.182967934501432e+00 -9.017859211750446e+01
6.092000000000000e+10 5.123012999426167e+00 -9.017937547568080e+01
6.125000000000000e+10 5.063526986996422e+00 -9.018015317589918e+01
6.158000000000000e+10 5.004502284751699e+00 -9.018092475479719e+01
6.191000000000000e+10 4.945931453361872e+00 -9.018168980846421e+01
6.224000000000000e+10 4.887807218087447e+00 -9.018244804658190e+01
6.257000000000000e+10 4.830122458889660e+00 -9.018319932210578e+01
6.290000000000000e+10 4.772870200434990e+00 -9.018394362934701e+01
6.323000000000000e+10 4.716043603288123e+00 -9.018468107020122e+01
6.356000000000000e+10 4.659635957347409e+00 -9.018541179537434e+01
6.389000000000000e+10 4.603640678100709e+00 -9.018613593308399e+01
6.422000000000000e+10 4.548051305680602e+00 -9.018685352064730e+01
6.455000000000000e+10 4.492861506107720e+00 -9.018756445385544e+01
6.488000000000000e+10 4.438065073667086e+00 -9.018826846519862e+01
6.521000000000000e+10 4.383655933156817e+00 -9.018896513568041e+01
6.554000000000000e+10 4.329628140826460e+00 -9.018965393756282e+01
6.587000000000000e+10 4.275975883157913e+00 -9.019033429855911e+01
6.620000000000000e+10 4.222693473157726e+00 -9.019100567330545e+01
6.653000000000000e+10 4.169775344401847e+00 -9.019166760642135e+01
6.686000000000000e+10 4.117216043578317e+00 -9.019231977344681e+01
6.719000000000000e+10 4.065010222593822e+00 -9.019296199097994e+01
6.752000000000000e+10 4.013152631386551e+00 -9.019359419425172e+01
6.785000000000000e+10 3.961638112402768e+00 -9.019421638761656e+01
6.818000000000000e+10 3.910461597306812e+00 -9.019482857934204e+01
6.851000000000000e+10 3.859618105990012e+00 -9.019543071535030e+01
6.884000000000000e+10 3.809102747446429e+00 -9.019602262644969e+01
6.917000000000000e+10 3.758910721702406e+00 -9.019660400019252e+01
6.950000000000000e+10 3.709037321804831e+00 -9.019717438260950e+01
6.983000000000000e+10 3.659477934926298e+00 -9.019773320806915e+01
7.016000000000000e+10 3.610228041909392e+00 -9.019827984907010e+01
7.049000000000000e+10 3.561283214982560e+00 -9.019881367332263e+01
7.082000000000000e+10 3.512639113832635e+00 -9.019933409409879e+01
7.115000000000000e+10 3.464291480609777e+00 -9.019984060175658e+01
7.148000000000000e+10 3.416236134678211e+00 -9.020033276913851e+01
7.181000000000000e+10 3.368468967961752e+00 -9.020081023002381e+01
7.214000000000000e+10 3.320985941562562e+00 -9.020127263642085e+01
7.247000000000000e+10 3.273783084004573e+00 -9.020171960566577e+01
7.280000000000000e+10 3.226856491049057e+00 -9.020215067073393e+01
7.313000000000000e+10 3.180202326650876e+00 -9.020256524635091e+01
7.346000000000000e+10 3.133816824358929e+00 -9.020296261950023e+01
7.379000000000000e+10 3.087696288376347e+00 -9.020334196678641e+01
7.412000000000000e+10 3.041837093603614e+00 -9.020370239424967e+01
7.445000000000000e+10 2.996235684261344e+00 -9.020404298931840e+01
7.478000000000000e+10 2.950888571062294e+00 -9.020436287114285e+01
7.511000000000000e+10 2.905792327279944e+00 -9.020466122542506e+01
7.544000000000000e+10 2.860943584353903e+00 -9.020493731323377e+01
7.577000000000000e+10 2.816339027805766e+00 -9.020519044939070e+01
7.610000000000000e+10 2.771975394182668e+00 -9.020541995348472e+01
7.643000000000000e+10 2.727849469509351e+00 -9.020562508357065e+01
7.676000000000000e+10 2.683958089372195e+00 -9.020580496745347e+01
7.709000000000000e+10 2.640298140363491e+00 -9.020595854783498e+01
7.742000000000000e+10 2.596866562279017e+00 -9.020608455501970e+01
7.775000000000000e+10 2.553660350268036e+00 -9.020618151479357e+01
7.808000000000000e+10 2.510676556131013e+00 -9.020624779078861e+01
7.841000000000000e+10 2.467912288152060e+00 -9.020628165205150e+01
7.874000000000000e+10 2.425364709196583e+00 -9.020628134968170e+01
7.907000000000000e+10 2.383031033221457e+00 -9.020624518304307e+01
7.940000000000000e+10 2.340908520736217e+00 -9.020617153718136e+01
7.973000000000000e+10 2.298994474025904e+00 -9.020605887866968e+01
8.006000000000000e+10 2.257286233031935e+00 -9.020590570605478e+01
8.039000000000000e+10 2.215781172662179e+00 -9.020571046145328e+01
8.072000000000000e+10 2.174476701991432e+00 -9.020547141926311e+01
8.105000000000000e+10 2.133370265386670e+00 -9.020518657411485e+01
8.138000000000000e+10 2.092459345147769e+00 -9.020485355146688e+01
8.171000000000000e+10 2.051741464896175e+00 -9.020446956004288e+01
8.204000000000000e+10 2.011214192758345e+00 -9.020403139634514e+01
8.237000000000000e+10 1.970875143424187e+00 -9.020353549953956e+01
8.270000000000000e+10 1.930721978408300e+00 -9.020297804276555e+01
8.303000000000000e+10 1.890752404251404e+00 -9.020235503723399e+01
8.336000000000000e+10 1.850964168875148e+00 -9.020166242069000e+01
8.369000000000000e+10 1.811355056737827e+00 -9.020089610337855e+01
8.402000000000000e+10 1.771922883726373e+00 -9.020005195247684e+01
8.435000000000000e+10 1.732665492794094e+00 -9.019912570857304e+01
8.468000000000000e+10 1.693580751191573e+00 -9.019811284240700e+01
8.501000000000000e+10 1.654666549776693e+00 -9.019700837345191e+01
8.534000000000000e+10 1.615920804409213e+00 -9.019580668071086e+01
8.567000000000000e+10 1.577341458950055e+00 -9.019450133800331e+01
8.600000000000000e+10 1.538926489007796e+00 -9.019308500012970e+01
8.633000000000000e+10 1.500673905397473e+00 -9.019154935355340e+01
8.666000000000000e+10 1.462581756343597e+00 -9.018988512817548e+01
8.699000000000000e+10 1.424648127757695e+00 -9.018808214916473e+01
8.732000000000000e+10 1.386871141383226e+00 -9.018612939368519e+01
8.765000000000000e+10 1.349248951118356e+00 -9.018401501024940e+01
8.798000000000000e+10 1.311779738276833e+00 -9.018172626034132e+01
8.831000000000000e+10 1.274461706819361e+00 -9.017924935284574e+01
8.864000000000000e+10 1.237293079614399e+00 -9.017656915956236e+01
8.897000000000000e+10 1.200272096556600e+00 -9.017366882062436e+01
8.930000000000000e+10 1.163397014934138e+00 -9.017052926697225e+01
8.963000000000000e+10 1.126666111895293e+00 -9.016712869822824e+01
8.996000000000000e+10 1.090077688347420e+00 -9.016344205468543e+01
9.029000000000000e+10 1.053630073255269e+00 -9.015944051001287e+01
9.062000000000000e+10 1.017321627181508e+00 -9.015509098782923e+01
9.095000000000000e+10 9.811507440673319e-01 -9.015035567390342e+01
9.128000000000000e+10 9.451158506535416e-01 -9.014519146175402e+01
9.161000000000000e+10 9.092154035016315e-01 -9.013954923848937e+01
9.194000000000000e+10 8.734478841590573e-01 -9.013337289466305e+01
9.227000000000000e+10 8.378117934812490e-01 -9.012659792883998e+01
9.260000000000000e+10 8.023056463605747e-01 -9.011914951313591e+01
9.293000000000000e+10 7.669279680544674e-01 -9.011093988432168e+01
9.326000000000000e+10 7.316772929596314e-01 -9.010186491615922e+01
9.359000000000000e+10 6.965521661227720e-01 -9.009179969806574e+01
9.392000000000000e+10 6.615511471396226e-01 -9.008059287509731e+01
9.425000000000000e+10 6.266728155276260e-01 -9.006805937201091e+01
9.458000000000000e+10 5.919157763020646e-01 -9.005397090051346e+01
9.491000000000000e+10 5.572786644341396e-01 -9.003804329121245e+01
9.524000000000000e+10 5.227601471454418e-01 -9.001991913091383e+01
9.557000000000000e+10 4.883589235434821e-01 -8.999914330023579e+01
9.590000000000000e+10 4.540737218109950e-01 -8.997512756985068e+01
9.623000000000000e+10 4.199032948790248e-01 -8.994709799346904e+01
9.656000000000000e+10 3.858464161025199e-01 -8.991401457495294e+01
9.689000000000000e+10 3.519018768401630e-01 -8.987444482508715e+01
9.722000000000000e+10 3.180684880597686e-01 -8.982635756515907e+01
9.755000000000000e+10 2.843450883941677e-01 -8.976677200601962e+01
9.788000000000000e+10 2.507305620960759e-01 -8.969112844801678e+01
9.821000000000000e+10 2.172238736589672e-01 -8.959208395911182e+01
9.854000000000000e+10 1.838241358691839e-01 -8.945700953915474e+01
9.887000000000000e+10 1.505307592358279e-01 -8.926219622982643e+01
9.920000000000000e+10 1.173438418853708e-01 -8.895730249086731e+01
9.953000000000000e+10 8.426546075078559e-02 -8.841338711588890e+01
9.986000000000000e+10 5.130591332918499e-02 -8.717156037916975e+01
1.001900000000000e+11 1.855618192300989e-02 -8.153652639150648e+01
1.005200000000000e+11 1.473042135408085e-02 7.852203438294548e+01
1.008500000000000e+11 4.723141873153122e-02 8.619766477522909e+01
1.011800000000000e+11 7.979148428604213e-02 8.760542111792552e+01
1.015100000000000e+11 1.122756613952248e-01 8.819516506144211e+01
1.018400000000000e+11 1.446712952197773e-01 8.851896744365337e+01
1.021700000000000e+11 1.769758005180450e-01 8.872338475472436e+01
1.025000000000000e+11 2.091888404106519e-01 8.886400181111398e+01
1.028300000000000e+11 2.413108023875228e-01 8.896653031993817e+01
1.031600000000000e+11 2.733423531213787e-01 8.904449873277960e+01
1.034900000000000e+11 3.052842747582145e-01 8.910570405345446e+01
1.038200000000000e+11 3.371373966837919e-01 8.915495722695282e+01
1.041500000000000e+11 3.689025666337925e-01 8.919538896378791e+01
1.044800000000000e+11 4.005806403043012e-01 8.922912557205090e+01
1.048100000000000e+11 4.321724798578622e-01 8.925766268658187e+01
1.051400000000000e+11 4.636789558563632e-01 8.928208327383767e+01
1.054700000000000e+11 4.951009491057575e-01 8.930319056929159e+01
1.058000000000000e+11 5.264393502581295e-01 8.932159231322964e+01
1.061300000000000e+11 5.576950562563016e-01 8.933775601944687e+01
1.064600000000000e+11 5.888689638656877e-01 8.935204645237282e+01
1.067900000000000e+11 6.199619614892683e-01 8.936475184890975e+01
1.071200000000000e+11 6.509749210439334e-01 8.937610279277123e+01
1.074500000000000e+11 6.819086917781271e-01 8.938628610984779e+01
1.077800000000000e+11 7.127640975193857e-01 8.939545523646103e+01
1.081100000000000e+11 7.435419380544583e-01 8.940373797018594e+01
1.084400000000000e+11 7.742429943579473e-01 8.941124220343309e+01
1.087700000000000e+11 8.048680364421776e-01 8.941806007536164e+01
1.091000000000000e+11 8.354178319375802e-01 8.942427089808585e+01
1.094300000000000e+11 8.658931533011339e-01 8.942994317580212e+01
1.097600000000000e+11 8.962947818528935e-01 8.943513600993668e+01
1.100900000000000e+11 9.266235075922501e-01 8.943990015036603e+01
1.104200000000000e+11 9.568801247711014e-01 8.944427890313166e+01
1.107500000000000e+11 9.870654242510107e-01 8.944830903909265e+01
1.110800000000000e+11 1.017180184486734e+00 8.945202177301975e+01
1.114100000000000e+11 1.047225163353267e+00 8.945544381027518e+01
1.117400000000000e+11 1.077201092866906e+00 8.945859840084171e+01
1.120700000000000e+11 1.107108678173313e+00 8.946150630765894e+01
1.124000000000000e+11 1.136948601148424e+00 8.946418659276659e+01
1.127300000000000e+11 1.166721527827788e+00 8.946665714889618e+01
1.130600000000000e+11 1.196428117927528e+00 8.946893494842031e+01
1.133900000000000e+11 1.226069034184086e+00 8.947103603419046e+01
1.137200000000000e+11 1.255644949260774e+00 8.947297532461545e+01
1.140500000000000e+11 1.285156548549614e+00 8.947476633681211e+01
1.143800000000000e+11 1.314604528200063e+00 8.947642093940306e+01
1.147100000000000e+11 1.343989588887474e+00 8.947794922905230e+01
1.150400000000000e+11 1.373312426897961e+00 8.947935958665201e+01
1.153700000000000e+11 1.402573724784105e+00 8.948065891961433e+01
1.157000000000000e+11 1.431774143960201e+00 8.948185304790299e+01
1.160300000000000e+11 1.460914321119073e+00 8.948294715485207e+01
1.163600000000000e+11 1.489994869378632e+00 8.948394620794716e+01
1.166900000000000e+11 1.519016383847940e+00 8.948485526286569e+01
1.170200000000000e+11 1.547979450144758e+00 8.948567959376297e+01
1.173500000000000e+11 1.576884653602698e+00 8.948642463624958e+01
1.176800000000000e+11 1.605732586685654e+00 8.948709577584648e+01
1.180100000000000e+11 1.634523852554949e+00 8.948769805234146e+01
1.183400000000000e+11 1.663259063713654e+00 8.948823587008431e+01
1.186700000000000e+11 1.691938835946300e+00 8.948871280111373e+01
1.190000000000000e+11 1.720563779052033e+00 8.948913154287709e+01
1.193300000000000e+11 1.749134486801885e+00 8.948949405156550e+01
1.196600000000000e+11 1.777651528878872e+00 8.948980182584057e+01
1.199900000000000e+11 1.806115447176248e+00 8.949005627560769e+01
1.203200000000000e+11 1.834526757802138e+00 8.949025908655145e+01
1.206500000000000e+11 1.862885958710319e+00 8.949041248955416e+01
1.209800000000000e+11 1.891193541396525e+00 8.949051936554376e+01
1.213100000000000e+11 1.919450003947766e+00 8.949058315565203e+01
1.216400000000000e+11 1.947655862221894e+00 8.949060759433446e+01
1.219700000000000e+11 1.975811656222398e+00 8.949059632750205e+01
1.223000000000000e+11 2.003917949787114e+00 8.949055250769469e+01
1.226300000000000e+11 2.031975323293662e+00 8.949047846623930e+01
1.229600000000000e+11 2.059984360821612e+00 8.949037554578511e+01
1.232900000000000e+11 2.087945634671611e+00 8.949024413929460e+01
1.236200000000000e+11 2.115859690940834e+00 8.949008393220954e+01
1.239500000000000e+11 2.143727039765235e+00 8.948989429503246e+01
1.242800000000000e+11 2.171548152843303e+00 8.948967473601746e+01
1.246100000000000e+11 2.199323469165437e+00 8.948942530740855e+01
1.249400000000000e+11 2.227053407879981e+00 8.948914686805006e+01
1.252700000000000e+11 2.254738385416811e+00 8.948884113827131e+01
1.256000000000000e+11 2.282378832820409e+00 8.948851053211909e+01
1.259300000000000e+11 2.309975209032458e+00 8.948815780553714e+01
1.262600000000000e+11 2.337528006699588e+00 8.948778560406218e+01
1.265900000000000e+11 2.365037748798089e+00 8.948739601898662e+01
1.269200000000000e+11 2.392504976569967e+00 8.948699026033069e+01
1.272500000000000e+11 2.419930231427824e+00 8.948656852810642e+01
1.275800000000000e+11 2.447314035070310e+00 8.948613011647633e+01
1.279100000000000e+11 2.474656872643881e+00 8.948567372952884e+01
1.282400000000000e+11 2.501959183207613e+00 8.948519793599287e+01
1.285700000000000e+11 2.529221360108381e+00 8.948470165574571e+01
1.289000000000000e+11 2.556443761526213e+00 8.948418456203069e+01
1.292300000000000e+11 2.583626728960382e+00 8.948364730231862e+01
1.295600000000000e+11 2.610770609406885e+00 8.948309148346256e+01
1.298900000000000e+11 2.637875775941527e+00 8.948251942308148e+01
1.302200000000000e+11 2.664942641658991e+00 8.948193372551430e+01
1.305500000000000e+11 2.691971663404864e+00 8.948133678346673e+01
1.308800000000000e+11 2.718963334149886e+00 8.948073032516346e+01
1.312100000000000e+11 2.745918165620147e+00 8.948011511659368e+01
1.315400000000000e+11 2.772836665242584e+00 8.947949089150084e+01
1.318700000000000e+11 2.799719312974552e+00 8.947885652687570e+01
1.322000000000000e+11 2.826566543756949e+00 8.947821042199880e+01
1.325300000000000e+11 2.853378740082234e+00 8.947755098913277e+01
1.328600000000000e+11 2.880156236767585e+00 8.947687713603649e+01
1.331900000000000e+11 2.906899337035817e+00 8.947618862165582e+01
1.335200000000000e+11 2.933608336156956e+00 8.947548619660901e+01
1.338500000000000e+11 2.960283546908088e+00 8.947477149240738e+01
1.341800000000000e+11 2.986925320491125e+00 8.947404668503449e+01
1.345100000000000e+11 3.013534057503349e+00 8.947331401459964e+01
1.348400000000000e+11 3.040110205894080e+00 8.947257527934181e+01
1.351700000000000e+11 3.066654246019481e+00 8.947183143009728e+01
1.355000000000000e+11 3.093166666158422e+00 8.947108236809238e+01
1.358300000000000e+11 3.119647934361680e+00 8.947032699994357e+01
1.361600000000000e+11 3.146098473624749e+00 8.946956354068304e+01
1.364900000000000e+11 3.172518646773084e+00 8.946878999392304e+01
1.368200000000000e+11 3.198908755224817e+00 8.946800469310357e+01
1.371500000000000e+11 3.225269052450590e+00 8.946720677061869e+01
1.374800000000000e+11 3.251599769287706e+00 8.946639643715353e+01
1.378100000000000e+11 3.277901145190466e+00 8.946557499850213e+01
1.381400000000000e+11 3.304173457803482e+00 8.946474460085889e+01
1.384700000000000e+11 3.330417043400449e+00 8.946390776268468e+01
1.388000000000000e+11 3.356632302762859e+00 8.946306680516383e+01
1.391300000000000e+11 3.382819690534819e+00 8.946222332047036e+01
1.394600000000000e+11 3.408979690165664e+00 8.946137781029455e+01
1.397900000000000e+11 3.435112780239642e+00 8.946052958740212e+01
1.401200000000000e+11 3.461219400354606e+00 8.945967696957530e+01
1.404500000000000e+11 3.487299925111689e+00 8.945881772339010e+01
1.407800000000000e+11 3.513354653043875e+00 8.945794965247455e+01
1.411100000000000e+11 3.539383813806051e+00 8.945707118696170e+01
1.414400000000000e+11 3.565387592483483e+00 8.945618182763751e+01
1.417700000000000e+11 3.591366165539740e+00 8.945528233131004e+01
1.421000000000000e+11 3.617319739805901e+00 8.945437458574879e+01
1.424300000000000e+11 3.643248584837454e+00 8.945346119847349e+01
1.427600000000000e+11 3.669153050276311e+00 8.945254489518017e+01
1.430900000000000e+11 3.695033563309131e+00 8.945162787289344e+01
1.434200000000000e+11 3.720890606123404e+00 8.945071126734906e+01
1.437500000000000e+11 3.746724678269760e+00 8.944979486929756e+01
1.440800000000000e+11 3.772536252799779e+00 8.944887716569252e+01
1.444100000000000e+11 3.798325736929232e+00 8.944795570285650e+01
1.447400000000000e+11 3.824093447231013e+00 8.944702768884760e+01
1.450700000000000e+11 3.849839606082831e+00 8.944609069111161e+01
1.454000000000000e+11 3.875564361009450e+00 8.944514325872339e+01
1.457300000000000e+11 3.901267822880168e+00 8.944418531349544e+01
1.460600000000000e+11 3.926950114048910e+00 8.944321820821976e+01
1.463900000000000e+11 3.952611414714059e+00 8.944224443079108e+01
1.467200000000000e+11 3.978251995805496e+00 8.944126702057156e+01
1.470500000000000e+11 4.003872229678057e+00 8.944028883648132e+01
1.473800000000000e+11 4.029472575166556e+00 8.943931185639796e+01
1.477100000000000e+11 4.055053539894080e+00 8.943833668375272e+01
1.480400000000000e+11 4.080615628573997e+00 8.943736238953308e+01
1.483700000000000e+11 4.106159289909978e+00 8.943638673703832e+01
1.487000000000000e+11 4.131684875529181e+00 8.943540674197720e+01
1.490300000000000e+11 4.157192621853689e+00 8.943441943515548e+01
1.493600000000000e+11 4.182682660427768e+00 8.943342264061341e+01
1.496900000000000e+11 4.208155055219033e+00 8.943241557310436e+01
1.500200000000000e+11 4.233609858501381e+00 8.943139909875482e+01
1.503500000000000e+11 4.259047171856903e+00 8.943037558300840e+01
1.506800000000000e+11 4.284467196960139e+00 8.942934835163607e+01
1.510100000000000e+11 4.309870262739203e+00 8.942832088885949e+01
1.513400000000000e+11 4.335256820921676e+00 8.942729596679335e+01
1.516700000000000e+11 4.360627409649233e+00 8.942627492400703e+01
1.520000000000000e+11 4.385982592945022e+00 8.942525728067116e+01
1.523300000000000e+11 4.411322890308771e+00 8.942424079932680e+01
1.526600000000000e+11 4.436648713890064e+00 8.942322199187770e+01
1.529900000000000e+11 4.461960329587243e+00 8.942219696109049e+01
1.533200000000000e+11 4.487257853126546e+00 8.942116237673885e+01
1.536500000000000e+11 4.512541283833572e+00 8.942011634543155e+01
1.539800000000000e+11 4.537810569380656e+00 8.941905895109548e+01
1.543100000000000e+11 4.563065686612938e+00 8.941799231764385e+01
1.546400000000000e+11 4.588306718748814e+00 8.941692015992012e+01
1.549700000000000e+11 4.613533909191341e+00 8.941584691634934e+01
1.553000000000000e+11 4.638747677129210e+00 8.941477666543913e+01
1.556300000000000e+11 4.663948589039321e+00 8.941371209044098e+01
1.559600000000000e+11 4.689137291076479e+00 8.941265375476952e+01
1.562900000000000e+11 4.714314417501083e+00 8.941159988314504e+01
1.566200000000000e+11 4.739480497146361e+00 8.941054672419274e+01
1.569500000000000e+11 4.764635881575517e+00 8.940948942720748e+01
1.572800000000000e+11 4.789780714326874e+00 8.940842323377642e+01
1.576100000000000e+11 4.814914951274178e+00 8.940734469745033e+01
1.579400000000000e+11 4.840038429720915e+00 8.940625262538174e+01
1.582700000000000e+11 4.865150971379337e+00 8.940514849248977e+01
1.586000000000000e+11 4.890252494992667e+00 8.940403620030595e+01
1.589300000000000e+11 4.915343110577300e+00 8.940292121157904e+01
1.592600000000000e+11 4.940423170347549e+00 8.940180924986494e+01
1.595900000000000e+11 4.965493260935748e+00 8.940070487115318e+01
1.599200000000000e+11 4.990554135490605e+00 8.939961026085078e+01
1.602500000000000e+11 5.015606599352286e+00 8.939852456939985e+01
1.605800000000000e+11 5.040651375526454e+00 8.939744397950105e+01
1.609100000000000e+11 5.065688982813378e+00 8.939636252368419e+01
1.612400000000000e+11 5.090719658186631e+00 8.939527348378307e+01
1.615700000000000e+11 5.115743345718487e+00 8.939417104982340e+01
1.619000000000000e+11 5.140759758891303e+00 8.939305183495243e+01
1.622300000000000e+11 5.165768505032598e+00 8.939191585901025e+01
1.625600000000000e+11 5.190769244265130e+00 8.939076672690848e+01
1.628900000000000e+11 5.215761844975830e+00 8.938961091560890e+01
1.632200000000000e+11 5.240746496347834e+00 8.938845630211566e+01
1.635500000000000e+11 5.265723746873313e+00 8.938731026160876e+01
1.638800000000000e+11 5.290694454466315e+00 8.938617778955692e+01
1.642100000000000e+11 5.315659655154725e+00 8.938506011963025e+01
1.645400000000000e+11 5.340620378275208e+00 8.938395421045556e+01
1.648700000000000e+11 5.365577451352269e+00 8.938285327714499e+01
1.652000000000000e+11 5.390531343228740e+00 8.938174829189636e+01
1.655300000000000e+11 5.415482087546371e+00 8.938063013145275e+01
1.658600000000000e+11 5.440429311211478e+00 8.937949186945033e+01
1.661900000000000e+11 5.465372367680132e+00 8.937833064706498e+01
1.665200000000000e+11 5.490310548488240e+00 8.937714862841570e+01
1.668500000000000e+11 5.515243324943027e+00 8.937595274747403e+01
1.671800000000000e+11 5.540170560996700e+00 8.937475323828662e+01
1.675100000000000e+11 5.565092641482920e+00 8.937356124418916e+01
1.678400000000000e+11 5.590010477290334e+00 8.937238605003829e+01
1.681700000000000e+11 5.614925377307829e+00 8.937123260932347e+01
1.685000000000000e+11 5.639838809804036e+00 8.937010000634066e+01
1.688300000000000e+11 5.664752105418458e+00 8.936898130042223e+01
1.691600000000000e+11 5.689666172532464e+00 8.936786488237121e+01
1.694900000000000e+11 5.714581298009650e+00 8.936673710342889e+01
1.698200000000000e+11 5.739497090383842e+00 8.936558560265654e+01
1.701500000000000e+11 5.764412591139049e+00 8.936440254474763e+01
1.704800000000000e+11 5.789326539433054e+00 8.936318694804999e+01
1.708100000000000e+11 5.814237735831227e+00 8.936194545216765e+01
1.711400000000000e+11 5.839145421291924e+00 8.936069121776895e+01
1.714700000000000e+11 5.864049576906129e+00 8.935944109527087e+01
1.718000000000000e+11 5.888951061895782e+00 8.935821164136381e+01
1.721300000000000e+11 5.913851540980716e+00 8.935701489357353e+01
1.724600000000000e+11 5.938753200870522e+00 8.935585494355905e+01
1.727900000000000e+11 5.963658308510606e+00 8.935472623249444e+01
1.731200000000000e+11 5.988568708076341e+00 8.935361413684724e+01
1.734500000000000e+11 6.013485377846625e+00 8.935249788909438e+01
1.737800000000000e+11 6.038408164260182e+00 8.935135530085982e+01
1.741100000000000e+11 6.063335777129915e+00 8.935016826303143e+01
1.744400000000000e+11 6.088266072726038e+00 8.934892771628810e+01
1.747700000000000e+11 6.113196582166353e+00 8.934763680236978e+01
1.751000000000000e+11 6.138125177192908e+00 8.934631124199586e+01
1.754300000000000e+11 6.163050720385355e+00 8.934497658466577e+01
1.757600000000000e+11 6.187973535122724e+00 8.934366271543786e+01
1.760900000000000e+11 6.212895558243870e+00 8.934239671691640e+01
1.764200000000000e+11 6.237820102501870e+00 8.934119569609005e+01
1.767500000000000e+11 6.262751244605354e+00 8.934006135362661e+01
1.770800000000000e+11 6.287692948875842e+00 8.933897782541811e+01
1.774100000000000e+11 6.312648114100166e+00 8.933791368285661e+01
1.777400000000000e+11 6.337617771565633e+00 8.933682805554258e+01
1.780700000000000e+11 6.362600651851187e+00 8.933567983110513e+01
1.784000000000000e+11 6.387593273704202e+00 8.933443802345995e+01
1.787300000000000e+11 6.412590599704989e+00 8.933309090281784e+01
1.790600000000000e+11 6.437587171291348e+00 8.933165150292541e+01
1.793900000000000e+11 6.462578508701924e+00 8.933015771157717e+01
1.797200000000000e+11 6.487562469910937e+00 8.932866623035160e+01
1.800500000000000e+11 6.512540232094522e+00 8.932724105966301e+01
1.803800000000000e+11 6.537516603696997e+00 8.932593854115272e+01
1.807100000000000e+11 6.562499493267703e+00 8.932479205780928e+01
1.810400000000000e+11 6.587498534633484e+00 8.932379997766340e+01
1.813700000000000e+11 6.612523063995195e+00 8.932292015628984e+01
1.817000000000000e+11 6.637579821921768e+00 8.932207326309764e+01
1.820300000000000e+11 6.662670870332056e+00 8.932115551226659e+01
1.823600000000000e+11 6.687792238494434e+00 8.932005936110336e+01
1.826900000000000e+11 6.712933726795302e+00 8.931869878993793e+01
1.830200000000000e+11 6.738080108560615e+00 8.931703432728253e+01
1.833500000000000e+11 6.763213707599860e+00 8.931509239462505e+01
1.836800000000000e+11 6.788318040466821e+00 8.931297403058470e+01
1.840100000000000e+11 6.813381956615760e+00 8.931084962300979e+01
1.843400000000000e+11 6.838403545754248e+00 8.930893872243185e+01
1.846700000000000e+11 6.863393058732244e+00 8.930747694673587e+01
1.850000000000000e+11 6.888374239352083e+00 8.930667495029854e+01
1.853300000000000e+11 6.913383812155631e+00 8.930667705439451e+01
1.856600000000000e+11 6.938469460846864e+00 8.930752955555658e+01
1.859900000000000e+11 6.963687645713391e+00 8.930917294091510e+01
1.863200000000000e+11 6.989104744505969e+00 8.931148850581836e+01
1.866500000000000e+11 7.014810455482320e+00 8.931451667135578e+01
1.869800000000000e+11 7.040955797799539e+00 8.931955879467775e+01
1.873100000000000e+11 7.067290119140525e+00 8.933589167229583e+01
1.876400000000000e+11 7.089381063009692e+00 8.934420395509291e+01
1.879700000000000e+11 7.114926598606399e+00 8.932401465251614e+01
1.883000000000000e+11 7.141301521227340e+00 8.931514127703552e+01
1.886300000000000e+11 7.167454638494277e+00 8.930811004611759e+01
1.889600000000000e+11 7.193378202715175e+00 8.930073083100714e+01
1.892900000000000e+11 7.219065994220446e+00 8.929278469836908e+01
1.896200000000000e+11 7.244508102571714e+00 8.928459069043885e+01
1.899500000000000e+11 7.269707617382678e+00 8.927665183356670e+01
1.902800000000000e+11 7.294687914997702e+00 8.926950264282391e+01
1.906100000000000e+11 7.319493196277062e+00 8.926361163315401e+01
1.909400000000000e+11 7.344184435203200e+00 8.925931319552112e+01
1.912700000000000e+11 7.368832363729545e+00 8.925676675998727e+01
1.916000000000000e+11 7.393509039174786e+00 8.925594439673085e+01
1.919300000000000e+11 7.418279509362489e+00 8.925664581997607e+01
1.922600000000000e+11 7.443194925276772e+00 8.925853622169672e+01
1.925900000000000e+11 7.468288106479558e+00 8.926119913884500e+01
1.929200000000000e+11 7.493572071975006e+00 8.926419456303498e+01
1.932500000000000e+11 7.519041482413660e+00 8.926711221223995e+01
1.935800000000000e+11 7.544676389298943e+00 8.926961140234319e+01
1.939100000000000e+11 7.570447238067638e+00 8.927144208316500e+01
1.942400000000000e+11 7.596319789687710e+00 8.927244600874975e+01
1.945700000000000e+11 7.622258568198482e+00 8.927254249774035e+01
1.949000000000000e+11 7.648227737105861e+00 8.927170990173786e+01
1.952300000000000e+11 7.674189327556951e+00 8.926998133321895e+01
1.955600000000000e+11 7.700101216659483e+00 8.926747650822259e+01
1.958900000000000e+11 7.725921307665912e+00 8.926447298100307e+01
1.962200000000000e+11 7.751625562741121e+00 8.926145440173295e+01
1.965500000000000e+11 7.777234697365510e+00 8.925900086089122e+01
1.968800000000000e+11 7.802820345610958e+00 8.925748586831388e+01
1.972100000000000e+11 7.828469130832358e+00 8.925683594170843e+01
1.975400000000000e+11 7.854234376391009e+00 8.925662236791176e+01
1.978700000000000e+11 7.880119835476010e+00 8.925636091527090e+01
1.982000000000000e+11 7.906095938831654e+00 8.925572789356693e+01
1.985300000000000e+11 7.932122896844643e+00 8.925460661918470e+01
1.988600000000000e+11 7.958165917166268e+00 8.925304000821392e+01
1.991900000000000e+11 7.984201856959263e+00 8.925116326973594e+01
1.995200000000000e+11 8.010220631812016e+00 8.924914602482076e+01
1.998500000000000e+11 8.036223847508538e+00 8.924714911838907e+01
2.001800000000000e+11 8.062221920392570e+00 8.924529538836654e+01
2.005100000000000e+11 8.088230409916735e+00 8.924365353948772e+01
2.008400000000000e+11 8.114266161537740e+00 8.924223442177176e+01
2.011700000000000e+11 8.140343839748697e+00 8.924099829806710e+01
2.015000000000000e+11 8.166473361803240e+00 8.923987047459403e+01
2.018300000000000e+11 8.192658580389594e+00 8.923876157022163e+01
2.021600000000000e+11 8.218897329082692e+00 8.923758816809647e+01
2.024900000000000e+11 8.245182687552795e+00 8.923628984010188e+01
2.028200000000000e+11 8.271505100565989e+00 8.923483953705480e+01
2.031500000000000e+11 8.297854843150068e+00 8.923324588009622e+01
2.034800000000000e+11 8.324224291712333e+00 8.923154763513428e+01
2.038100000000000e+11 8.350609540306735e+00 8.922980223151075e+01
2.041400000000000e+11 8.377011071216133e+00 8.922807127813817e+01
2.044700000000000e+11 8.403433409460865e+00 8.922640643389909e+01
2.048000000000000e+11 8.429883912627776e+00 8.922483865931626e+01
2.051300000000000e+11 8.456371023359790e+00 8.922337292665247e+01
2.054600000000000e+11 8.482902406841111e+00 8.922198913466356e+01
2.057900000000000e+11 8.509483393600606e+00 8.922064856955373e+01
2.061200000000000e+11 8.536116054544483e+00 8.921930408202233e+01
2.064500000000000e+11 8.562799075419134e+00 8.921791145199558e+01
2.067800000000000e+11 8.589528410237676e+00 8.921643931295903e+01
2.071100000000000e+11 8.616298520249645e+00 8.921487549485076e+01
2.074400000000000e+11 8.643103884300514e+00 8.921322857817634e+01
2.077700000000000e+11 8.669940422180222e+00 8.921152460090215e+01
2.081000000000000e+11 8.696806511004926e+00 8.920979995650136e+01
2.084300000000000e+11 8.723703383318878e+00 8.920809232424112e+01
2.087600000000000e+11 8.750634846783667e+00 8.920643181721827e+01
2.090900000000000e+11 8.777606423069663e+00 8.920483436608838e+01
2.094200000000000e+11 8.804624131938834e+00 8.920329874035448e+01
2.097500000000000e+11 8.831693217715742e+00 8.920180770543590e+01
2.100800000000000e+11 8.858817115589577e+00 8.920033284063781e+01
2.104100000000000e+11 8.885996887306137e+00 8.919884172461649e+01
2.107400000000000e+11 8.913231237952282e+00 8.919730571032386e+01
2.110700000000000e+11 8.940517086580620e+00 8.919570645672010e+01
2.114000000000000e+11 8.967850536029555e+00 8.919403975386533e+01
2.117300000000000e+11 8.995228000336486e+00 8.919231586882516e+01
2.120600000000000e+11 9.022647220252207e+00 8.919055648009292e+01
2.123900000000000e+11 9.050107932963764e+00 8.918878905842325e+01
2.127200000000000e+11 9.077612050866948e+00 8.918704011186445e+01
2.130500000000000e+11 9.105163323828133e+00 8.918532892200952e+01
2.133800000000000e+11 9.132766581114947e+00 8.918366322190836e+01
2.137100000000000e+11 9.160426744717581e+00 8.918203775866995e+01
2.140400000000000e+11 9.188147853683967e+00 8.918043597484383e+01
2.143700000000000e+11 9.215932329559683e+00 8.917883430369342e+01
2.147000000000000e+11 9.243780649850683e+00 8.917720797725896e+01
2.150300000000000e+11 9.271691495804358e+00 8.917553692696065e+01
2.153600000000000e+11 9.299662327210349e+00 8.917381038016892e+01
2.156900000000000e+11 9.327690237296160e+00 8.917202910666681e+01
2.160200000000000e+11 9.355772878163789e+00 8.917020485446965e+01
2.163500000000000e+11 9.383909235439186e+00 8.916835719103538e+01
2.166800000000000e+11 9.412100071510665e+00 8.916650857230226e+01
2.170100000000000e+11 9.440347939202351e+00 8.916467885792578e+01
2.173400000000000e+11 9.468656771666414e+00 8.916288058934937e+01
2.176700000000000e+11 9.497031154753861e+00 8.916111613262080e+01
2.180000000000000e+11 9.525475461506886e+00 8.915937731855932e+01
2.183300000000000e+11 9.553993057895426e+00 8.915764760558152e+01
2.186600000000000e+11 9.582585768295843e+00 8.915590619145721e+01
2.189900000000000e+11 9.611253724213491e+00 8.915413305055375e+01
2.193200000000000e+11 9.639995626463696e+00 8.915231367563078e+01
2.196500000000000e+11 9.668809351991625e+00 8.915044239935821e+01
2.199800000000000e+11 9.697692755286498e+00 8.914852353166951e+01
2.203100000000000e+11 9.726644469973261e+00 8.914657008415136e+01
2.206400000000000e+11 9.755664518681160e+00 8.914460043177462e+01
2.209700000000000e+11 9.784754587514611e+00 8.914263374736312e+01
2.213000000000000e+11 9.813917903359684e+00 8.914068532197420e+01
2.216300000000000e+11 9.843158747976718e+00 8.913876289260965e+01
2.219600000000000e+11 9.872481729432128e+00 8.913686483991823e+01
2.222900000000000e+11 9.901890988370990e+00 8.913498065847226e+01
2.226200000000000e+11 9.931389530636622e+00 8.913309355311671e+01
2.229500000000000e+11 9.960978845838744e+00 8.913118450862927e+01
2.232800000000000e+11 9.990658901623046e+00 8.912923683634067e+01
2.236100000000000e+11 1.002042851256634e+01 8.912724010020116e+01
2.239400000000000e+11 1.005028599264157e+01 8.912519248710602e+01
2.242700000000000e+11 1.008022993259010e+01 8.912310107026697e+01
2.246000000000000e+11 1.011025991435359e+01 8.912097992585939e+01
2.249300000000000e+11 1.014037699075489e+01 8.911884657858081e+01
2.252600000000000e+11 1.017058381584395e+01 8.911671764803539e+01
2.255900000000000e+11 1.020088439586484e+01 8.911460475148850e+01
2.259200000000000e+11 1.023128352230787e+01 8.911251164766648e+01
2.262500000000000e+11 1.026178602501938e+01 8.911043329995277e+01
2.265800000000000e+11 1.029239602653247e+01 8.910835707067938e+01
2.269100000000000e+11 1.032311637832186e+01 8.910626574400862e+01
2.272400000000000e+11 1.035394841571889e+01 8.910414163659421e+01
2.275700000000000e+11 1.038489209130110e+01 8.910197079740693e+01
2.279000000000000e+11 1.041594645517895e+01 8.909974628171516e+01
2.282300000000000e+11 1.044711036670145e+01 8.909746971203498e+01
2.285600000000000e+11 1.047838326591322e+01 8.909515075515705e+01
2.288900000000000e+11 1.050976581821416e+01 8.909280464840755e+01
2.292200000000000e+11 1.054126027580146e+01 8.909044837871919e+01
2.295500000000000e+11 1.057287046750246e+01 8.908809644189270e+01
2.298800000000000e+11 1.060460141827490e+01 8.908575720915707e+01
2.302100000000000e+11 1.063645868942647e+01 8.908343078011787e+01
2.305400000000000e+11 1.066844759882856e+01 8.908110884129957e+01
2.308700000000000e+11 1.070057251047431e+01 8.907877656433884e+01
2.312000000000000e+11 1.073283636715372e+01 8.907641608427620e+01
2.315300000000000e+11 1.076524058223714e+01 8.907401071525335e+01
2.318600000000000e+11 1.079778532021293e+01 8.907154888083794e+01
2.321900000000000e+11 1.083047010138170e+01 8.906902680310961e+01
2.325200000000000e+11 1.086329458670959e+01 8.906644929303765e+01
2.328500000000000e+11 1.089625935365443e+01 8.906382844320865e+01
2.331800000000000e+11 1.092936647409885e+01 8.906118053241123e+01
2.335100000000000e+11 1.096261975173420e+01 8.905852188723965e+01
2.338400000000000e+11 1.099602455764394e+01 8.905586470313278e+01
2.341700000000000e+11 1.102958730008859e+01 8.905321384293788e+01
2.345000000000000e+11 1.106331465419272e+01 8.905056539999170e+01
2.348300000000000e+11 1.109721273751783e+01 8.904790738908196e+01
2.351600000000000e+11 1.113128643333491e+01 8.904522241360361e+01
2.354900000000000e+11 1.116553903032555e+01 8.904249167478683e+01
2.358200000000000e+11 1.119997227275016e+01 8.903969935623553e+01
2.361500000000000e+11 1.123458681634912e+01 8.903683631625834e+01
2.364800000000000e+11 1.126938298603413e+01 8.903390217832030e+01
2.368100000000000e+11 1.130436165591018e+01 8.903090529070310e+01
2.371400000000000e+11 1.133952503914480e+01 8.902786054010495e+01
2.374700000000000e+11 1.137487719344647e+01 8.902478552712081e+01
2.378000000000000e+11 1.141042411392098e+01 8.902169601745838e+01
2.381300000000000e+11 1.144617338364601e+01 8.901860177125333e+01
2.384600000000000e+11 1.148213346004161e+01 8.901550377551136e+01
2.387900000000000e+11 1.151831276596185e+01 8.901239357656320e+01
2.391200000000000e+11 1.155471880587841e+01 8.900925490681341e+01
2.394500000000000e+11 1.159135752621266e+01 8.900606724243731e+01
2.397800000000000e+11 1.162823308396782e+01 8.900281045095271e+01
2.401100000000000e+11 1.166534809150550e+01 8.899946940729535e+01
2.404400000000000e+11 1.170270429018103e+01 8.899603744573264e+01
2.407700000000000e+11 1.174030349926884e+01 8.899251778002667e+01
2.411000000000000e+11 1.177814861535944e+01 8.898892250591287e+01
2.414300000000000e+11 1.181624441947848e+01 8.898526938466095e+01
2.417600000000000e+11 1.185459799028053e+01 8.898157715357527e+01
2.420900000000000e+11 1.189321861326548e+01 8.897786048468366e+01
2.424200000000000e+11 1.193211719698070e+01 8.897412582168616e+01
2.427500000000000e+11 1.197130532877972e+01 8.897036913560562e+01
2.430800000000000e+11 1.201079419519403e+01 8.896657619147165e+01
2.434100000000000e+11 1.205059363186682e+01 8.896272531557202e+01
2.437400000000000e+11 1.209071154404012e+01 8.895879203899314e+01
2.440700000000000e+11 1.213115385474873e+01 8.895475451805757e+01
2.444000000000000e+11 1.217192501290567e+01 8.895059841528129e+01
2.447300000000000e+11 1.221302895673373e+01 8.894632002483195e+01
2.450600000000000e+11 1.225447031266740e+01 8.894192682744236e+01
2.453900000000000e+11 1.229625554490553e+01 8.893743527059118e+01
2.457200000000000e+11 1.233839377379036e+01 8.893286624636038e+01
2.460500000000000e+11 1.238089705362989e+01 8.892823931779503e+01
2.463800000000000e+11 1.242378002700312e+01 8.892356708072235e+01
2.467100000000000e+11 1.246705902379105e+01 8.891885105303557e+01
2.470400000000000e+11 1.251075081290508e+01 8.891408014699311e+01
2.473700000000000e+11 1.255487130821449e+01 8.890923217477068e+01
2.477000000000000e+11 1.259943455286781e+01 8.890427810372803e+01
2.480300000000000e+11 1.264445224987605e+01 8.889918809164013e+01
2.483600000000000e+11 1.268993398233969e+01 8.889393786331208e+01
2.486900000000000e+11 1.273588810209306e+01 8.888851386041800e+01
2.490200000000000e+11 1.278232309973864e+01 8.888291584869518e+01
2.493500000000000e+11 1.282924914285754e+01 8.887715625104981e+01
2.496800000000000e+11 1.287667941526355e+01 8.887125625893181e+01
2.500100000000000e+11 1.292463092477169e+01 8.886523957146971e+01
2.503400000000000e+11 1.297312456519624e+01 8.885912522694011e+01
2.506700000000000e+11 1.302218439456863e+01 8.885292126678583e+01
2.510000000000000e+11 1.307183628490541e+01 8.884662082892342e+01
2.513300000000000e+11 1.312210626235869e+01 8.884020172461057e+01
2.516600000000000e+11 1.317301894860336e+01 8.883362973030857e+01
2.519900000000000e+11 1.322459650893308e+01 8.882686491459030e+01
2.523200000000000e+11 1.327685840657062e+01 8.881986954125117e+01
2.526500000000000e+11 1.332982207758339e+01 8.881261564058110e+01
2.529800000000000e+11 1.338350441848003e+01 8.880509034527813e+01
2.533100000000000e+11 1.343792377219504e+01 8.879729756302845e+01
2.536400000000000e+11 1.349310195957892e+01 8.878925540634812e+01
2.539700000000000e+11 1.354906587037600e+01 8.878098982798983e+01
2.543000000000000e+11 1.360584821356887e+01 8.877252587102807e+01
2.546300000000000e+11 1.366348721678536e+01 8.876387859679299e+01
2.549600000000000e+11 1.372202531672493e+01 8.875504592628762e+01
2.552900000000000e+11 1.378150713821024e+01 8.874600525740203e+01
2.556200000000000e+11 1.384197725548065e+01 8.873671486805674e+01
2.559500000000000e+11 1.390347831392102e+01 8.872711997213521e+01
2.562800000000000e+11 1.396605003634840e+01 8.871716212915335e+01
2.566100000000000e+11 1.402972945067208e+01 8.870678980731383e+01
2.569400000000000e+11 1.409455239381511e+01 8.869596749924905e+01
2.572700000000000e+11 1.416055603450747e+01 8.868468101492130e+01
2.576000000000000e+11 1.422778189058993e+01 8.867293740307782e+01
2.579300000000000e+11 1.429627866384597e+01 8.866075920765677e+01
2.582600000000000e+11 1.436610422214443e+01 8.864817416025718e+01
2.585900000000000e+11 1.443732623326859e+01 8.863520260640202e+01
2.589200000000000e+11 1.451002126476689e+01 8.862184565498585e+01
2.592500000000000e+11 1.458427254154493e+01 8.860807702780922e+01
2.595800000000000e+11 1.466016690874734e+01 8.859384083239910e+01
2.599100000000000e+11 1.473779179217829e+01 8.857905612959071e+01
2.602400000000000e+11 1.481723301378516e+01 8.856362751662191e+01
2.605700000000000e+11 1.489857417680501e+01 8.854745938779907e+01
2.609000000000000e+11 1.498189800459974e+01 8.853047046077083e+01
2.612300000000000e+11 1.506728956739916e+01 8.851260486448298e+01
2.615600000000000e+11 1.515484086515078e+01 8.849383669744704e+01
2.618900000000000e+11 1.524465586718380e+01 8.847416638807748e+01
2.622200000000000e+11 1.533685493959187e+01 8.845360912179349e+01
2.625500000000000e+11 1.543157767704333e+01 8.843217759613167e+01
2.628800000000000e+11 1.552898349649428e+01 8.840986293417738e+01
2.632100000000000e+11 1.562924988250773e+01 8.838661830951887e+01
2.635400000000000e+11 1.573256878188693e+01 8.836234947325801e+01
2.638700000000000e+11 1.583914218540044e+01 8.833691493568648e+01
2.642000000000000e+11 1.594917826741386e+01 8.831013631762769e+01
2.645300000000000e+11 1.606288948013546e+01 8.828181684278567e+01
2.648600000000000e+11 1.618049368447418e+01 8.825176370061881e+01
2.651900000000000e+11 1.630221879167481e+01 8.821980865095036e+01
2.655200000000000e+11 1.642831061317874e+01 8.818582117612023e+01
2.658500000000000e+11 1.655904284841373e+01 8.814970983572522e+01
2.661800000000000e+11 1.669472757449428e+01 8.811141002360316e+01
2.665100000000000e+11 1.683572440059849e+01 8.807085953378889e+01
2.668400000000000e+11 1.698244670260899e+01 8.802796647131072e+01
2.671700000000000e+11 1.713536404840802e+01 8.798257631081646e+01
2.675000000000000e+11 1.729500094076666e+01 8.793444566933663e+01
2.678300000000000e+11 1.746193313304645e+01 8.788322928543901e+01
2.681600000000000e+11 1.763678375462019e+01 8.782848386792742e+01
2.684900000000000e+11 1.782022206808824e+01 8.776968841110951e+01
2.688200000000000e+11 1.801296768828898e+01 8.770627614300835e+01
2.691500000000000e+11 1.821580246363079e+01 8.763766952951941e+01
2.694800000000000e+11 1.842959104313477e+01 8.756330769359083e+01
2.698100000000000e+11 1.865530966502066e+01 8.748265590536832e+01
2.701400000000000e+11 1.889408125220383e+01 8.739518962623831e+01
2.704700000000000e+11 1.914721387710924e+01 8.730035050898347e+01
2.708000000000000e+11 1.941623941152117e+01 8.719747776658419e+01
2.711300000000000e+11 1.970294993097965e+01 8.708572403890896e+01
2.714600000000000e+11 2.000943123582188e+01 8.696396882342931e+01
2.717900000000000e+11 2.033809551127824e+01 8.683074343057365e+01
2.721200000000000e+11 2.069171832003254e+01 8.668417854149925e+01
2.724500000000000e+11 2.107348832958629e+01 8.652197879710297e+01
2.727800000000000e+11 2.148708094448456e+01 8.634141926705108e+01
2.731100000000000e+11 2.193676898884945e+01 8.613934769005584e+01
2.734400000000000e+11 2.242758468581689e+01 8.591216601021121e+01
2.737700000000000e+11 2.296554772405873e+01 8.565575686791152e+01
2.741000000000000e+11 2.355797500534022e+01 8.536531661568551e+01
2.744300000000000e+11 2.421389012447649e+01 8.503505620448699e+01
2.747600000000000e+11 2.494455678405055e+01 8.465773335340783e+01
2.750900000000000e+11 2.576417300629302e+01 8.422398019388071e+01
2.754200000000000e+11 2.669078606563656e+01 8.372138410466967e+01
2.757500000000000e+11 2.774752714495569e+01 8.313325667094983e+01
2.760800000000000e+11 2.896432839913045e+01 8.243697280180635e+01
2.764100000000000e+11 3.038038703431850e+01 8.160165668447789e+01
2.767400000000000e+11 3.204780278731558e+01 8.058479429314895e+01
2.770700000000000e+11 3.403706818217479e+01 7.932698987198245e+01
2.774000000000000e+11 3.644546649155652e+01 7.774341011177808e+01
2.777300000000000e+11 3.940989370892373e+01 7.570917871872533e+01
2.780600000000000e+11 4.312573876996209e+01 7.303350853626806e+01
2.783900000000000e+11 4.787099238081220e+01 6.941266892515762e+01
2.787200000000000e+11 5.401967402243881e+01 6.434423723001710e+01
2.790500000000000e+11 6.195957447271937e+01 5.698151024264500e+01
2.793800000000000e+11 7.156910549694746e+01 4.596936466724739e+01
2.797100000000000e+11 8.039252325377815e+01 2.972439801219488e+01
2.800400000000000e+11 8.161445564645302e+01 8.587241567821088e+00
2.803700000000000e+11 7.117710403918204e+01 -1.254779215850076e+01
2.807000000000000e+11 5.593794586545938e+01 -2.869629981535019e+01
2.810300000000000e+11 4.260458014175411e+01 -3.941480368750466e+01
2.813600000000000e+11 3.255754013418221e+01 -4.625069979039261e+01
2.816900000000000e+11 2.517291236927598e+01 -5.053192827896736e+01
2.820200000000000e+11 1.967069756762889e+01 -5.306001749722819e+01
2.823500000000000e+11 1.547679161106219e+01 -5.426500369483217e+01
2.826800000000000e+11 1.220761899591794e+01 -5.433812366140025e+01
2.830100000000000e+11 9.610231216932643e+00 -5.329296594288587e+01
2.833400000000000e+11 7.517155684509716e+00 -5.096733242978950e+01
2.836700000000000e+11 5.818759362569473e+00 -4.696711866487806e+01
2.840000000000000e+11 4.448865657050941e+00 -4.053984133201919e+01
2.843300000000000e+11 3.381050717572879e+00 -3.040660949682857e+01
2.846600000000000e+11 2.632478680630295e+00 -1.493912368856638e+01
2.849900000000000e+11 2.252962056002697e+00 5.916968861555538e+00
2.853200000000000e+11 2.248338049952316e+00 2.760213734873285e+01
2.856500000000000e+11 2.511775670519755e+00 4.466835758110713e+01
2.859800000000000e+11 2.906483669590591e+00 5.626940524568766e+01
2.863100000000000e+11 3.345794389489268e+00 6.396527424801904e+01
2.866400000000000e+11 3.788292797621021e+00 6.920653017043024e+01
2.869700000000000e+11 4.216151323582352e+00 7.291378052593024e+01
2.873000000000000e+11 4.622415182527725e+00 7.563337868961757e+01
2.876300000000000e+11 5.005091545884304e+00 7.769308343775803e+01
2.879600000000000e+11 5.364450196219003e+00 7.929562109890489e+01
2.882900000000000e+11 5.701744963752470e+00 8.057063431863513e+01
2.886200000000000e+11 6.018584532445450e+00 8.160372155384293e+01
2.889500000000000e+11 6.316620337310741e+00 8.245317372503952e+01
2.892800000000000e+11 6.597401385838846e+00 8.315995106036156e+01
2.896100000000000e+11 6.862322161234423e+00 8.375379454017232e+01
2.899400000000000e+11 7.112622593479304e+00 8.425702775751296e+01
2.902700000000000e+11 7.349414132370110e+00 8.468692587652428e+01
2.906000000000000e+11 7.573714086958500e+00 8.505717678206226e+01
2.909300000000000e+11 7.786476136763555e+00 8.537877021894862e+01
2.912600000000000e+11 7.988609926921809e+00 8.566054122248197e+01
2.915900000000000e+11 8.180987246308552e+00 8.590952339700684e+01
2.919200000000000e+11 8.364436192632118e+00 8.613121586380578e+01
2.922500000000000e+11 8.539727540028318e+00 8.632982640840221e+01
2.925800000000000e+11 8.707558930966547e+00 8.650851976691220e+01
2.929100000000000e+11 8.868542436337730e+00 8.666967412568214e+01
2.932400000000000e+11 9.023199661046139e+00 8.681513166284920e+01
2.935700000000000e+11 9.171966352103606e+00 8.694642086877369e+01
2.939000000000000e+11 9.315205970911606e+00 8.706492890956891e+01
2.942300000000000e+11 9.453229514226855e+00 8.717200963593390e+01
2.945600000000000e+11 9.586317485966731e+00 8.726902416430393e+01
2.948900000000000e+11 9.714739595804751e+00 8.735732301150519e+01
2.952200000000000e+11 9.838768492275134e+00 8.743818854898034e+01
2.955500000000000e+11 9.958685388403913e+00 8.751276190998909e+01
2.958800000000000e+11 1.007477739703594e+01 8.758197848568120e+01
2.962100000000000e+11 1.018732828457238e+01 8.764653110419742e+01
2.965400000000000e+11 1.029660574299472e+01 8.770687130326108e+01
2.968700000000000e+11 1.040284887590902e+01 8.776324889115648e+01
2.972000000000000e+11 1.050625929707750e+01 8.781578057493667e+01
2.975300000000000e+11 1.060699816219889e+01 8.786453185775996e+01
2.978600000000000e+11 1.070518988553065e+01 8.790959397447331e+01
2.981900000000000e+11 1.080093162381485e+01 8.795113964464068e+01
2.985200000000000e+11 1.089430623933407e+01 8.798944713717229e+01
2.988500000000000e+11 1.098539569296654e+01 8.802489000692481e+01
2.991800000000000e+11 1.107429182077413e+01 8.805789792051657e+01
2.995100000000000e+11 1.116110218096266e+01 8.808890034981596e+01
2.998400000000000e+11 1.124594991795631e+01 8.811826819386266e+01
3.001700000000000e+11 1.132896805671903e+01 8.814626799429574e+01
3.005000000000000e+11 1.141028995660938e+01 8.817303960878102e+01
3.008300000000000e+11 1.149003851111008e+01 8.819860204052570e+01
3.011600000000000e+11 1.156831688741029e+01 8.822288513011985e+01
3.014900000000000e+11 1.164520312765993e+01 8.824577867376944e+01
3.018200000000000e+11 1.172074991455847e+01 8.826718665893536e+01
3.021500000000000e+11 1.179498949850838e+01 8.828707354052379e+01
3.024800000000000e+11 1.186794251510933e+01 8.830549188577359e+01
3.028100000000000e+11 1.193962849674598e+01 8.832258559903953e+01
3.031400000000000e+11 1.201007551627028e+01 8.833856903498446e+01
3.034700000000000e+11 1.207932666954856e+01 8.835368811360068e+01
3.038000000000000e+11 1.214744192680075e+01 8.836817368331131e+01
3.041300000000000e+11 1.221449504785419e+01 8.838219890709129e+01
3.044600000000000e+11 1.228056647304631e+01 8.839585108778194e+01
3.047900000000000e+11 1.234573407204436e+01 8.840912451182119e+01
3.051200000000000e+11 1.241006412445714e+01 8.842193556342484e+01
3.054500000000000e+11 1.247360480585081e+01 8.843415586642929e+01
3.057800000000000e+11 1.253638379362407e+01 8.844565488625538e+01
3.061100000000000e+11 1.259841055868816e+01 8.845634129969905e+01
3.064400000000000e+11 1.265968273450021e+01 8.846619298947788e+01
3.067700000000000e+11 1.272019494642623e+01 8.847526855252387e+01
3.071000000000000e+11 1.277994788939582e+01 8.848369792828605e+01
3.074300000000000e+11 1.283895540327908e+01 8.849165496138762e+01
3.077600000000000e+11 1.289724781731364e+01 8.849931912330936e+01
3.080900000000000e+11 1.295487078265270e+01 8.850683616383623e+01
3.084200000000000e+11 1.301187994693150e+01 8.851428755301446e+01
3.087500000000000e+11 1.306833286318459e+01 8.852167622436404e+01
3.090800000000000e+11 1.312428020926059e+01 8.852893195159542e+01
3.094100000000000e+11 1.317975855372385e+01 8.853593473820608e+01
3.097400000000000e+11 1.323478650167877e+01 8.854255010984737e+01
3.100700000000000e+11 1.328936519130503e+01 8.854866728887689e+01
3.104000000000000e+11 1.334348300701505e+01 8.855423061362973e+01
3.107300000000000e+11 1.339712330695189e+01 8.855925637578494e+01
3.110600000000000e+11 1.345027320077482e+01 8.856383100997085e+01
3.113900000000000e+11 1.350293115072929e+01 8.856809131636402e+01
3.117200000000000e+11 1.355511147128648e+01 8.857219192735361e+01
3.120500000000000e+11 1.360684459378087e+01 8.857626840702450e+01
3.123800000000000e+11 1.365817304235533e+01 8.858040540872344e+01
3.127100000000000e+11 1.370914416240674e+01 8.858461796302279e+01
3.130400000000000e+11 1.375980147393292e+01 8.858885057706037e+01
3.133700000000000e+11 1.381017687661022e+01 8.859299426017095e+01
3.137000000000000e+11 1.386028571821054e+01 8.859691701196923e+01
3.140300000000000e+11 1.391012600544534e+01 8.860049988594747e+01
3.143600000000000e+11 1.395968197212699e+01 8.860366934955407e+01
3.146900000000000e+11 1.400893109603535e+01 8.860641765501146e+01
3.150200000000000e+11 1.405785276260526e+01 8.860880605328350e+01
3.153500000000000e+11 1.410643634234169e+01 8.861095011870738e+01
3.156800000000000e+11 1.415468659345866e+01 8.861299105942000e+01
3.160100000000000e+11 1.420262498716484e+01 8.861506048406089e+01
3.163400000000000e+11 1.425028660554914e+01 8.861724775669349e+01
3.166700000000000e+11 1.429771341035249e+01 8.861957837480935e+01
3.170000000000000e+11 1.434494562736100e+01 8.862200893021686e+01
3.173300000000000e+11 1.439201348812154e+01 8.862443990137812e+01
3.176600000000000e+11 1.443893148561037e+01 8.862674289482237e+01
3.179900000000000e+11 1.448569665191870e+01 8.862879520728022e+01
3.183200000000000e+11 1.453229132037835e+01 8.863051269713436e+01
3.186500000000000e+11 1.457868966376437e+01 8.863187242495174e+01
3.189800000000000e+11 1.462486631079839e+01 8.863291922066810e+01
3.193100000000000e+11 1.467080479540635e+01 8.863375454689513e+01
3.196400000000000e+11 1.471650363222269e+01 8.863451064711049e+01
3.199700000000000e+11 1.476197842908234e+01 8.863531678680778e+01
3.203000000000000e+11 1.480725948226114e+01 8.863626642303085e+01
3.206300000000000e+11 1.485238548240399e+01 8.863739385244355e+01
3.209600000000000e+11 1.489739497842162e+01 8.863866637344799e+01
3.212900000000000e+11 1.494231783499269e+01 8.863999391820691e+01
3.216200000000000e+11 1.498716892132846e+01 8.864125353849106e+01
3.219500000000000e+11 1.503194568347085e+01 8.864232226551567e+01
3.222800000000000e+11 1.507663023358528e+01 8.864310971918776e+01
3.226100000000000e+11 1.512119540594287e+01 8.864358196915855e+01
3.229400000000000e+11 1.516561319203611e+01 8.864377049777498e+01
3.232700000000000e+11 1.520986334841864e+01 8.864376404782651e+01
3.236000000000000e+11 1.525393993102014e+01 8.864368561167571e+01
3.239300000000000e+11 1.529785405678401e+01 8.864366066139046e+01
3.242600000000000e+11 1.534163218191239e+01 8.864378494053666e+01
3.245900000000000e+11 1.538531035587400e+01 8.864410017959520e+01
3.249200000000000e+11 1.542892595604211e+01 8.864458397099999e+01
3.252500000000000e+11 1.547250905785906e+01 8.864515631883079e+01
3.255800000000000e+11 1.551607568286197e+01 8.864570104136014e+01
3.259100000000000e+11 1.555962467222529e+01 8.864609638102496e+01
3.262400000000000e+11 1.560313898865195e+01 8.864624685022815e+01
3.265700000000000e+11 1.564659110216474e+01 8.864610809640440e+01
3.269000000000000e+11 1.568995106340173e+01 8.864569844224044e+01
3.272300000000000e+11 1.573319518143139e+01 8.864509423570307e+01
3.275600000000000e+11 1.577631307496892e+01 8.864441031526218e+01
3.278900000000000e+11 1.581931128958726e+01 8.864377068511844e+01
3.282200000000000e+11 1.586221255646565e+01 8.864327694718882e+01
3.285500000000000e+11 1.590505088255666e+01 8.864298254931974e+01
3.288800000000000e+11 1.594786372362830e+01 8.864287937738717e+01
3.292100000000000e+11 1.599068323213385e+01 8.864290005097010e+01
3.295400000000000e+11 1.603352880602135e+01 8.864293529134571e+01
3.298700000000000e+11 1.607640283600041e+01 8.864286192730573e+01
3.302000000000000e+11 1.611929074283225e+01 8.864257444157863e+01
3.305300000000000e+11 1.616216531722339e+01 8.864201209475263e+01
3.308600000000000e+11 1.620499429363368e+01 8.864117479329450e+01
3.311900000000000e+11 1.624774927468400e+01 8.864012369291690e+01
3.315200000000000e+11 1.629041377553504e+01 8.863896633336496e+01
3.318500000000000e+11 1.633298836196579e+01 8.863782994178645e+01
3.321800000000000e+11 1.637549156107658e+01 8.863682948064327e+01
3.325100000000000e+11 1.641795625754907e+01 8.863603834374419e+01
3.328400000000000e+11 1.646042240033201e+01 8.863546900480661e+01
3.331700000000000e+11 1.650292776514790e+01 8.863506854369746e+01
3.335000000000000e+11 1.654549902378054e+01 8.863473038673338e+01
3.338300000000000e+11 1.658814533716176e+01 8.863431965736042e+01
3.341600000000000e+11 1.663085611977405e+01 8.863370618382653e+01
3.344900000000000e+11 1.667360364910445e+01 8.863279725193327e+01
3.348200000000000e+11 1.671635004280741e+01 8.863156209328990e+01
3.351500000000000e+11 1.675905706657198e+01 8.863004189309876e+01
3.354800000000000e+11 1.680169651509587e+01 8.862834237633783e+01
3.358100000000000e+11 1.684425869694470e+01 8.862661003986955e+01
3.361400000000000e+11 1.688675690602138e+01 8.862499693196274e+01
3.364700000000000e+11 1.692922660592096e+01 8.862362167565293e+01
3.368000000000000e+11 1.697171920676547e+01 8.862253555611150e+01
3.371300000000000e+11 1.701429152559438e+01 8.862170167863849e+01
3.374600000000000e+11 1.705699302465009e+01 8.862099260858601e+01
3.377900000000000e+11 1.709985349412391e+01 8.862020807194666e+01
3.381200000000000e+11 1.714287385695390e+01 8.861911004272091e+01
3.384500000000000e+11 1.718602221441343e+01 8.861746878243255e+01
3.387800000000000e+11 1.722923623683500e+01 8.861511093325349e+01
3.391100000000000e+11 1.727243174505153e+01 8.861196011931773e+01
3.394400000000000e+11 1.731551608566474e+01 8.860806180657718e+01
3.397700000000000e+11 1.735840393058182e+01 8.860358712514537e+01
3.401000000000000e+11 1.740103262208820e+01 8.859881435083516e+01
3.404300000000000e+11 1.744337423559893e+01 8.859409096597130e+01
3.407600000000000e+11 1.748544212675459e+01 8.858978284654353e+01
3.410900000000000e+11 1.752729074539230e+01 8.858621946901404e+01
3.414200000000000e+11 1.756900873446052e+01 8.858364467652292e+01
3.417500000000000e+11 1.761070654684330e+01 8.858218140523300e+01
3.420800000000000e+11 1.765250077535752e+01 8.858181610232677e+01
3.424100000000000e+11 1.769449792273877e+01 8.858240491041420e+01
3.427400000000000e+11 1.773678034948257e+01 8.858369977095393e+01
3.430700000000000e+11 1.777939664332084e+01 8.858538916835953e+01
3.434000000000000e+11 1.782235776955814e+01 8.858714593302747e+01
3.437300000000000e+11 1.786563927351643e+01 8.858867373258452e+01
3.440600000000000e+11 1.790918873252118e+01 8.858974467234388e+01
3.443900000000000e+11 1.795293679708330e+01 8.859022254653453e+01
3.447200000000000e+11 1.799680966562228e+01 8.859006923517470e+01
3.450500000000000e+11 1.804074077029718e+01 8.858933490767721e+01
3.453800000000000e+11 1.808467979259555e+01 8.858813546464910e+01
3.457100000000000e+11 1.812859778018260e+01 8.858662254384969e+01
3.460400000000000e+11 1.817248795406165e+01 8.858495216257994e+01
3.463700000000000e+11 1.821636261114495e+01 8.858325763357534e+01
3.467000000000000e+11 1.826024718920270e+01 8.858163096538289e+01
3.470300000000000e+11 1.830417295769015e+01 8.858011490159585e+01
3.473600000000000e+11 1.834816987787895e+01 8.857870551545651e+01
3.476900000000000e+11 1.839226095348515e+01 8.857736330274271e+01
3.480200000000000e+11 1.843645894109447e+01 8.857602936152603e+01
3.483500000000000e+11 1.848076571978234e+01 8.857464271292083e+01
3.486800000000000e+11 1.852517405625028e+01 8.857315512049701e+01
3.490100000000000e+11 1.856967105702257e+01 8.857154075543956e+01
3.493400000000000e+11 1.861424234921412e+01 8.856979945466774e+01
3.496700000000000e+11 1.865887600527227e+01 8.856795380059604e+01
3.500000000000000e+11 1.870356540557279e+01 8.856604150383703e+01
