2.000000000000000e+10 2.338171538327564e+01 -9.006224280597000e+01
2.033000000000000e+10 2.297040082807686e+01 -9.006324247702794e+01
2.066000000000000e+10 2.257171355423270e+01 -9.006424288932466e+01
2.099000000000000e+10 2.218505777171453e+01 -9.006524480401966e+01
2.132000000000000e+10 2.180987448429442e+01 -9.006624881684620e+01
2.165000000000000e+10 2.144563871517271e+01 -9.006725528786886e+01
2.198000000000000e+10 2.109185698857831e+01 -9.006826430395346e+01
2.231000000000000e+10 2.074806503620114e+01 -9.006927567682267e+01
2.264000000000000e+10 2.041382570104457e+01 -9.007028897507318e+01
2.297000000000000e+10 2.008872701506906e+01 -9.007130358447105e+01
2.330000000000000e+10 1.977238043070858e+01 -9.007231878769038e+01
2.363000000000000e+10 1.946441918986019e+01 -9.007333385274082e+01
2.396000000000000e+10 1.916449681711342e+01 -9.007434811880746e+01
2.429000000000000e+10 1.887228572669857e+01 -9.007536106912087e+01
2.462000000000000e+10 1.858747593478990e+01 -9.007637238254964e+01
2.495000000000000e+10 1.830977387037718e+01 -9.007738195862680e+01
2.528000000000000e+10 1.803890127891144e+01 -9.007838991420091e+01
2.561000000000000e+10 1.777459421341464e+01 -9.007939655346941e+01
2.594000000000000e+10 1.751660210780672e+01 -9.008040231629964e+01
2.627000000000000e+10 1.726468692697629e+01 -9.008140771219476e+01
2.660000000000000e+10 1.701862238774852e+01 -9.008241324865440e+01
2.693000000000000e+10 1.677819324451273e+01 -9.008341936300003e+01
2.726000000000000e+10 1.654319463299234e+01 -9.008442636588981e+01
2.759000000000000e+10 1.631343146555343e+01 -9.008543440296961e+01
2.792000000000000e+10 1.608871787161359e+01 -9.008644343861135e+01
2.825000000000000e+10 1.586887667714483e+01 -9.008745326280649e+01
2.858000000000000e+10 1.565373891793918e+01 -9.008846351941438e+01
2.891000000000000e+10 1.544314338216482e+01 -9.008947375140517e+01
2.924000000000000e+10 1.523693617871653e+01 -9.009048345684226e+01
2.957000000000000e+10 1.503497032885452e+01 -9.009149214826624e+01
2.990000000000000e+10 1.483710537955291e+01 -9.009249940801645e+01
3.023000000000000e+10 1.464320703775627e+01 -9.009350493281595e+01
3.056000000000000e+10 1.445314682531462e+01 -9.009450856250673e+01
3.089000000000000e+10 1.426680175470042e+01 -9.009551028997014e+01
3.122000000000000e+10 1.408405402569963e+01 -9.009651025169153e+01
3.155000000000000e+10 1.390479074313620e+01 -9.009750870082945e+01
3.188000000000000e+10 1.372890365537558e+01 -9.009850596674364e+01
3.221000000000000e+10 1.355628891293299e+01 -9.009950240648429e+01
3.254000000000000e+10 1.338684684603937e+01 -9.010049835453543e+01
3.287000000000000e+10 1.322048175957861e+01 -9.010149407714410e+01
3.320000000000000e+10 1.305710174345736e+01 -9.010248973678104e+01
3.353000000000000e+10 1.289661849625277e+01 -9.010348537087089e+01
3.386000000000000e+10 1.273894715993423e+01 -9.010448088703120e+01
3.419000000000000e+10 1.258400616357215e+01 -9.010547607495852e+01
3.452000000000000e+10 1.243171707422266e+01 -9.010647063302322e+01
3.485000000000000e+10 1.228200445357069e+01 -9.010746420587373e+01
3.518000000000000e+10 1.213479571938163e+01 -9.010845642806497e+01
3.551000000000000e+10 1.199002101129999e+01 -9.010944696810886e+01
3.584000000000000e+10 1.184761306098776e+01 -9.011043556741704e+01
3.617000000000000e+10 1.170750706696479e+01 -9.011142206935560e+01
3.650000000000000e+10 1.156964057476729e+01 -9.011240643496217e+01
3.683000000000000e+10 1.143395336315498e+01 -9.011338874358795e+01
3.716000000000000e+10 1.130038733706619e+01 -9.011436917862157e+01
3.749000000000000e+10 1.116888642786532e+01 -9.011534800029327e+01
3.782000000000000e+10 1.103939650116440e+01 -9.011632550911465e+01
3.815000000000000e+10 1.091186527218036e+01 -9.011730200460109e+01
3.848000000000000e+10 1.078624222824622e+01 -9.011827774443424e+01
3.881000000000000e+10 1.066247855777945e+01 -9.011925290908930e+01
3.914000000000000e+10 1.054052708475800e+01 -9.012022757621806e+01
3.947000000000000e+10 1.042034220759677e+01 -9.012120170781500e+01
3.980000000000000e+10 1.030187984127081e+01 -9.012217515160799e+01
4.013000000000000e+10 1.018509736159832e+01 -9.012314765635666e+01
4.046000000000000e+10 1.006995355076981e+01 -9.012411889905377e+01
4.079000000000000e+10 9.956408543458918e+00 -9.012508852061015e+01
4.112000000000000e+10 9.844423773154118e+00 -9.012605616561376e+01
4.145000000000000e+10 9.733961918663695e+00 -9.012702152131114e+01
4.178000000000000e+10 9.624986851036303e+00 -9.012798435111159e+01
4.211000000000000e+10 9.517463581375628e+00 -9.012894451863275e+01
4.244000000000000e+10 9.411358210178461e+00 -9.012990199948787e+01
4.277000000000000e+10 9.306637878885427e+00 -9.013085687952349e+01
4.310000000000000e+10 9.203270724292381e+00 -9.013180933986752e+01
4.343000000000000e+10 9.101225836341547e+00 -9.013275963071679e+01
4.376000000000000e+10 9.000473219613056e+00 -9.013370803713529e+01
4.409000000000000e+10 8.900983758595130e+00 -9.013465484104820e+01
4.442000000000000e+10 8.802729186556590e+00 -9.013560028401889e+01
4.475000000000000e+10 8.705682057611776e+00 -9.013654453525933e+01
4.508000000000000e+10 8.609815721377522e+00 -9.013748766862547e+01
4.541000000000000e+10 8.515104299504435e+00 -9.013842965123806e+01
4.574000000000000e+10 8.421522663323310e+00 -9.013937034492685e+01
4.607000000000000e+10 8.329046411894311e+00 -9.014030952014922e+01
4.640000000000000e+10 8.237651849864756e+00 -9.014124688053053e+01
4.673000000000000e+10 8.147315964722125e+00 -9.014218209491780e+01
4.706000000000000e+10 8.058016403246018e+00 -9.014311483297566e+01
4.739000000000000e+10 7.969731447187044e+00 -9.014404479996406e+01
4.772000000000000e+10 7.882439988413713e+00 -9.014497176650427e+01
4.805000000000000e+10 7.796121503932842e+00 -9.014589558978281e+01
4.838000000000000e+10 7.710756031302037e+00 -9.014681622373340e+01
4.871000000000000e+10 7.626324144987468e+00 -9.014773371710555e+01
4.904000000000000e+10 7.542806934188181e+00 -9.014864819980630e+01
4.937000000000000e+10 7.460185982546077e+00 -9.014955985933848e+01
4.970000000000000e+10 7.378443350008745e+00 -9.015046891034592e+01
5.003000000000000e+10 7.297561556927833e+00 -9.015137556107935e+01
5.036000000000000e+10 7.217523570282288e+00 -9.015227998095200e+01
5.069000000000000e+10 7.138312791739275e+00 -9.015318227316322e+01
5.102000000000000e+10 7.059913047123325e+00 -9.015408245571584e+01
5.135000000000000e+10 6.982308576777634e+00 -9.015498045308503e+01
5.168000000000000e+10 6.905484026274035e+00 -9.015587609945594e+01
5.201000000000000e+10 6.829424436968002e+00 -9.015676915300465e+01
5.234000000000000e+10 6.754115235989539e+00 -9.015765931932857e+01
5.267000000000000e+10 6.679542225403195e+00 -9.015854628099751e+01
5.300000000000000e+10 6.605691570436891e+00 -9.015942972944526e+01
5.333000000000000e+10 6.532549786853204e+00 -9.016030939514823e+01
5.366000000000000e+10 6.460103727695041e+00 -9.016118507226034e+01
5.399000000000000e+10 6.388340569759169e+00 -9.016205663457957e+01
5.432000000000000e+10 6.317247800227325e+00 -9.016292404081963e+01
5.465000000000000e+10 6.246813203901509e+00 -9.016378732851507e+01
5.498000000000000e+10 6.177024851448883e+00 -9.016464659732172e+01
5.531000000000000e+10 6.107871088971283e+00 -9.016550198382885e+01
5.564000000000000e+10 6.039340529081420e+00 -9.016635363108584e+01
5.597000000000000e+10 5.971422043515492e+00 -9.016720165674029e+01
5.630000000000000e+10 5.904104757154651e+00 -9.016804612388073e+01
5.663000000000000e+10 5.837378043188016e+00 -9.016888701838353e+01
5.696000000000000e+10 5.771231519045085e+00 -9.016972423574990e+01
5.729000000000000e+10 5.705655042664468e+00 -9.017055757926173e+01
5.762000000000000e+10 5.640638708661741e+00 -9.017138676985024e+01
5.795000000000000e+10 5.576172844006612e+00 -9.017221146659016e+01
5.828000000000000e+10 5.512248002913937e+00 -9.017303129535721e+01
5.861000000000000e+10 5.448854960783880e+00 -9.017384588211173e+01
5.894000000000000e+10 5.385984707175246e+00 -9.017465488661955e+01
5.927000000000000e+10 5.323628437942473e+00 -9.017545803228995e+01
5.960000000000000e+10 5.261777546799123e+00 -9.017625512821577e+01
5.993000000000000e+10 5.200423616663508e+00 -9.017704608041878e+01
6.026000000000000e+10 5.139558411193780e+00 -9.017783089059162e+01
6.059000000000000e+10 5.079173866915223e+00 -9.017860964217580e+01
6.092000000000000e+10 5.019262086290517e+00 -9.017938247519602e+01
6.125000000000000e+10 4.959815331985379e+00 -9.018014955271285e+01
6.158000000000000e+10 4.900826022452589e+00 -9.018091102286213e+01
6.191000000000000e+10 4.842286728812192e+00 -9.018166698109005e+01
6.224000000000000e+10 4.784190172863824e+00 -9.018241743725366e+01
6.257000000000000e+10 4.726529225943986e+00 -9.018316229175804e+01
6.290000000000000e+10 4.669296908255007e+00 -9.018390132385835e+01
6.323000000000000e+10 4.612486388250465e+00 -9.018463419380360e+01
6.356000000000000e+10 4.556090981672661e+00 -9.018536045881444e+01
6.389000000000000e+10 4.500104149895866e+00 -9.018607960116603e+01
6.422000000000000e+10 4.444519497331145e+00 -9.018679106510328e+01
6.455000000000000e+10 4.389330767779066e+00 -9.018749429815304e+01
6.488000000000000e+10 4.334531839759215e+00 -9.018818879176202e+01
6.521000000000000e+10 4.280116720986166e+00 -9.018887411615249e+01
6.554000000000000e+10 4.226079542277001e+00 -9.018954994492260e+01
6.587000000000000e+10 4.172414551257735e+00 -9.019021606607967e+01
6.620000000000000e+10 4.119116106269680e+00 -9.019087237781763e+01
6.653000000000000e+10 4.066178670862458e+00 -9.019151886921463e+01
6.686000000000000e+10 4.013596809196297e+00 -9.019215558789244e+01
6.719000000000000e+10 3.961365182572611e+00 -9.019278259835163e+01
6.752000000000000e+10 3.909478547181328e+00 -9.019339993592429e+01
6.785000000000000e+10 3.857931753012066e+00 -9.019400756193025e+01
6.818000000000000e+10 3.806719743741069e+00 -9.019460532558644e+01
6.851000000000000e+10 3.755837557295040e+00 -9.019519293748735e+01
6.884000000000000e+10 3.705280326719111e+00 -9.019576995811209e+01
6.917000000000000e+10 3.655043280947991e+00 -9.019633580301928e+01
6.950000000000000e+10 3.605121745102414e+00 -9.019688976430345e+01
6.983000000000000e+10 3.555511140001125e+00 -9.019743104584309e+01
7.016000000000000e+10 3.506206980686356e+00 -9.019795880806360e+01
7.049000000000000e+10 3.457204873892227e+00 -9.019847221662786e+01
7.082000000000000e+10 3.408500514525643e+00 -9.019897048883182e+01
7.115000000000000e+10 3.360089681360466e+00 -9.019945293159984e+01
7.148000000000000e+10 3.311968232250407e+00 -9.019991896587307e+01
7.181000000000000e+10 3.264132099233329e+00 -9.020036813374875e+01
7.214000000000000e+10 3.216577283918663e+00 -9.020080008680235e+01
7.247000000000000e+10 3.169299853520601e+00 -9.020121455634010e+01
7.280000000000000e+10 3.122295937823330e+00 -9.020161130863499e+01
7.313000000000000e+10 3.075561727253695e+00 -9.020199009015593e+01
7.346000000000000e+10 3.029093472102527e+00 -9.020235056921966e+01
7.379000000000000e+10 2.982887482796031e+00 -9.020269228111418e+01
7.412000000000000e+10 2.936940130991934e+00 -9.020301458351010e+01
7.445000000000000e+10 2.891247851175399e+00 -9.020331662788116e+01
7.478000000000000e+10 2.845807142370428e+00 -9.020359735078789e+01
7.511000000000000e+10 2.800614569572151e+00 -9.020385548648504e+01
7.544000000000000e+10 2.755666764543422e+00 -9.020408959963525e+01
7.577000000000000e+10 2.710960425702307e+00 -9.020429813431431e+01
7.610000000000000e+10 2.666492316944791e+00 -9.020447947326033e+01
7.643000000000000e+10 2.622259265384193e+00 -9.020463199978599e+01
7.676000000000000e+10 2.578258158128861e+00 -9.020475415410617e+01
7.709000000000000e+10 2.534485938344338e+00 -9.020484447619170e+01
7.742000000000000e+10 2.490939600941497e+00 -9.020490162858322e+01
7.775000000000000e+10 2.447616188283096e+00 -9.020492439480211e+01
7.808000000000000e+10 2.404512786305283e+00 -9.020491165179649e+01
7.841000000000000e+10 2.361626521402868e+00 -9.020486231796191e+01
7.874000000000000e+10 2.318954558337830e+00 -9.020477528126446e+01
7.907000000000000e+10 2.276494099306398e+00 -9.020464931454578e+01
7.940000000000000e+10 2.234242384160532e+00 -9.020448298682649e+01
7.973000000000000e+10 2.192196691638856e+00 -9.020427458011308e+01
8.006000000000000e+10 2.150354341339928e+00 -9.020402202077069e+01
8.039000000000000e+10 2.108712696080878e+00 -9.020372283287621e+01
8.072000000000000e+10 2.067269164239915e+00 -9.020337411838847e+01
8.105000000000000e+10 2.026021201685392e+00 -9.020297256562314e+01
8.138000000000000e+10 1.984966312948547e+00 -9.020251448389503e+01
8.171000000000000e+10 1.944102051394080e+00 -9.020199585863220e+01
8.204000000000000e+10 1.903426018269913e+00 -9.020141241828560e+01
8.237000000000000e+10 1.862935860659521e+00 -9.020075970226952e+01
8.270000000000000e+10 1.822629268499252e+00 -9.020003311831238e+01
8.303000000000000e+10 1.782503970941049e+00 -9.019922797809107e+01
8.336000000000000e+10 1.742557732424018e+00 -9.019833950182174e+01
8.369000000000000e+10 1.702788348854862e+00 -9.019736278546235e+01
8.402000000000000e+10 1.663193644284265e+00 -9.019629272793887e+01
8.435000000000000e+10 1.623771468403788e+00 -9.019512391995545e+01
8.468000000000000e+10 1.584519695084987e+00 -9.019385049990353e+01
8.501000000000000e+10 1.545436222051950e+00 -9.019246598570398e+01
8.534000000000000e+10 1.506518971636550e+00 -9.019096309358665e+01
8.567000000000000e+10 1.467765892430547e+00 -9.018933355548042e+01
8.600000000000000e+10 1.429174961538087e+00 -9.018756794574576e+01
8.633000000000000e+10 1.390744187058594e+00 -9.018565552530305e+01
8.666000000000000e+10 1.352471610404751e+00 -9.018358410714031e+01
8.699000000000000e+10 1.314355308085134e+00 -9.018133994193396e+01
8.732000000000000e+10 1.276393392653007e+00 -9.017890761671141e+01
8.765000000000000e+10 1.238584012633465e+00 -9.017626995357348e+01
8.798000000000000e+10 1.200925351375067e+00 -9.017340789013369e+01
8.831000000000000e+10 1.163415624913440e+00 -9.017030031889138e+01
8.864000000000000e+10 1.126053079063425e+00 -9.016692385962982e+01
8.897000000000000e+10 1.088835986058557e+00 -9.016325253715280e+01
8.930000000000000e+10 1.051762641116194e+00 -9.015925733605386e+01
8.963000000000000e+10 1.014831359318598e+00 -9.015490560429235e+01
8.996000000000000e+10 9.780404731604017e-01 -9.015016027725640e+01
9.029000000000000e+10 9.413883310284975e-01 -9.014497889265780e+01
9.062000000000000e+10 9.048732967604802e-01 -9.013931236251214e+01
9.095000000000000e+10 8.684937502893598e-01 -9.013310345988326e+01
9.128000000000000e+10 8.322480892423099e-01 -9.012628496271395e+01
9.161000000000000e+10 7.961347312386567e-01 -9.011877737225059e+01
9.194000000000000e+10 7.601521165429573e-01 -9.011048608544802e+01
9.227000000000000e+10 7.242987106854539e-01 -9.010129784416949e+01
9.260000000000000e+10 6.885730066700625e-01 -9.009107620111784e+01
9.293000000000000e+10 6.529735264497861e-01 -9.007965562098869e+01
9.326000000000000e+10 6.174988214539902e-01 -9.006683365552094e+01
9.359000000000000e+10 5.821474720895734e-01 -9.005236035991730e+01
9.392000000000000e+10 5.469180862929085e-01 -9.003592369923064e+01
9.425000000000000e+10 5.118092973650906e-01 -9.001712902832458e+01
9.458000000000000e+10 4.768197614656361e-01 -8.999546964125020e+01
9.491000000000000e+10 4.419481552610000e-01 -8.997028354771156e+01
9.524000000000000e+10 4.071931743304532e-01 -8.994068841646627e+01
9.557000000000000e+10 3.725535330472710e-01 -8.990548076653123e+01
9.590000000000000e+10 3.380279668473124e-01 -8.986297433326718e+01
9.623000000000000e+10 3.036152382211010e-01 -8.981073017751817e+01
9.656000000000000e+10 2.693141487771450e-01 -8.974508347001604e+01
9.689000000000000e+10 2.351235622214148e-01 -8.966026267408556e+01
9.722000000000000e+10 2.010424496058175e-01 -8.954662283740936e+01
9.755000000000000e+10 1.670699867867782e-01 -8.938674396195161e+01
9.788000000000000e+10 1.332057951128566e-01 -8.914562530896752e+01
9.821000000000000e+10 9.945066307766677e-02 -8.874103904942429e+01
9.854000000000000e+10 6.580946309202200e-02 -8.792341481122594e+01
9.887000000000000e+10 3.231215976071150e-02 -8.541141432403924e+01
9.920000000000000e+10 3.052656749565337e-03 2.411933629496183e+01
9.953000000000000e+10 3.473173120503223e-02 8.506446986086110e+01
9.986000000000000e+10 6.793403789760134e-02 8.730774857017749e+01
1.001900000000000e+11 1.010738468314984e-01 8.807533845197007e+01
1.005200000000000e+11 1.341256311807733e-01 8.846236549549759e+01
1.008500000000000e+11 1.670849568734061e-01 8.869532680279485e+01
1.011800000000000e+11 1.999510235906526e-01 8.885075160059993e+01
1.015100000000000e+11 2.327240822259085e-01 8.896168930537102e+01
1.018400000000000e+11 2.654047794771983e-01 8.904474628208426e+01
1.021700000000000e+11 2.979939364258301e-01 8.910917963280734e+01
1.025000000000000e+11 3.304924576924881e-01 8.916055673921048e+01
1.028300000000000e+11 3.629012878558494e-01 8.920242607482508e+01
1.031600000000000e+11 3.952213874932802e-01 8.923715555224172e+01
1.034900000000000e+11 4.274537184972066e-01 8.926638530394544e+01
1.038200000000000e+11 4.595992345213422e-01 8.929128713089078e+01
1.041500000000000e+11 4.916588748476579e-01 8.931272057821532e+01
1.044800000000000e+11 5.236335609464291e-01 8.933133071135921e+01
1.048100000000000e+11 5.555241953566773e-01 8.934761149222393e+01
1.051400000000000e+11 5.873316625819526e-01 8.936194805077767e+01
1.054700000000000e+11 6.190568316345592e-01 8.937464556256985e+01
1.058000000000000e+11 6.507005597570102e-01 8.938594937196868e+01
1.061300000000000e+11 6.822636967555084e-01 8.939605924901592e+01
1.064600000000000e+11 7.137470893296787e-01 8.940513963467710e+01
1.067900000000000e+11 7.451515847953596e-01 8.941332710123109e+01
1.071200000000000e+11 7.764780336786934e-01 8.942073586109173e+01
1.074500000000000e+11 8.077272908050526e-01 8.942746190291706e+01
1.077800000000000e+11 8.389002147006358e-01 8.943358616352401e+01
1.081100000000000e+11 8.699976653447270e-01 8.943917702569951e+01
1.084400000000000e+11 9.010205005295193e-01 8.944429234659249e+01
1.087700000000000e+11 9.319695712744028e-01 8.944898115774895e+01
1.091000000000000e+11 9.628457168769550e-01 8.945328512959567e+01
1.094300000000000e+11 9.936497602455704e-01 8.945723985657666e+01
1.097600000000000e+11 1.024382504138145e+00 8.946087599211329e+01
1.100900000000000e+11 1.055044728829001e+00 8.946422024378549e+01
1.104200000000000e+11 1.085637191552965e+00 8.946729622778859e+01
1.107500000000000e+11 1.116160627852828e+00 8.947012517676563e+01
1.110800000000000e+11 1.146615754711631e+00 8.947272649562638e+01
1.114100000000000e+11 1.177003275115863e+00 8.947511816461157e+01
1.117400000000000e+11 1.207323883500852e+00 8.947731699625454e+01
1.120700000000000e+11 1.237578271401679e+00 8.947933876150687e+01
1.124000000000000e+11 1.267767132589933e+00 8.948119820860036e+01
1.127300000000000e+11 1.297891167026542e+00 8.948290900494332e+01
1.130600000000000e+11 1.327951083099521e+00 8.948448363635765e+01
1.133900000000000e+11 1.357947597826502e+00 8.948593329867305e+01
1.137200000000000e+11 1.387881434960049e+00 8.948726781383681e+01
1.140500000000000e+11 1.417753321206305e+00 8.948849559655487e+01
1.143800000000000e+11 1.447563981019082e+00 8.948962368869358e+01
1.147100000000000e+11 1.477314130628923e+00 8.949065786827245e+01
1.150400000000000e+11 1.507004472083122e+00 8.949160282906158e+01
1.153700000000000e+11 1.536635688089776e+00 8.949246241681094e+01
1.157000000000000e+11 1.566208438373760e+00 8.949323990018323e+01
1.160300000000000e+11 1.595723358071807e+00 8.949393824942594e+01
1.163600000000000e+11 1.625181058440375e+00 8.949456039428263e+01
1.166900000000000e+11 1.654582129853769e+00 8.949510943475599e+01
1.170200000000000e+11 1.683927146769927e+00 8.949558878377994e+01
1.173500000000000e+11 1.713216674075270e+00 8.949600222893353e+01
1.176800000000000e+11 1.742451274025234e+00 8.949635391003143e+01
1.180100000000000e+11 1.771631512899251e+00 8.949664821950280e+01
1.183400000000000e+11 1.800757966504478e+00 8.949688964169225e+01
1.186700000000000e+11 1.829831223792286e+00 8.949708255443282e+01
1.190000000000000e+11 1.858851888080154e+00 8.949723102053269e+01
1.193300000000000e+11 1.887820575673529e+00 8.949733859767903e+01
1.196600000000000e+11 1.916737912018548e+00 8.949740819259885e+01
1.199900000000000e+11 1.945604525843714e+00 8.949744197940434e+01
1.203200000000000e+11 1.974421042025008e+00 8.949744139372406e+01
1.206500000000000e+11 2.003188074095097e+00 8.949740720442891e+01
1.209800000000000e+11 2.031906217387698e+00 8.949733965480588e+01
1.213100000000000e+11 2.060576043749381e+00 8.949723865610893e+01
1.216400000000000e+11 2.089198098568542e+00 8.949710400968840e+01
1.219700000000000e+11 2.117772900584276e+00 8.949693563017945e+01
1.223000000000000e+11 2.146300944582820e+00 8.949673374203272e+01
1.226300000000000e+11 2.174782706709538e+00 8.949649902498078e+01
1.229600000000000e+11 2.203218651770882e+00 8.949623269047491e+01
1.232900000000000e+11 2.231609241619512e+00 8.949593647988171e+01
1.236200000000000e+11 2.259954943546945e+00 8.949561258518322e+01
1.239500000000000e+11 2.288256237576331e+00 8.949526350281523e+01
1.242800000000000e+11 2.316513621662368e+00 8.949489183989124e+01
1.246100000000000e+11 2.344727614053694e+00 8.949450009819437e+01
1.249400000000000e+11 2.372898752428601e+00 8.949409046430590e+01
1.252700000000000e+11 2.401027589831083e+00 8.949366463355655e+01
1.256000000000000e+11 2.429114687860864e+00 8.949322369127485e+01
1.259300000000000e+11 2.457160607949456e+00 8.949276806754227e+01
1.262600000000000e+11 2.485165901834733e+00 8.949229757227036e+01
1.265900000000000e+11 2.513131102488380e+00 8.949181150705139e+01
1.269200000000000e+11 2.541056716729869e+00 8.949130884024976e+01
1.272500000000000e+11 2.568943220576901e+00 8.949078842345196e+01
1.275800000000000e+11 2.596791058052472e+00 8.949024922179777e+01
1.279100000000000e+11 2.624600643733523e+00 8.948969052857943e+01
1.282400000000000e+11 2.652372368838296e+00 8.948911213618175e+01
1.285700000000000e+11 2.680106610173309e+00 8.948851444072086e+01
1.289000000000000e+11 2.707803740857708e+00 8.948789846603513e+01
1.292300000000000e+11 2.735464141470111e+00 8.948726580290159e+01
1.295600000000000e+11 2.763088210159741e+00 8.948661847027950e+01
1.298900000000000e+11 2.790676370350317e+00 8.948595871554109e+01
1.302200000000000e+11 2.818229074935301e+00 8.948528877879251e+01
1.305500000000000e+11 2.845746806288268e+00 8.948461065139678e+01
1.308800000000000e+11 2.873230071941125e+00 8.948392586001120e+01
1.312100000000000e+11 2.900679396349469e+00 8.948323530464060e+01
1.315400000000000e+11 2.928095309695145e+00 8.948253917266939e+01
1.318700000000000e+11 2.955478335099565e+00 8.948183694137772e+01
1.322000000000000e+11 2.982828975879164e+00 8.948112747021396e+01
1.325300000000000e+11 3.010147704525222e+00 8.948040917253677e+01
1.328600000000000e+11 3.037434954922086e+00 8.947968024610938e+01
1.331900000000000e+11 3.064691118944293e+00 8.947893893371213e+01
1.335200000000000e+11 3.091916548036178e+00 8.947818378087599e+01
1.338500000000000e+11 3.119111559743851e+00 8.947741385757087e+01
1.341800000000000e+11 3.146276448516797e+00 8.947662891477924e+01
1.345100000000000e+11 3.173411499512489e+00 8.947582945480690e+01
1.348400000000000e+11 3.200517003699584e+00 8.947501670496433e+01
1.351700000000000e+11 3.227593272326904e+00 8.947419249655250e+01
1.355000000000000e+11 3.254640648844557e+00 8.947335906334466e+01
1.358300000000000e+11 3.281659516634175e+00 8.947251878438938e+01
1.361600000000000e+11 3.308650301402143e+00 8.947167390357971e+01
1.364900000000000e+11 3.335613467754993e+00 8.947082626196722e+01
1.368200000000000e+11 3.362549510226126e+00 8.946997707776495e+01
1.371500000000000e+11 3.389458939764707e+00 8.946912680338238e+01
1.374800000000000e+11 3.416342267330306e+00 8.946827507934650e+01
1.378100000000000e+11 3.443199986674299e+00 8.946742079270931e+01
1.381400000000000e+11 3.470032558566866e+00 8.946656223408728e+01
1.384700000000000e+11 3.496840398613473e+00 8.946569733452887e+01
1.388000000000000e+11 3.523623870401917e+00 8.946482395264040e+01
1.391300000000000e+11 3.550383285073873e+00 8.946394017530706e+01
1.394600000000000e+11 3.577118907599401e+00 8.946304459285854e+01
1.397900000000000e+11 3.603830969152690e+00 8.946213651212020e+01
1.401200000000000e+11 3.630519684153949e+00 8.946121607819576e+01
1.404500000000000e+11 3.657185269871148e+00 8.946028428719963e+01
1.407800000000000e+11 3.683827966058532e+00 8.945934288609354e+01
1.411100000000000e+11 3.710448052012294e+00 8.945839417052477e+01
1.414400000000000e+11 3.737045858672849e+00 8.945744070519933e+01
1.417700000000000e+11 3.763621773975837e+00 8.945648500206681e+01
1.421000000000000e+11 3.790176240488883e+00 8.945552919793660e+01
1.424300000000000e+11 3.816709745365329e+00 8.945457477420571e+01
1.427600000000000e+11 3.843222803675074e+00 8.945362235682913e+01
1.430900000000000e+11 3.869715937099912e+00 8.945267162502167e+01
1.434200000000000e+11 3.896189650679759e+00 8.945172134352462e+01
1.437500000000000e+11 3.922644410663998e+00 8.945076951733030e+01
1.440800000000000e+11 3.949080626496623e+00 8.944981365154072e+01
1.444100000000000e+11 3.975498639534337e+00 8.944885108466264e+01
1.447400000000000e+11 4.001898720299487e+00 8.944787935306393e+01
1.450700000000000e+11 4.028281075001600e+00 8.944689653901602e+01
1.454000000000000e+11 4.054645860847915e+00 8.944590155555747e+01
1.457300000000000e+11 4.080993208464822e+00 8.944489432843353e+01
1.460600000000000e+11 4.107323248724399e+00 8.944387584782328e+01
1.463900000000000e+11 4.133636140562618e+00 8.944284807898669e+01
1.467200000000000e+11 4.159932096091356e+00 8.944181373933341e+01
1.470500000000000e+11 4.186211399505128e+00 8.944077596733824e+01
1.473800000000000e+11 4.212474416959112e+00 8.943973792387331e+01
1.477100000000000e+11 4.238721595677446e+00 8.943870237679232e+01
1.480400000000000e+11 4.264953451917453e+00 8.943767132348233e+01
1.483700000000000e+11 4.291170548891556e+00 8.943664570289336e+01
1.487000000000000e+11 4.317373467148446e+00 8.943562523842931e+01
1.490300000000000e+11 4.343562771044418e+00 8.943460843714674e+01
1.493600000000000e+11 4.369738975631128e+00 8.943359275087251e+01
1.496900000000000e+11 4.395902518437545e+00 8.943257488356886e+01
1.500200000000000e+11 4.422053740182021e+00 8.943155120932285e+01
1.503500000000000e+11 4.448192877447553e+00 8.943051824938041e+01
1.506800000000000e+11 4.474320068896028e+00 8.942947314692991e+01
1.510100000000000e+11 4.500435374857804e+00 8.942841407637758e+01
1.513400000000000e+11 4.526538808329231e+00 8.942734053018485e+01
1.516700000000000e+11 4.552630373780603e+00 8.942625344044214e+01
1.520000000000000e+11 4.578710108946560e+00 8.942515511265239e+01
1.523300000000000e+11 4.604778124125217e+00 8.942404897327346e+01
1.526600000000000e+11 4.630834633564024e+00 8.942293915738203e+01
1.529900000000000e+11 4.656879974295509e+00 8.942182998513059e+01
1.533200000000000e+11 4.682914609229507e+00 8.942072539244083e+01
1.536500000000000e+11 4.708939113259065e+00 8.941962839016497e+01
1.539800000000000e+11 4.734954143359213e+00 8.941854062525047e+01
1.543100000000000e+11 4.760960395866319e+00 8.941746210697384e+01
1.546400000000000e+11 4.786958556030409e+00 8.941639114200562e+01
1.549700000000000e+11 4.812949246255756e+00 8.941532449611186e+01
1.553000000000000e+11 4.838932979982212e+00 8.941425777081341e+01
1.556300000000000e+11 4.864910127791469e+00 8.941318595406602e+01
1.559600000000000e+11 4.890880901047505e+00 8.941210407885974e+01
1.562900000000000e+11 4.916845356317467e+00 8.941100790610140e+01
1.566200000000000e+11 4.942803421197804e+00 8.940989454090595e+01
1.569500000000000e+11 4.968754939308475e+00 8.940876289595315e+01
1.572800000000000e+11 4.994699729484361e+00 8.940761393180946e+01
1.576100000000000e+11 5.020637651962227e+00 8.940645063054055e+01
1.579400000000000e+11 5.046568672962190e+00 8.940527769252448e+01
1.582700000000000e+11 5.072492918737245e+00 8.940410098306234e+01
1.586000000000000e+11 5.098410711021486e+00 8.940292679046458e+01
1.589300000000000e+11 5.124322577812957e+00 8.940176098602318e+01
1.592600000000000e+11 5.150229236384683e+00 8.940060819450363e+01
1.595900000000000e+11 5.176131548994107e+00 8.939947108849596e+01
1.599200000000000e+11 5.202030455518776e+00 8.939834990974218e+01
1.602500000000000e+11 5.227926890690762e+00 8.939724229590928e+01
1.605800000000000e+11 5.253821696249671e+00 8.939614345460835e+01
1.609100000000000e+11 5.279715539765277e+00 8.939504668194326e+01
1.612400000000000e+11 5.305608851821985e+00 8.939394417595385e+01
1.615700000000000e+11 5.331501791599278e+00 8.939282805211593e+01
1.619000000000000e+11 5.357394247732471e+00 8.939169143459596e+01
1.622300000000000e+11 5.383285877007649e+00 8.939052947834811e+01
1.625600000000000e+11 5.409176178426613e+00 8.938934017688186e+01
1.628900000000000e+11 5.435064595099842e+00 8.938812482992823e+01
1.632200000000000e+11 5.460950631969954e+00 8.938688808306425e+01
1.635500000000000e+11 5.486833974195570e+00 8.938563750386992e+01
1.638800000000000e+11 5.512714589676541e+00 8.938438272039579e+01
1.642100000000000e+11 5.538592800017550e+00 8.938313421000838e+01
1.645400000000000e+11 5.564469307294878e+00 8.938190188169258e+01
1.648700000000000e+11 5.590345169082090e+00 8.938069363455647e+01
1.652000000000000e+11 5.616221720804285e+00 8.937951409293682e+01
1.655300000000000e+11 5.642100451838872e+00 8.937836370984610e+01
1.658600000000000e+11 5.667982848924050e+00 8.937723839444411e+01
1.661900000000000e+11 5.693870226346947e+00 8.937612975833019e+01
1.665200000000000e+11 5.719763566109442e+00 8.937502599590348e+01
1.668500000000000e+11 5.745663392056511e+00 8.937391332525192e+01
1.671800000000000e+11 5.771569699383322e+00 8.937277782959369e+01
1.675100000000000e+11 5.797481955014939e+00 8.937160746766659e+01
1.678400000000000e+11 5.823399175568820e+00 8.937039397633984e+01
1.681700000000000e+11 5.849320078918886e+00 8.936913437924561e+01
1.685000000000000e+11 5.875243294130352e+00 8.936783184645829e+01
1.688300000000000e+11 5.901167604323547e+00 8.936649572188455e+01
1.691600000000000e+11 5.927092189494496e+00 8.936514064082074e+01
1.694900000000000e+11 5.953016832918314e+00 8.936378478803555e+01
1.698200000000000e+11 5.978942056492789e+00 8.936244747994232e+01
1.701500000000000e+11 6.004869157587678e+00 8.936114637333210e+01
1.704800000000000e+11 6.030800132183377e+00 8.935989468797266e+01
1.708100000000000e+11 6.056737484983491e+00 8.935869886432458e+01
1.711400000000000e+11 6.082683944697344e+00 8.935755704993487e+01
1.714700000000000e+11 6.108642119201074e+00 8.935645871656283e+01
1.718000000000000e+11 6.134614138052610e+00 8.935538556270498e+01
1.721300000000000e+11 6.160601336385477e+00 8.935431367082751e+01
1.724600000000000e+11 6.186604032833448e+00 8.935321669136307e+01
1.727900000000000e+11 6.212621444258539e+00 8.935206964707461e+01
1.731200000000000e+11 6.238651762461952e+00 8.935085282222551e+01
1.734500000000000e+11 6.264692394899589e+00 8.934955514610323e+01
1.737800000000000e+11 6.290740345992559e+00 8.934817651451169e+01
1.741100000000000e+11 6.316792691842315e+00 8.934672861679671e+01
1.744400000000000e+11 6.342847082998604e+00 8.934523403596963e+01
1.747700000000000e+11 6.368902200671736e+00 8.934372363834804e+01
1.751000000000000e+11 6.394958093470515e+00 8.934223253030022e+01
1.754300000000000e+11 6.421016334746750e+00 8.934079509309861e+01
1.757600000000000e+11 6.447079963522124e+00 8.933943977544195e+01
1.760900000000000e+11 6.473153201747542e+00 8.933818439883477e+01
1.764200000000000e+11 6.499240973142866e+00 8.933703269925857e+01
1.767500000000000e+11 6.525348279436183e+00 8.933597269066286e+01
1.770800000000000e+11 6.551479514016939e+00 8.933497720844761e+01
1.774100000000000e+11 6.577637807238985e+00 8.933400670363729e+01
1.777400000000000e+11 6.603824499589277e+00 8.933301404846040e+01
1.780700000000000e+11 6.630038828008656e+00 8.933195082211274e+01
1.784000000000000e+11 6.656277887780182e+00 8.933077430974699e+01
1.787300000000000e+11 6.682536900014694e+00 8.932945429935585e+01
1.790600000000000e+11 6.708809776429919e+00 8.932797872092760e+01
1.793900000000000e+11 6.735089933092727e+00 8.932635724857451e+01
1.797200000000000e+11 6.761371267580578e+00 8.932462217509966e+01
1.800500000000000e+11 6.787649183900633e+00 8.932282615403693e+01
1.803800000000000e+11 6.813921530182257e+00 8.932103676146970e+01
1.807100000000000e+11 6.840189308460666e+00 8.931932822711883e+01
1.810400000000000e+11 6.866457025598251e+00 8.931777108570667e+01
1.813700000000000e+11 6.892732580288182e+00 8.931642086866948e+01
1.817000000000000e+11 6.919026622918540e+00 8.931530725658149e+01
1.820300000000000e+11 6.945351381752089e+00 8.931442530891798e+01
1.823600000000000e+11 6.971719018579629e+00 8.931373044469474e+01
1.826900000000000e+11 6.998139657078676e+00 8.931313872695151e+01
1.830200000000000e+11 7.024619313557304e+00 8.931253366108358e+01
1.833500000000000e+11 7.051158045878132e+00 8.931178009667390e+01
1.836800000000000e+11 7.077748710150408e+00 8.931074486233692e+01
1.840100000000000e+11 7.104376755075213e+00 8.930932241235764e+01
1.843400000000000e+11 7.131021456080341e+00 8.930746203530471e+01
1.846700000000000e+11 7.157658846908138e+00 8.930519124653775e+01
1.850000000000000e+11 7.184266292732042e+00 8.930262835000995e+01
1.853300000000000e+11 7.210828142554058e+00 8.929997673716885e+01
1.856600000000000e+11 7.237341263878105e+00 8.929749556712638e+01
1.859900000000000e+11 7.263818715752445e+00 8.929544709690424e+01
1.863200000000000e+11 7.290289725977241e+00 8.929402978848536e+01
1.866500000000000e+11 7.316794870171450e+00 8.929331554515676e+01
1.869800000000000e+11 7.343376946916925e+00 8.929321378554464e+01
1.873100000000000e+11 7.370069948566520e+00 8.929347971274179e+01
1.876400000000000e+11 7.396889718430101e+00 8.929376898225152e+01
1.879700000000000e+11 7.423829524773337e+00 8.929372267001895e+01
1.883000000000000e+11 7.450861925554864e+00 8.929305481841756e+01
1.886300000000000e+11 7.477945942019518e+00 8.929161586231938e+01
1.889600000000000e+11 7.505036915022651e+00 8.928941693161630e+01
1.892900000000000e+11 7.532096086629530e+00 8.928661491092268e+01
1.896200000000000e+11 7.559097707141305e+00 8.928346911730641e+01
1.899500000000000e+11 7.586032660894772e+00 8.928028467590499e+01
1.902800000000000e+11 7.612908657105563e+00 8.927735630028566e+01
1.906100000000000e+11 7.639747682804758e+00 8.927492202827089e+01
1.909400000000000e+11 7.666581671351270e+00 8.927313192947109e+01
1.912700000000000e+11 7.693447330501880e+00 8.927203314724682e+01
1.916000000000000e+11 7.720380931302524e+00 8.927157017234028e+01
1.919300000000000e+11 7.747413672290502e+00 8.927159779149545e+01
1.922600000000000e+11 7.774568047168154e+00 8.927190341408756e+01
1.925900000000000e+11 7.801855474038692e+00 8.927223520715127e+01
1.929200000000000e+11 7.829275293283891e+00 8.927233251022015e+01
1.932500000000000e+11 7.856815108750531e+00 8.927195527317278e+01
1.935800000000000e+11 7.884452333611492e+00 8.927090971685993e+01
1.939100000000000e+11 7.912156710358661e+00 8.926906802158214e+01
1.942400000000000e+11 7.939893507120687e+00 8.926638056173704e+01
1.945700000000000e+11 7.967627052887879e+00 8.926287997637226e+01
1.949000000000000e+11 7.995324263976149e+00 8.925867713867629e+01
1.952300000000000e+11 8.022957832945513e+00 8.925394980518433e+01
1.955600000000000e+11 8.050508796792938e+00 8.924892533502440e+01
1.958900000000000e+11 8.077968269074340e+00 8.924385932799893e+01
1.962200000000000e+11 8.105338204461974e+00 8.923901230774935e+01
1.965500000000000e+11 8.132631156648166e+00 8.923462665764879e+01
1.968800000000000e+11 8.159869083382681e+00 8.923090590278282e+01
1.972100000000000e+11 8.187081337678473e+00 8.922799813699967e+01
1.975400000000000e+11 8.214302054432016e+00 8.922598494935646e+01
1.978700000000000e+11 8.241567190792614e+00 8.922487665153314e+01
1.982000000000000e+11 8.268911502416099e+00 8.922461399863610e+01
1.985300000000000e+11 8.296365734460293e+00 8.922507598737873e+01
1.988600000000000e+11 8.323954276644001e+00 8.922609276529013e+01
1.991900000000000e+11 8.351693479303298e+00 8.922746224419167e+01
1.995200000000000e+11 8.379590757802376e+00 8.922896872123856e+01
1.998500000000000e+11 8.407644533204810e+00 8.923040169595113e+01
2.001800000000000e+11 8.435844975952497e+00 8.923157313760883e+01
2.005100000000000e+11 8.464175444536954e+00 8.923233169074706e+01
2.008400000000000e+11 8.492614449964824e+00 8.923257267661671e+01
2.011700000000000e+11 8.521137934733968e+00 8.923224321176504e+01
2.015000000000000e+11 8.549721635401953e+00 8.923134227027917e+01
2.018300000000000e+11 8.578343301603734e+00 8.922991601115910e+01
2.021600000000000e+11 8.606984570138769e+00 8.922804912838524e+01
2.024900000000000e+11 8.635632336982644e+00 8.922585331885388e+01
2.028200000000000e+11 8.664279527603899e+00 8.922345417483517e+01
2.031500000000000e+11 8.692925230519078e+00 8.922097787909640e+01
2.034800000000000e+11 8.721574223894249e+00 8.921853901266455e+01
2.038100000000000e+11 8.750235983704322e+00 8.921623059117790e+01
2.041400000000000e+11 8.778923308841993e+00 8.921411715126014e+01
2.044700000000000e+11 8.807650729352156e+00 8.921223134759430e+01
2.048000000000000e+11 8.836432876156303e+00 8.921057413396684e+01
2.051300000000000e+11 8.865282983745638e+00 8.920911822842487e+01
2.054600000000000e+11 8.894211672892814e+00 8.920781424189703e+01
2.057900000000000e+11 8.923226121804781e+00 8.920659861238421e+01
2.061200000000000e+11 8.952329686076725e+00 8.920540235423418e+01
2.064500000000000e+11 8.981521975889057e+00 8.920415961301249e+01
2.067800000000000e+11 9.010799348918196e+00 8.920281510720210e+01
2.071100000000000e+11 9.040155734717070e+00 8.920132972262633e+01
2.074400000000000e+11 9.069583675173190e+00 8.919968377875745e+01
2.077700000000000e+11 9.099075448884369e+00 8.919787777633275e+01
2.081000000000000e+11 9.128624146036797e+00 8.919593072897506e+01
2.084300000000000e+11 9.158224573987015e+00 8.919387644536806e+01
2.087600000000000e+11 9.187873900002101e+00 8.919175833554031e+01
2.090900000000000e+11 9.217571972978972e+00 8.918962344525984e+01
2.094200000000000e+11 9.247321306064245e+00 8.918751646616367e+01
2.097500000000000e+11 9.277126742214682e+00 8.918547442581443e+01
2.100800000000000e+11 9.306994860349180e+00 8.918352264078679e+01
2.104100000000000e+11 9.336933206994095e+00 8.918167233470189e+01
2.107400000000000e+11 9.366949454467706e+00 8.917992010537419e+01
2.110700000000000e+11 9.397050590289977e+00 8.917824919755446e+01
2.114000000000000e+11 9.427242233737918e+00 8.917663232682990e+01
2.117300000000000e+11 9.457528155828909e+00 8.917503562975553e+01
2.120600000000000e+11 9.487910051227892e+00 8.917342320325818e+01
2.123900000000000e+11 9.518387578236055e+00 8.917176165325458e+01
2.127200000000000e+11 9.548958650117314e+00 8.917002410020017e+01
2.130500000000000e+11 9.579619931455682e+00 8.916819318146477e+01
2.133800000000000e+11 9.610367470396225e+00 8.916626273320669e+01
2.137100000000000e+11 9.641197383947473e+00 8.916423800862762e+01
2.140400000000000e+11 9.672106510309224e+00 8.916213447306632e+01
2.143700000000000e+11 9.703092949441194e+00 8.915997538712435e+01
2.147000000000000e+11 9.734156429574993e+00 8.915778852712913e+01
2.150300000000000e+11 9.765298460813174e+00 8.915560248261463e+01
2.153600000000000e+11 9.796522264325263e+00 8.915344300421243e+01
2.156900000000000e+11 9.827832493525650e+00 8.915132985053262e+01
2.160200000000000e+11 9.859234788635005e+00 8.914927450435451e+01
2.163500000000000e+11 9.890735225241761e+00 8.914727900805757e+01
2.166800000000000e+11 9.922339728724477e+00 8.914533602163722e+01
2.170100000000000e+11 9.954053528525563e+00 8.914343005248774e+01
2.173400000000000e+11 9.985880719255530e+00 8.914153966336592e+01
2.176700000000000e+11 1.001782398055061e+01 8.913964035059411e+01
2.180000000000000e+11 1.004988448655105e+01 8.913770771171539e+01
2.183300000000000e+11 1.008206201154081e+01 8.913572049812004e+01
2.186600000000000e+11 1.011435521375327e+01 8.913366317501477e+01
2.189900000000000e+11 1.014676205762463e+01 8.913152768373054e+01
2.193200000000000e+11 1.017928031846478e+01 8.912931420945522e+01
2.196500000000000e+11 1.021190810450318e+01 8.912703088678255e+01
2.199800000000000e+11 1.024464433050047e+01 8.912469250947146e+01
2.203100000000000e+11 1.027748908452610e+01 8.912231843298106e+01
2.206400000000000e+11 1.031044384400390e+01 8.911992995395578e+01
2.209700000000000e+11 1.034351151681525e+01 8.911754750885760e+01
2.213000000000000e+11 1.037669630558581e+01 8.911518804813240e+01
2.216300000000000e+11 1.041000341547446e+01 8.911286291195255e+01
2.219600000000000e+11 1.044343864507982e+01 8.911057646341551e+01
2.222900000000000e+11 1.047700791413248e+01 8.910832563462938e+01
2.226200000000000e+11 1.051071678878183e+01 8.910610042341379e+01
2.229500000000000e+11 1.054457006472006e+01 8.910388525833974e+01
2.232800000000000e+11 1.057857146028860e+01 8.910166104248928e+01
2.236100000000000e+11 1.061272345718557e+01 8.909940760471498e+01
2.239400000000000e+11 1.064702730733792e+01 8.909710624106022e+01
2.242700000000000e+11 1.068148320334418e+01 8.909474202343543e+01
2.246000000000000e+11 1.071609058930475e+01 8.909230558760358e+01
2.249300000000000e+11 1.075084857140004e+01 8.908979418295588e+01
2.252600000000000e+11 1.078575637539922e+01 8.908721186304729e+01
2.255900000000000e+11 1.082081379285290e+01 8.908456880595021e+01
2.259200000000000e+11 1.085602155965605e+01 8.908187986325177e+01
2.262500000000000e+11 1.089138161966372e+01 8.907916253228032e+01
2.265800000000000e+11 1.092689724092014e+01 8.907643461618032e+01
2.269100000000000e+11 1.096257297092282e+01 8.907371187237750e+01
2.272400000000000e+11 1.099841443780460e+01 8.907100594772842e+01
2.275700000000000e+11 1.103442802380371e+01 8.906832285897558e+01
2.279000000000000e+11 1.107062045346416e+01 8.906566220536045e+01
2.282300000000000e+11 1.110699834966214e+01 8.906301720572034e+01
2.285600000000000e+11 1.114356781446399e+01 8.906037554715863e+01
2.288900000000000e+11 1.118033408851623e+01 8.905772092973581e+01
2.292200000000000e+11 1.121730133258156e+01 8.905503510448285e+01
2.295500000000000e+11 1.125447255924891e+01 8.905230014118645e+01
2.298800000000000e+11 1.129184972374063e+01 8.904950063533492e+01
2.302100000000000e+11 1.132943396252323e+01 8.904662557345335e+01
2.305400000000000e+11 1.136722594964967e+01 8.904366962128600e+01
2.308700000000000e+11 1.140522632579015e+01 8.904063367399563e+01
2.312000000000000e+11 1.144343614562966e+01 8.903752460210127e+01
2.315300000000000e+11 1.148185728689449e+01 8.903435422929249e+01
2.318600000000000e+11 1.152049276904007e+01 8.903113767562174e+01
2.321900000000000e+11 1.155934694099885e+01 8.902789127967860e+01
2.325200000000000e+11 1.159842551393996e+01 8.902463036617833e+01
2.328500000000000e+11 1.163773543466884e+01 8.902136714441231e+01
2.331800000000000e+11 1.167728461561998e+01 8.901810900586538e+01
2.335100000000000e+11 1.171708155581272e+01 8.901485743821723e+01
2.338400000000000e+11 1.175713490129878e+01 8.901160769434956e+01
2.341700000000000e+11 1.179745300171754e+01 8.900834925881858e+01
2.345000000000000e+11 1.183804352052013e+01 8.900506705263660e+01
2.348300000000000e+11 1.187891315005070e+01 8.900174322299590e+01
2.351600000000000e+11 1.192006746973686e+01 8.899835928970519e+01
2.354900000000000e+11 1.196151096772593e+01 8.899489837410722e+01
2.358200000000000e+11 1.200324722563943e+01 8.899134722495636e+01
2.361500000000000e+11 1.204527924529496e+01 8.898769778072445e+01
2.364800000000000e+11 1.208760987790836e+01 8.898394806591941e+01
2.368100000000000e+11 1.213024230277374e+01 8.898010230306255e+01
2.371400000000000e+11 1.217318049549964e+01 8.897617022138414e+01
2.374700000000000e+11 1.221642962649519e+01 8.897216564562288e+01
2.378000000000000e+11 1.225999633857660e+01 8.896810454060481e+01
2.381300000000000e+11 1.230388886735421e+01 8.896400275787511e+01
2.384600000000000e+11 1.234811698769476e+01 8.895987377045554e+01
2.387900000000000e+11 1.239269179160446e+01 8.895572668562232e+01
2.391200000000000e+11 1.243762532459857e+01 8.895156479256606e+01
2.394500000000000e+11 1.248293012624106e+01 8.894738483585721e+01
2.397800000000000e+11 1.252861873364735e+01 8.894317711474800e+01
2.401100000000000e+11 1.257470321257339e+01 8.893892640381576e+01
2.404400000000000e+11 1.262119477841307e+01 8.893461358540364e+01
2.407700000000000e+11 1.266810355912362e+01 8.893021779206916e+01
2.411000000000000e+11 1.271543853498463e+01 8.892571878968539e+01
2.414300000000000e+11 1.276320766819755e+01 8.892109929781030e+01
2.417600000000000e+11 1.281141821136686e+01 8.891634694814142e+01
2.420900000000000e+11 1.286007716085538e+01 8.891145562422744e+01
2.424200000000000e+11 1.290919180183170e+01 8.890642600119391e+01
2.427500000000000e+11 1.295877027902929e+01 8.890126520390048e+01
2.430800000000000e+11 1.300882212257476e+01 8.889598561338155e+01
2.434100000000000e+11 1.305935866248605e+01 8.889060296069266e+01
2.437400000000000e+11 1.311039327825500e+01 8.888513394056446e+01
2.440700000000000e+11 1.316194144989248e+01 8.887959364247168e+01
2.444000000000000e+11 1.321402060157056e+01 8.887399312518508e+01
2.447300000000000e+11 1.326664975552599e+01 8.886833744830780e+01
2.450600000000000e+11 1.331984903886543e+01 8.886262442154518e+01
2.453900000000000e+11 1.337363910611888e+01 8.885684424548516e+01
2.457200000000000e+11 1.342804055312577e+01 8.885098010678267e+01
2.460500000000000e+11 1.348307340127421e+01 8.884500966954788e+01
2.463800000000000e+11 1.353875672456311e+01 8.883890728858709e+01
2.467100000000000e+11 1.359510847596580e+01 8.883264667384978e+01
2.470400000000000e+11 1.365214554591632e+01 8.882620367167296e+01
2.473700000000000e+11 1.370988405720450e+01 8.881955880596288e+01
2.477000000000000e+11 1.376833987064077e+01 8.881269924503594e+01
2.480300000000000e+11 1.382752924829390e+01 8.880561992556258e+01
2.483600000000000e+11 1.388746959947904e+01 8.879832366649332e+01
2.486900000000000e+11 1.394818022191981e+01 8.879082023098279e+01
2.490200000000000e+11 1.400968294851265e+01 8.878312442784112e+01
2.493500000000000e+11 1.407200261951760e+01 8.877525346926994e+01
2.496800000000000e+11 1.413516731997096e+01 8.876722390253910e+01
2.500100000000000e+11 1.419920835052824e+01 8.875904849638444e+01
2.503400000000000e+11 1.426415993348647e+01 8.875073347926920e+01
2.506700000000000e+11 1.433005869035212e+01 8.874227649280475e+01
2.510000000000000e+11 1.439694295865132e+01 8.873366554240052e+01
2.513300000000000e+11 1.446485203960903e+01 8.872487910752970e+01
2.516600000000000e+11 1.453382548153814e+01 8.871588742988716e+01
2.519900000000000e+11 1.460390250415975e+01 8.870665484681230e+01
2.523200000000000e+11 1.467512165609242e+01 8.869714289866931e+01
2.526500000000000e+11 1.474752077251938e+01 8.868731383045673e+01
2.529800000000000e+11 1.482113726528315e+01 8.867713404453161e+01
2.533100000000000e+11 1.489600873741417e+01 8.866657705239979e+01
2.536400000000000e+11 1.497217387322561e+01 8.865562552193821e+01
2.539700000000000e+11 1.504967351877741e+01 8.864427211782954e+01
2.543000000000000e+11 1.512855184048694e+01 8.863251897633877e+01
2.546300000000000e+11 1.520885743580154e+01 8.862037582413672e+01
2.549600000000000e+11 1.529064427148568e+01 8.860785692429667e+01
2.552900000000000e+11 1.537397234276005e+01 8.859497718915726e+01
2.556200000000000e+11 1.545890797881829e+01 8.858174791908733e+01
2.559500000000000e+11 1.554552376380237e+01 8.856817269176899e+01
2.562800000000000e+11 1.563389809223769e+01 8.855424392798352e+01
2.566100000000000e+11 1.572411442822814e+01 8.853994059419750e+01
2.569400000000000e+11 1.581626038208760e+01 8.852522737498825e+01
2.572700000000000e+11 1.591042675061052e+01 8.851005547304703e+01
2.576000000000000e+11 1.600670668316579e+01 8.849436499135781e+01
2.579300000000000e+11 1.610519513235095e+01 8.847808864578673e+01
2.582600000000000e+11 1.620598872452948e+01 8.846115637282330e+01
2.585900000000000e+11 1.630918614410942e+01 8.844350026082385e+01
2.589200000000000e+11 1.641488907019814e+01 8.842505916311003e+01
2.592500000000000e+11 1.652320364151610e+01 8.840578235934947e+01
2.595800000000000e+11 1.663424236264115e+01 8.838563172015279e+01
2.599100000000000e+11 1.674812630969230e+01 8.836458199120702e+01
2.602400000000000e+11 1.686498745380652e+01 8.834261903065554e+01
2.605700000000000e+11 1.698497090219114e+01 8.831973608229544e+01
2.609000000000000e+11 1.710823686286229e+01 8.829592841798517e+01
2.612300000000000e+11 1.723496217141620e+01 8.827118690424484e+01
2.615600000000000e+11 1.736534127415110e+01 8.824549121112305e+01
2.618900000000000e+11 1.749958663646801e+01 8.821880346234491e+01
2.622200000000000e+11 1.763792863090511e+01 8.819106310967864e+01
2.625500000000000e+11 1.778061504582396e+01 8.816218369767442e+01
2.628800000000000e+11 1.792791043322611e+01 8.813205197610614e+01
2.632100000000000e+11 1.808009557254442e+01 8.810052953732732e+01
2.635400000000000e+11 1.823746735835208e+01 8.806745683523552e+01
2.638700000000000e+11 1.840033941850754e+01 8.803265911930178e+01
2.642000000000000e+11 1.856904373380625e+01 8.799595353124887e+01
2.645300000000000e+11 1.874393346336771e+01 8.795715640084227e+01
2.648600000000000e+11 1.892538708843598e+01 8.791608967094959e+01
2.651900000000000e+11 1.911381388121140e+01 8.787258539907342e+01
2.655200000000000e+11 1.930966059748468e+01 8.782648742756375e+01
2.658500000000000e+11 1.951341919625620e+01 8.777764957700779e+01
2.661800000000000e+11 1.972563532008473e+01 8.772593007175718e+01
2.665100000000000e+11 1.994691723901980e+01 8.767118231565230e+01
2.668400000000000e+11 2.017794497800992e+01 8.761324255322884e+01
2.671700000000000e+11 2.041947941803106e+01 8.755191532627202e+01
2.675000000000000e+11 2.067237128519219e+01 8.748695791755567e+01
2.678300000000000e+11 2.093757011496346e+01 8.741806511980758e+01
2.681600000000000e+11 2.121613349060689e+01 8.734485564727220e+01
2.684900000000000e+11 2.150923709224978e+01 8.726686130561693e+01
2.688200000000000e+11 2.181818634013000e+01 8.718351965912399e+01
2.691500000000000e+11 2.214443065703264e+01 8.709417040845108e+01
2.694800000000000e+11 2.248958159877039e+01 8.699805506236233e+01
2.698100000000000e+11 2.285543630175272e+01 8.689431881034658e+01
2.701400000000000e+11 2.324400787601141e+01 8.678201284316170e+01
2.704700000000000e+11 2.365756454431443e+01 8.666009478488367e+01
2.708000000000000e+11 2.409867951987351e+01 8.652742444064474e+01
2.711300000000000e+11 2.457029386810081e+01 8.638275175637203e+01
2.714600000000000e+11 2.507579497058505e+01 8.622469373153056e+01
2.717900000000000e+11 2.561911378169980e+01 8.605169699296829e+01
2.721200000000000e+11 2.620484494727349e+01 8.586198276173678e+01
2.724500000000000e+11 2.683839518564000e+01 8.565347091919278e+01
2.727800000000000e+11 2.752616731383283e+01 8.542367964982537e+01
2.731100000000000e+11 2.827579021648867e+01 8.516959649207246e+01
2.734400000000000e+11 2.909640930707837e+01 8.488751527042913e+01
2.737700000000000e+11 2.999905821912532e+01 8.457283090277762e+01
2.741000000000000e+11 3.099714149713020e+01 8.421977989084108e+01
2.744300000000000e+11 3.210707134237119e+01 8.382110753967176e+01
2.747600000000000e+11 3.334912124087305e+01 8.336763226255026e+01
2.750900000000000e+11 3.474858916055084e+01 8.284766051116981e+01
2.754200000000000e+11 3.633740883936557e+01 8.224617919763229e+01
2.757500000000000e+11 3.815641921532798e+01 8.154370939523804e+01
2.760800000000000e+11 4.025861536357213e+01 8.071463376929563e+01
2.764100000000000e+11 4.271388578060920e+01 7.972468857207257e+01
2.767400000000000e+11 4.561603204975660e+01 7.852709715261506e+01
2.770700000000000e+11 4.909332578721674e+01 7.705643390014677e+01
2.774000000000000e+11 5.332453240067564e+01 7.521858302198940e+01
2.777300000000000e+11 5.856310231948064e+01 7.287377409962274e+01
2.780600000000000e+11 6.517208614885270e+01 6.980703146428986e+01
2.783900000000000e+11 7.366625153933263e+01 6.567557464582211e+01
2.787200000000000e+11 8.472394737874600e+01 5.991607935361979e+01
2.790500000000000e+11 9.898283791550611e+01 5.159944541983347e+01
2.793800000000000e+11 1.159223044615637e+02 3.932538840648858e+01
2.797100000000000e+11 1.305003378094133e+02 2.177740281692575e+01
2.800400000000000e+11 1.313687303115668e+02 1.865301138536065e-01
2.803700000000000e+11 1.148210434511273e+02 -2.022933565115861e+01
2.807000000000000e+11 9.237658610828157e+01 -3.554291207180928e+01
2.810300000000000e+11 7.293781907892520e+01 -4.592752123974916e+01
2.813600000000000e+11 5.813696958619513e+01 -5.290320684848885e+01
2.816900000000000e+11 4.710509934247966e+01 -5.769389239205205e+01
2.820200000000000e+11 3.877558953914132e+01 -6.106768712342469e+01
2.823500000000000e+11 3.234671292272331e+01 -6.348662046277493e+01
2.826800000000000e+11 2.727066482585202e+01 -6.523175008001941e+01
2.830100000000000e+11 2.317801272229868e+01 -6.647762033912056e+01
2.833400000000000e+11 1.981661403449955e+01 -6.733392879811511e+01
2.836700000000000e+11 1.701093986447959e+01 -6.786876343777865e+01
2.840000000000000e+11 1.463615868374980e+01 -6.812154130387133e+01
2.843300000000000e+11 1.260165965434744e+01 -6.810990299767168e+01
2.846600000000000e+11 1.084044743275539e+01 -6.783267470142647e+01
2.849900000000000e+11 9.302201811463698e+00 -6.726976006015725e+01
2.853200000000000e+11 7.948665721277626e+00 -6.637892937381615e+01
2.856500000000000e+11 6.750557141413188e+00 -6.508855720574292e+01
2.859800000000000e+11 5.685531332963758e+00 -6.328403370408276e+01
2.863100000000000e+11 4.736945276401247e+00 -6.078326252133494e+01
2.866400000000000e+11 3.893370495898570e+00 -5.729246424781594e+01
2.869700000000000e+11 3.149043995870790e+00 -5.232688948410063e+01
2.873000000000000e+11 2.505840306689300e+00 -4.507845763617817e+01
2.876300000000000e+11 1.977807236065212e+00 -3.426726775254243e+01
2.879600000000000e+11 1.597848179667417e+00 -1.837471146430978e+01
2.882900000000000e+11 1.413767108577806e+00 2.479348875348848e+00
2.886200000000000e+11 1.444611895290111e+00 2.392521066747404e+01
2.889500000000000e+11 1.639892231483940e+00 4.094418498874619e+01
2.892800000000000e+11 1.924422333113914e+00 5.272306322223967e+01
2.896100000000000e+11 2.246652578140901e+00 6.068855657977979e+01
2.899400000000000e+11 2.579848324267040e+00 6.621223995590294e+01
2.902700000000000e+11 2.911174624628735e+00 7.018416361718633e+01
2.906000000000000e+11 3.234592122788106e+00 7.314105084406116e+01
2.909300000000000e+11 3.547363856859721e+00 7.540916155327903e+01
2.912600000000000e+11 3.848396957921583e+00 7.719300541372975e+01
2.915900000000000e+11 4.137434243523717e+00 7.862538960262894e+01
2.919200000000000e+11 4.414645111340784e+00 7.979557102700448e+01
2.922500000000000e+11 4.680412079682706e+00 8.076547170807935e+01
2.925800000000000e+11 4.935217617668845e+00 8.157930921129419e+01
2.929100000000000e+11 5.179584368520010e+00 8.226949408540690e+01
2.932400000000000e+11 5.414044474888028e+00 8.286034419363703e+01
2.935700000000000e+11 5.639124787587290e+00 8.337048310341743e+01
2.939000000000000e+11 5.855340459166159e+00 8.381442342419474e+01
2.942300000000000e+11 6.063192556513481e+00 8.420363372580331e+01
2.945600000000000e+11 6.263167154639652e+00 8.454727246573400e+01
2.948900000000000e+11 6.455734509927566e+00 8.485270459382600e+01
2.952200000000000e+11 6.641347654690920e+00 8.512587531099369e+01
2.955500000000000e+11 6.820440253315394e+00 8.537158956123344e+01
2.958800000000000e+11 6.993423887109627e+00 8.559372901086179e+01
2.962100000000000e+11 7.160685128497905e+00 8.579542701792637e+01
2.965400000000000e+11 7.322582848540456e+00 8.597921442198917e+01
2.968700000000000e+11 7.479446193668241e+00 8.614714373241355e+01
2.972000000000000e+11 7.631573587183466e+00 8.630089577147285e+01
2.975300000000000e+11 7.779232980011235e+00 8.644187060125724e+01
2.978600000000000e+11 7.922663416638700e+00 8.657126332736384e+01
2.981900000000000e+11 8.062077819553387e+00 8.669012488920993e+01
2.985200000000000e+11 8.197666750139375e+00 8.679940800935950e+01
2.988500000000000e+11 8.329602793226465e+00 8.689999889342216e+01
2.991800000000000e+11 8.458045148078694e+00 8.699273587620476e+01
2.995100000000000e+11 8.583143995990138e+00 8.707841684905642e+01
2.998400000000000e+11 8.705044252913137e+00 8.715779785544670e+01
3.001700000000000e+11 8.823888397983778e+00 8.723158561652980e+01
3.005000000000000e+11 8.939818184089562e+00 8.730042688970640e+01
3.008300000000000e+11 9.052975170166148e+00 8.736489744936860e+01
3.011600000000000e+11 9.163500150625811e+00 8.742549312043148e+01
3.014900000000000e+11 9.271531679326293e+00 8.748262473101850e+01
3.018200000000000e+11 9.377203979945328e+00 8.753661814238471e+01
3.021500000000000e+11 9.480644591210893e+00 8.758771973933086e+01
3.024800000000000e+11 9.581972108594906e+00 8.763610700697868e+01
3.028100000000000e+11 9.681294353585368e+00 8.768190316090163e+01
3.031400000000000e+11 9.778707232592412e+00 8.772519430545022e+01
3.034700000000000e+11 9.874294449559411e+00 8.776604731692905e+01
3.038000000000000e+11 9.968128122301872e+00 8.780452660477346e+01
3.041300000000000e+11 1.006027023686095e+01 8.784070808744472e+01
3.044600000000000e+11 1.015077477077683e+01 8.787468909643106e+01
3.047900000000000e+11 1.023969023716619e+01 8.790659343666672e+01
3.051200000000000e+11 1.032706235544817e+01 8.793657141684130e+01
3.054500000000000e+11 1.041293654586995e+01 8.796479524613008e+01
3.057800000000000e+11 1.049735997344218e+01 8.799145070665720e+01
3.061100000000000e+11 1.058038292794237e+01 8.801672639694333e+01
3.064400000000000e+11 1.066205941203174e+01 8.804080206119143e+01
3.067700000000000e+11 1.074244690836870e+01 8.806383755349275e+01
3.071000000000000e+11 1.082160539664172e+01 8.808596383762769e+01
3.074300000000000e+11 1.089959578056244e+01 8.810727711548741e+01
3.077600000000000e+11 1.097647795243527e+01 8.812783675135243e+01
3.080900000000000e+11 1.105230876113446e+01 8.814766716917667e+01
3.084200000000000e+11 1.112714015407207e+01 8.816676340583157e+01
3.087500000000000e+11 1.120101773510878e+01 8.818509956424683e+01
3.090800000000000e+11 1.127397992255765e+01 8.820263907779363e+01
3.094100000000000e+11 1.134605781221031e+01 8.821934550802627e+01
3.097400000000000e+11 1.141727575988768e+01 8.823519257045339e+01
3.100700000000000e+11 1.148765260777627e+01 8.825017221541685e+01
3.104000000000000e+11 1.155720339982319e+01 8.826429986207661e+01
3.107300000000000e+11 1.162594137316383e+01 8.827761625557808e+01
3.110600000000000e+11 1.169387998162529e+01 8.829018584254617e+01
3.113900000000000e+11 1.176103470702094e+01 8.830209198534750e+01
3.117200000000000e+11 1.182742444368432e+01 8.831342971018502e+01
3.120500000000000e+11 1.189307229737259e+01 8.832429696470300e+01
3.123800000000000e+11 1.195800571411161e+01 8.833478551643601e+01
3.127100000000000e+11 1.202225593842353e+01 8.834497263852447e+01
3.130400000000000e+11 1.208585688329715e+01 8.835491460502381e+01
3.133700000000000e+11 1.214884356605477e+01 8.836464277253823e+01
3.137000000000000e+11 1.221125031621273e+01 8.837416268978360e+01
3.140300000000000e+11 1.227310898728965e+01 8.838345629425929e+01
3.143600000000000e+11 1.233444740133090e+01 8.839248687290493e+01
3.146900000000000e+11 1.239528822335999e+01 8.840120612821170e+01
3.150200000000000e+11 1.245564840723158e+01 8.840956244308258e+01
3.153500000000000e+11 1.251553928160755e+01 8.841750930570780e+01
3.156800000000000e+11 1.257496726419464e+01 8.842501285390343e+01
3.160100000000000e+11 1.263393511402219e+01 8.843205762446571e+01
3.163400000000000e+11 1.269244356503551e+01 8.843864982920999e+01
3.166700000000000e+11 1.275049313770298e+01 8.844481779450457e+01
3.170000000000000e+11 1.280808590421926e+01 8.845060955548193e+01
3.173300000000000e+11 1.286522698961575e+01 8.845608794602690e+01
3.176600000000000e+11 1.292192562466141e+01 8.846132382887629e+01
3.179900000000000e+11 1.297819562261431e+01 8.846638833081397e+01
3.183200000000000e+11 1.303405522370184e+01 8.847134506045042e+01
3.186500000000000e+11 1.308952632984139e+01 8.847624327804968e+01
3.189800000000000e+11 1.314463322788826e+01 8.848111286038426e+01
3.193100000000000e+11 1.319940096328361e+01 8.848596167491894e+01
3.196400000000000e+11 1.325385356951652e+01 8.849077567525443e+01
3.199700000000000e+11 1.330801237689776e+01 8.849552169109806e+01
3.203000000000000e+11 1.336189461450296e+01 8.850015255276564e+01
3.206300000000000e+11 1.341551248294375e+01 8.850461390334074e+01
3.209600000000000e+11 1.346887281732761e+01 8.850885184611437e+01
3.212900000000000e+11 1.352197738657393e+01 8.851282047563305e+01
3.216200000000000e+11 1.357482379619268e+01 8.851648835906029e+01
3.219500000000000e+11 1.362740688643349e+01 8.851984316753131e+01
3.222800000000000e+11 1.367972045561821e+01 8.852289388765661e+01
3.226100000000000e+11 1.373175909709896e+01 8.852567034260827e+01
3.229400000000000e+11 1.378351992274176e+01 8.852822008351404e+01
3.232700000000000e+11 1.383500395812289e+01 8.853060303504283e+01
3.236000000000000e+11 1.388621703338847e+01 8.853288455511300e+01
3.239300000000000e+11 1.393717005444079e+01 8.853512776451080e+01
3.242600000000000e+11 1.398787861456873e+01 8.853738609422977e+01
3.245900000000000e+11 1.403836198778905e+01 8.853969697531080e+01
3.249200000000000e+11 1.408864162216318e+01 8.854207746013509e+01
3.252500000000000e+11 1.413873931474384e+01 8.854452233135680e+01
3.255800000000000e+11 1.418867529164726e+01 8.854700495254608e+01
3.259100000000000e+11 1.423846643164239e+01 8.854948077936822e+01
3.262400000000000e+11 1.428812485741757e+01 8.855189312238143e+01
3.265700000000000e+11 1.433765707671304e+01 8.855418047231221e+01
3.269000000000000e+11 1.438706379057350e+01 8.855628450044752e+01
3.272300000000000e+11 1.443634040572833e+01 8.855815775525991e+01
3.275600000000000e+11 1.448547820212223e+01 8.855977010323952e+01
3.278900000000000e+11 1.453446602524292e+01 8.856111310458145e+01
3.282200000000000e+11 1.458329230600765e+01 8.856220175630392e+01
3.285500000000000e+11 1.463194716683543e+01 8.856307334820814e+01
3.288800000000000e+11 1.468042435676049e+01 8.856378352401059e+01
3.292100000000000e+11 1.472872277342548e+01 8.856439998018384e+01
3.295400000000000e+11 1.477684737429317e+01 8.856499452824494e+01
3.298700000000000e+11 1.482480934875562e+01 8.856563445731962e+01
3.302000000000000e+11 1.487262550928809e+01 8.856637423675591e+01
3.305300000000000e+11 1.492031695351069e+01 8.856724857943078e+01
3.308600000000000e+11 1.496790713900221e+01 8.856826774514991e+01
3.311900000000000e+11 1.501541958813611e+01 8.856941571439924e+01
3.315200000000000e+11 1.506287549171168e+01 8.857065153280369e+01
3.318500000000000e+11 1.511029150095584e+01 8.857191375329761e+01
3.321800000000000e+11 1.515767798430738e+01 8.857312752949167e+01
3.325100000000000e+11 1.520503797893008e+01 8.857421358422731e+01
3.328400000000000e+11 1.525236699178627e+01 8.857509803163993e+01
3.331700000000000e+11 1.529965370943354e+01 8.857572189968280e+01
3.335000000000000e+11 1.534688157013599e+01 8.857604920044439e+01
3.338300000000000e+11 1.539403104837249e+01 8.857607253000195e+01
3.341600000000000e+11 1.544108241232250e+01 8.857581543486607e+01
3.344900000000000e+11 1.548801864994961e+01 8.857533113137804e+01
3.348200000000000e+11 1.553482822689214e+01 8.857469757009176e+01
3.351500000000000e+11 1.558150734405942e+01 8.857400925512169e+01
3.354800000000000e+11 1.562806140518541e+01 8.857336661263035e+01
3.358100000000000e+11 1.567450548109408e+01 8.857286401016160e+01
3.361400000000000e+11 1.572086366069996e+01 8.857257772376161e+01
3.364700000000000e+11 1.576716729828603e+01 8.857255520840137e+01
3.368000000000000e+11 1.581345228972350e+01 8.857280693880318e+01
3.371300000000000e+11 1.585975562354741e+01 8.857330185761425e+01
3.374600000000000e+11 1.590611154338457e+01 8.857396711689870e+01
3.377900000000000e+11 1.595254771545019e+01 8.857469236205084e+01
3.381200000000000e+11 1.599908181145028e+01 8.857533832994899e+01
3.384500000000000e+11 1.604571889032840e+01 8.857574906669966e+01
3.387800000000000e+11 1.609244989376610e+01 8.857576666573111e+01
3.391100000000000e+11 1.613925146667007e+01 8.857524712921261e+01
3.394400000000000e+11 1.618608718545410e+01 8.857407579820708e+01
3.397700000000000e+11 1.623291013686879e+01 8.857218079765725e+01
3.401000000000000e+11 1.627966665281468e+01 8.856954310207351e+01
3.404300000000000e+11 1.632630088608392e+01 8.856620213050168e+01
3.407600000000000e+11 1.637275982064200e+01 8.856225619434751e+01
3.410900000000000e+11 1.641899825729162e+01 8.855785760725313e+01
3.414200000000000e+11 1.646498330693669e+01 8.855320277466753e+01
3.417500000000000e+11 1.651069796050911e+01 8.854851806260525e+01
3.420800000000000e+11 1.655614338384668e+01 8.854404265408103e+01
3.424100000000000e+11 1.660133970022799e+01 8.854000989852935e+01
3.427400000000000e+11 1.664632516215756e+01 8.853662881536108e+01
3.430700000000000e+11 1.669115376407246e+01 8.853406741169533e+01
3.434000000000000e+11 1.673589149424913e+01 8.853243931502293e+01
3.437300000000000e+11 1.678061155274774e+01 8.853179491800257e+01
3.440600000000000e+11 1.682538895973558e+01 8.853211781328396e+01
3.443900000000000e+11 1.687029503499129e+01 8.853332680185723e+01
3.447200000000000e+11 1.691539223902770e+01 8.853528323812411e+01
3.450500000000000e+11 1.696072982818838e+01 8.853780298117749e+01
3.453800000000000e+11 1.700634069446407e+01 8.854067180467867e+01
3.457100000000000e+11 1.705223964439579e+01 8.854366281894309e+01
3.460400000000000e+11 1.709842323259058e+01 8.854655430697342e+01
3.463700000000000e+11 1.714487111847010e+01 8.854914638342539e+01
3.467000000000000e+11 1.719154877475743e+01 8.855127504670514e+01
3.470300000000000e+11 1.723841125654411e+01 8.855282248834469e+01
3.473600000000000e+11 1.728540765169423e+01 8.855372291618411e+01
3.476900000000000e+11 1.733248578438032e+01 8.855396359591762e+01
3.480200000000000e+11 1.737959673710086e+01 8.855358127294971e+01
3.483500000000000e+11 1.742669879174435e+01 8.855265455837437e+01
3.486800000000000e+11 1.747376046228562e+01 8.855129321008707e+01
3.490100000000000e+11 1.752076239227860e+01 8.854962548252946e+01
3.493400000000000e+11 1.756769800874515e+01 8.854778483755588e+01
3.496700000000000e+11 1.761457294817373e+01 8.854589729822904e+01
3.500000000000000e+11 1.766140338776940e+01 8.854407059329239e+01
