2.000000000000000e+10 2.318027478839512e+01 -9.006210176548417e+01
2.033000000000000e+10 2.277172556583217e+01 -9.006310322344385e+01
2.066000000000000e+10 2.237570630179771e+01 -9.006410575630392e+01
2.099000000000000e+10 2.199162579172024e+01 -9.006510963346170e+01
2.132000000000000e+10 2.161892940135053e+01 -9.006611500979932e+01
2.165000000000000e+10 2.125709629702978e+01 -9.006712190141400e+01
2.198000000000000e+10 2.090563692736082e+01 -9.006813017956364e+01
2.231000000000000e+10 2.056409072774246e+01 -9.006913958360229e+01
2.264000000000000e+10 2.023202402264899e+01 -9.007014975113660e+01
2.297000000000000e+10 1.990902810383628e+01 -9.007116026136252e+01
2.330000000000000e+10 1.959471746577474e+01 -9.007217068576807e+01
2.363000000000000e+10 1.928872818251428e+01 -9.007318063942918e+01
2.396000000000000e+10 1.899071641277554e+01 -9.007418982604958e+01
2.429000000000000e+10 1.870035702227662e+01 -9.007519807074655e+01
2.462000000000000e+10 1.841734231409305e+01 -9.007620533624981e+01
2.495000000000000e+10 1.814138085917717e+01 -9.007721172041022e+01
2.528000000000000e+10 1.787219642005758e+01 -9.007821743544982e+01
2.561000000000000e+10 1.760952696123245e+01 -9.007922277184295e+01
2.594000000000000e+10 1.735312373995828e+01 -9.008022805179462e+01
2.627000000000000e+10 1.710275047110952e+01 -9.008123357868207e+01
2.660000000000000e+10 1.685818255966495e+01 -9.008223958936637e+01
2.693000000000000e+10 1.661920639427447e+01 -9.008324621587552e+01
2.726000000000000e+10 1.638561869537345e+01 -9.008425346168796e+01
2.759000000000000e+10 1.615722591150375e+01 -9.008526119583591e+01
2.792000000000000e+10 1.593384365791823e+01 -9.008626916563443e+01
2.825000000000000e+10 1.571529619217652e+01 -9.008727702627303e+01
2.858000000000000e+10 1.550141592225349e+01 -9.008828438322443e+01
2.891000000000000e+10 1.529204294361311e+01 -9.008929084164539e+01
2.924000000000000e+10 1.508702460266366e+01 -9.009029605599504e+01
2.957000000000000e+10 1.488621508491277e+01 -9.009129977304795e+01
2.990000000000000e+10 1.468947502690578e+01 -9.009230186236805e+01
3.023000000000000e+10 1.449667115157969e+01 -9.009330233002412e+01
3.056000000000000e+10 1.430767592696788e+01 -9.009430131359690e+01
3.089000000000000e+10 1.412236724823066e+01 -9.009529905910408e+01
3.122000000000000e+10 1.394062814278908e+01 -9.009629588293046e+01
3.155000000000000e+10 1.376234649796084e+01 -9.009729212393097e+01
3.188000000000000e+10 1.358741481000138e+01 -9.009828809222823e+01
3.221000000000000e+10 1.341572995293533e+01 -9.009928402170635e+01
3.254000000000000e+10 1.324719296510373e+01 -9.010028003272811e+01
3.287000000000000e+10 1.308170885102352e+01 -9.010127611022372e+01
3.320000000000000e+10 1.291918639601724e+01 -9.010227210022121e+01
3.353000000000000e+10 1.275953799114155e+01 -9.010326772538281e+01
3.386000000000000e+10 1.260267946622531e+01 -9.010426261750979e+01
3.419000000000000e+10 1.244852992928704e+01 -9.010525636266524e+01
3.452000000000000e+10 1.229701161117852e+01 -9.010624855280699e+01
3.485000000000000e+10 1.214804971493076e+01 -9.010723883693058e+01
3.518000000000000e+10 1.200157226987277e+01 -9.010822696474274e+01
3.551000000000000e+10 1.185750999109225e+01 -9.010921281689991e+01
3.584000000000000e+10 1.171579614513817e+01 -9.011019641763974e+01
3.617000000000000e+10 1.157636642300481e+01 -9.011117792803488e+01
3.650000000000000e+10 1.143915882136796e+01 -9.011215762072875e+01
3.683000000000000e+10 1.130411353278479e+01 -9.011313583954241e+01
3.716000000000000e+10 1.117117284516849e+01 -9.011411294941890e+01
3.749000000000000e+10 1.104028105035961e+01 -9.011508928349997e+01
3.782000000000000e+10 1.091138436111325e+01 -9.011606509453942e+01
3.815000000000000e+10 1.078443083538046e+01 -9.011704051728177e+01
3.848000000000000e+10 1.065937030643155e+01 -9.011801554694627e+01
3.881000000000000e+10 1.053615431721281e+01 -9.011899003676415e+01
3.914000000000000e+10 1.041473605734562e+01 -9.011996371491205e+01
3.947000000000000e+10 1.029507030138569e+01 -9.012093621852628e+01
3.980000000000000e+10 1.017711334731188e+01 -9.012190714012768e+01
4.013000000000000e+10 1.006082295467460e+01 -9.012287608007827e+01
4.046000000000000e+10 9.946158282335102e+00 -9.012384269784252e+01
4.079000000000000e+10 9.833079826198150e+00 -9.012480675497092e+01
4.112000000000000e+10 9.721549357731391e+00 -9.012576814385400e+01
4.145000000000000e+10 9.611529864311503e+00 -9.012672689823685e+01
4.178000000000000e+10 9.502985492521450e+00 -9.012768318399202e+01
4.211000000000000e+10 9.395881495431921e+00 -9.012863727138320e+01
4.244000000000000e+10 9.290184184650883e+00 -9.012958949261022e+01
4.277000000000000e+10 9.185860887556091e+00 -9.013054019049898e+01
4.310000000000000e+10 9.082879909691522e+00 -9.013148966543886e+01
4.343000000000000e+10 8.981210501867073e+00 -9.013243812796890e+01
4.376000000000000e+10 8.880822831116935e+00 -9.013338566365360e+01
4.409000000000000e+10 8.781687954395666e+00 -9.013433221523510e+01
4.442000000000000e+10 8.683777793760095e+00 -9.013527758466394e+01
4.475000000000000e+10 8.587065111815305e+00 -9.013622145486464e+01
4.508000000000000e+10 8.491523486390118e+00 -9.013716342833936e+01
4.541000000000000e+10 8.397127283722591e+00 -9.013810307734076e+01
4.574000000000000e+10 8.303851629835576e+00 -9.013903999868369e+01
4.607000000000000e+10 8.211672380212212e+00 -9.013997386555309e+01
4.640000000000000e+10 8.120566088279705e+00 -9.014090446901012e+01
4.673000000000000e+10 8.030509973528021e+00 -9.014183174326038e+01
4.706000000000000e+10 7.941481890280176e+00 -9.014275577094523e+01
4.739000000000000e+10 7.853460298173389e+00 -9.014367676746404e+01
4.772000000000000e+10 7.766424235299422e+00 -9.014459504624539e+01
4.805000000000000e+10 7.680353294705891e+00 -9.014551096956276e+01
4.838000000000000e+10 7.595227604613326e+00 -9.014642489155653e+01
4.871000000000000e+10 7.511027812305534e+00 -9.014733710130612e+01
4.904000000000000e+10 7.427735071256276e+00 -9.014824777387311e+01
4.937000000000000e+10 7.345331030721068e+00 -9.014915693624918e+01
4.970000000000000e+10 7.263797826791450e+00 -9.015006445315400e+01
5.003000000000000e+10 7.183118073812876e+00 -9.015097003494596e+01
5.036000000000000e+10 7.103274855118388e+00 -9.015187326686127e+01
5.069000000000000e+10 7.024251712221237e+00 -9.015277365583491e+01
5.102000000000000e+10 6.946032631910493e+00 -9.015367068866091e+01
5.135000000000000e+10 6.868602031066311e+00 -9.015456389358751e+01
5.168000000000000e+10 6.791944739402461e+00 -9.015545289685983e+01
5.201000000000000e+10 6.716045980698039e+00 -9.015633746629217e+01
5.234000000000000e+10 6.640891353353033e+00 -9.015721753564188e+01
5.267000000000000e+10 6.566466811256075e+00 -9.015809320612385e+01
5.300000000000000e+10 6.492758645963353e+00 -9.015896472451085e+01
5.333000000000000e+10 6.419753471063585e+00 -9.015983244050751e+01
5.366000000000000e+10 6.347438209353975e+00 -9.016069674898766e+01
5.399000000000000e+10 6.275800083117344e+00 -9.016155802486711e+01
5.432000000000000e+10 6.204826607417350e+00 -9.016241655951308e+01
5.465000000000000e+10 6.134505585964892e+00 -9.016327250751706e+01
5.498000000000000e+10 6.064825108808919e+00 -9.016412585134520e+01
5.531000000000000e+10 5.995773550906511e+00 -9.016497638902118e+01
5.564000000000000e+10 5.927339570557199e+00 -9.016582374687526e+01
5.597000000000000e+10 5.859512106757017e+00 -9.016666741594597e+01
5.630000000000000e+10 5.792280374722388e+00 -9.016750680731515e+01
5.663000000000000e+10 5.725633859132110e+00 -9.016834131894799e+01
5.696000000000000e+10 5.659562304989419e+00 -9.016917040488886e+01
5.729000000000000e+10 5.594055706372534e+00 -9.016999363718566e+01
5.762000000000000e+10 5.529104293665618e+00 -9.017081075175722e+01
5.795000000000000e+10 5.464698520102105e+00 -9.017162167150838e+01
5.828000000000000e+10 5.400829048575885e+00 -9.017242650304026e+01
5.861000000000000e+10 5.337486739663343e+00 -9.017322550692307e+01
5.894000000000000e+10 5.274662641659357e+00 -9.017401904518378e+01
5.927000000000000e+10 5.212347983175386e+00 -9.017480751290752e+01
5.960000000000000e+10 5.150534168518961e+00 -9.017559126321650e+01
5.993000000000000e+10 5.089212775715678e+00 -9.017637053598997e+01
6.026000000000000e+10 5.028375556692522e+00 -9.017714540039911e+01
6.059000000000000e+10 4.968014438869607e+00 -9.017791571960650e+01
6.092000000000000e+10 4.908121527234997e+00 -9.017868114307302e+01
6.125000000000000e+10 4.848689105935859e+00 -9.017944112817925e+01
6.158000000000000e+10 4.789709638506523e+00 -9.018019498880561e+01
6.191000000000000e+10 4.731175766065867e+00 -9.018094196469532e+01
6.224000000000000e+10 4.673080303115609e+00 -9.018168130234696e+01
6.257000000000000e+10 4.615416230923769e+00 -9.018241233634544e+01
6.290000000000000e+10 4.558176688829601e+00 -9.018313455965900e+01
6.323000000000000e+10 4.501354964113237e+00 -9.018384767265890e+01
6.356000000000000e+10 4.444944481290654e+00 -9.018455160327505e+01
6.389000000000000e+10 4.388938791793993e+00 -9.018524649449417e+01
6.422000000000000e+10 4.333331564964646e+00 -9.018593265981529e+01
6.455000000000000e+10 4.278116581125126e+00 -9.018661051173471e+01
6.488000000000000e+10 4.223287727229845e+00 -9.018728047220360e+01
6.521000000000000e+10 4.168838995257877e+00 -9.018794287676012e+01
6.554000000000000e+10 4.114764483151212e+00 -9.018859788527460e+01
6.587000000000000e+10 4.061058397766306e+00 -9.018924541172922e+01
6.620000000000000e+10 4.007715059043192e+00 -9.018988508324001e+01
6.653000000000000e+10 3.954728904438836e+00 -9.019051623485085e+01
6.686000000000000e+10 3.902094492642338e+00 -9.019113794195434e+01
6.719000000000000e+10 3.849806505694188e+00 -9.019174908714328e+01
6.752000000000000e+10 3.797859748852779e+00 -9.019234845352251e+01
6.785000000000000e+10 3.746249147863858e+00 -9.019293483269682e+01
6.818000000000000e+10 3.694969743645006e+00 -9.019350713331778e+01
6.851000000000000e+10 3.644016684754450e+00 -9.019406447557648e+01
6.884000000000000e+10 3.593385218319263e+00 -9.019460625850596e+01
6.917000000000000e+10 3.543070680314082e+00 -9.019513219022683e+01
6.950000000000000e+10 3.493068486176832e+00 -9.019564227596427e+01
6.983000000000000e+10 3.443374122710998e+00 -9.019613676416490e+01
7.016000000000000e+10 3.393983142059511e+00 -9.019661605664535e+01
7.049000000000000e+10 3.344891158265843e+00 -9.019708059364494e+01
7.082000000000000e+10 3.296093846599002e+00 -9.019753072825000e+01
7.115000000000000e+10 3.247586945459144e+00 -9.019796660640284e+01
7.148000000000000e+10 3.199366260344088e+00 -9.019838806830796e+01
7.181000000000000e+10 3.151427669093339e+00 -9.019879458451280e+01
7.214000000000000e+10 3.103767127467654e+00 -9.019918523556623e+01
7.247000000000000e+10 3.056380674091182e+00 -9.019955873846816e+01
7.280000000000000e+10 3.009264433882697e+00 -9.019991351689384e+01
7.313000000000000e+10 2.962414619318925e+00 -9.020024780619123e+01
7.346000000000000e+10 2.915827529175547e+00 -9.020055977924966e+01
7.379000000000000e+10 2.869499544741009e+00 -9.020084767621792e+01
7.412000000000000e+10 2.823427123843597e+00 -9.020110992012923e+01
7.445000000000000e+10 2.777606793331097e+00 -9.020134520202323e+01
7.478000000000000e+10 2.732035140849928e+00 -9.020155252290051e+01
7.511000000000000e+10 2.686708806863471e+00 -9.020173118543180e+01
7.544000000000000e+10 2.641624477811086e+00 -9.020188073500888e+01
7.577000000000000e+10 2.596778881150775e+00 -9.020200085660264e+01
7.610000000000000e+10 2.552168782766866e+00 -9.020209124005952e+01
7.643000000000000e+10 2.507790986900232e+00 -9.020215143105288e+01
7.676000000000000e+10 2.463642338413818e+00 -9.020218068724974e+01
7.709000000000000e+10 2.419719726889570e+00 -9.020217785895868e+01
7.742000000000000e+10 2.376020091807339e+00 -9.020214131058012e+01
7.775000000000000e+10 2.332540427915007e+00 -9.020206889388049e+01
7.808000000000000e+10 2.289277789881762e+00 -9.020195797712258e+01
7.841000000000000e+10 2.246229295433754e+00 -9.020180552632860e+01
7.874000000000000e+10 2.203392126390554e+00 -9.020160822741258e+01
7.907000000000000e+10 2.160763527318364e+00 -9.020136263168271e+01
7.940000000000000e+10 2.118340801853973e+00 -9.020106530315711e+01
7.973000000000000e+10 2.076121307081867e+00 -9.020071294487104e+01
8.006000000000000e+10 2.034102446623726e+00 -9.020030248316145e+01
8.039000000000000e+10 1.992281663283245e+00 -9.019983109368235e+01
8.072000000000000e+10 1.950656432157025e+00 -9.019929616001245e+01
8.105000000000000e+10 1.909224255063313e+00 -9.019869516439287e+01
8.138000000000000e+10 1.867982656962002e+00 -9.019802551912265e+01
8.171000000000000e+10 1.826929184768019e+00 -9.019728435534907e+01
8.204000000000000e+10 1.786061408630842e+00 -9.019646829216335e+01
8.237000000000000e+10 1.745376925412608e+00 -9.019557321218595e+01
8.270000000000000e+10 1.704873363791447e+00 -9.019459406958727e+01
8.303000000000000e+10 1.664548390189605e+00 -9.019352475260358e+01
8.336000000000000e+10 1.624399714606766e+00 -9.019235801545047e+01
8.369000000000000e+10 1.584425095447324e+00 -9.019108548485079e+01
8.402000000000000e+10 1.544622342563040e+00 -9.018969773539084e+01
8.435000000000000e+10 1.504989317974384e+00 -9.018818441691900e+01
8.468000000000000e+10 1.465523934050174e+00 -9.018653440768983e+01
8.501000000000000e+10 1.426224149274284e+00 -9.018473596015366e+01
8.534000000000000e+10 1.387087962061817e+00 -9.018277680319738e+01
8.567000000000000e+10 1.348113403359638e+00 -9.018064416576557e+01
8.600000000000000e+10 1.309298528940074e+00 -9.017832469205312e+01
8.633000000000000e+10 1.270641412347445e+00 -9.017580422727289e+01
8.666000000000000e+10 1.232140139377223e+00 -9.017306746420145e+01
8.699000000000000e+10 1.193792804767905e+00 -9.017009745276476e+01
8.732000000000000e+10 1.155597511491609e+00 -9.016687498602353e+01
8.765000000000000e+10 1.117552372682282e+00 -9.016337788424599e+01
8.798000000000000e+10 1.079655515885172e+00 -9.015958020266399e+01
8.831000000000000e+10 1.041905088998660e+00 -9.015545138662871e+01
8.864000000000000e+10 1.004299267049812e+00 -9.015095538943531e+01
8.897000000000000e+10 9.668362588321446e-01 -9.014604975269940e+01
8.930000000000000e+10 9.295143124519265e-01 -9.014068462698471e+01
8.963000000000000e+10 8.923317189768920e-01 -9.013480168184707e+01
8.996000000000000e+10 8.552868136391990e-01 -9.012833281994966e+01
9.029000000000000e+10 8.183779743770756e-01 -9.012119856943649e+01
9.062000000000000e+10 7.816036178632357e-01 -9.011330598114289e+01
9.095000000000000e+10 7.449621935125402e-01 -9.010454579956081e+01
9.128000000000000e+10 7.084521762414416e-01 -9.009478860254021e+01
9.161000000000000e+10 6.720720589277558e-01 -9.008387950357630e+01
9.194000000000000e+10 6.358203455699786e-01 -9.007163086327571e+01
9.227000000000000e+10 5.996955460633492e-01 -9.005781223173966e+01
9.260000000000000e+10 5.636961733087934e-01 -9.004213638794273e+01
9.293000000000000e+10 5.278207430810093e-01 -9.002423976464451e+01
9.326000000000000e+10 4.920677767486270e-01 -9.000365458724866e+01
9.359000000000000e+10 4.564358066181827e-01 -8.997976841873395e+01
9.392000000000000e+10 4.209233834268133e-01 -8.995176393256845e+01
9.425000000000000e+10 3.855290854067677e-01 -8.991852652382893e+01
9.458000000000000e+10 3.502515284738412e-01 -8.987849750472536e+01
9.491000000000000e+10 3.150893775901396e-01 -8.982943101449358e+01
9.524000000000000e+10 2.800413605044618e-01 -8.976797138523355e+01
9.557000000000000e+10 2.451062875963460e-01 -8.968887392096735e+01
9.590000000000000e+10 2.102830874706385e-01 -8.958346008262754e+01
9.623000000000000e+10 1.755708837303375e-01 -8.943625738897978e+01
9.656000000000000e+10 1.409691878916129e-01 -8.921672998066295e+01
9.689000000000000e+10 1.064784753450990e-01 -8.885504200333290e+01
9.722000000000000e+10 7.210242140286055e-02 -8.814884908149756e+01
9.755000000000000e+10 3.786227807839597e-02 -8.616632751927929e+01
9.788000000000000e+10 4.516356525112354e-03 -5.273501051493619e+01
9.821000000000000e+10 3.062743013205307e-02 8.449415200285466e+01
9.854000000000000e+10 6.454155492085269e-02 8.720847317986930e+01
9.887000000000000e+10 9.840039941840051e-02 8.804977822983621e+01
9.920000000000000e+10 1.321704437463110e-01 8.845883891555546e+01
9.953000000000000e+10 1.658465030105633e-01 8.870040037751295e+01
9.986000000000000e+10 1.994276972943409e-01 8.885966661999768e+01
1.001900000000000e+11 2.329143126585930e-01 8.897242678837151e+01
1.005200000000000e+11 2.663070431327543e-01 8.905633975164014e+01
1.008500000000000e+11 2.996067424400886e-01 8.912112384646558e+01
1.011800000000000e+11 3.328143269023259e-01 8.917256966586207e+01
1.015100000000000e+11 3.659307341774141e-01 8.921434339163459e+01
1.018400000000000e+11 3.989569063030674e-01 8.924888049179644e+01
1.021700000000000e+11 4.318937845741159e-01 8.927786338239460e+01
1.025000000000000e+11 4.647423103558426e-01 8.930249254479841e+01
1.028300000000000e+11 4.975034284978688e-01 8.932364812889453e+01
1.031600000000000e+11 5.301780911824423e-01 8.934199028392929e+01
1.034900000000000e+11 5.627672607257783e-01 8.935802365473853e+01
1.038200000000000e+11 5.952719103828596e-01 8.937214013822209e+01
1.041500000000000e+11 6.276930226959508e-01 8.938464804424336e+01
1.044800000000000e+11 6.600315853928281e-01 8.939579253427645e+01
1.048100000000000e+11 6.922885852598943e-01 8.940577033708330e+01
1.051400000000000e+11 7.244650007506147e-01 8.941474062646199e+01
1.054700000000000e+11 7.565617943062011e-01 8.942283326221884e+01
1.058000000000000e+11 7.885799054376880e-01 8.943015516511120e+01
1.061300000000000e+11 8.205202455390114e-01 8.943679532149221e+01
1.064600000000000e+11 8.523836951810773e-01 8.944282873750400e+01
1.067900000000000e+11 8.841711043074992e-01 8.944831955201937e+01
1.071200000000000e+11 9.158832953584474e-01 8.945332345103047e+01
1.074500000000000e+11 9.475210689449957e-01 8.945788948946532e+01
1.077800000000000e+11 9.790852113387107e-01 8.946206140932541e+01
1.081100000000000e+11 1.010576502779881e+00 8.946587853777281e+01
1.084400000000000e+11 1.041995725480785e+00 8.946937634944533e+01
1.087700000000000e+11 1.073343670227414e+00 8.947258677910246e+01
1.091000000000000e+11 1.104621140661690e+00 8.947553837047650e+01
1.094300000000000e+11 1.135828954634536e+00 8.947825634268133e+01
1.097600000000000e+11 1.166967942416949e+00 8.948076264588667e+01
1.100900000000000e+11 1.198038941987986e+00 8.948307606329006e+01
1.104200000000000e+11 1.229042792026378e+00 8.948521239783112e+01
1.107500000000000e+11 1.259980323558898e+00 8.948718476135096e+01
1.110800000000000e+11 1.290852351419142e+00 8.948900396319561e+01
1.114100000000000e+11 1.321659666713123e+00 8.949067897677124e+01
1.117400000000000e+11 1.352403031367626e+00 8.949221744836909e+01
1.120700000000000e+11 1.383083175565543e+00 8.949362620406949e+01
1.124000000000000e+11 1.413700798486306e+00 8.949491170859787e+01
1.127300000000000e+11 1.444256572319606e+00 8.949608043451124e+01
1.130600000000000e+11 1.474751149068483e+00 8.949713911032508e+01
1.133900000000000e+11 1.505185169265340e+00 8.949809483057965e+01
1.137200000000000e+11 1.535559271446585e+00 8.949895502740858e+01
1.140500000000000e+11 1.565874101108277e+00 8.949972731974434e+01
1.143800000000000e+11 1.596130317915729e+00 8.950041927062603e+01
1.147100000000000e+11 1.626328600159620e+00 8.950103809339211e+01
1.150400000000000e+11 1.656469645813129e+00 8.950159035253853e+01
1.153700000000000e+11 1.686554170000270e+00 8.950208170409586e+01
1.157000000000000e+11 1.716582899174889e+00 8.950251671379935e+01
1.160300000000000e+11 1.746556562765350e+00 8.950289877991798e+01
1.163600000000000e+11 1.776475883399518e+00 8.950323017302870e+01
1.166900000000000e+11 1.806341567036855e+00 8.950351218909445e+01
1.170200000000000e+11 1.836154294368306e+00 8.950374539707542e+01
1.173500000000000e+11 1.865914714693468e+00 8.950392994989210e+01
1.176800000000000e+11 1.895623443164194e+00 8.950406591943643e+01
1.180100000000000e+11 1.925281061838854e+00 8.950415361349931e+01
1.183400000000000e+11 1.954888124476522e+00 8.950419383521859e+01
1.186700000000000e+11 1.984445164489812e+00 8.950418805354724e+01
1.190000000000000e+11 2.013952705033822e+00 8.950413846516963e+01
1.193300000000000e+11 2.043411269901816e+00 8.950404794265326e+01
1.196600000000000e+11 2.072821393767578e+00 8.950391987850568e+01
1.199900000000000e+11 2.102183630381141e+00 8.950375794825528e+01
1.203200000000000e+11 2.131498557582483e+00 8.950356582591967e+01
1.206500000000000e+11 2.160766778414385e+00 8.950334689101476e+01
1.209800000000000e+11 2.189988918136599e+00 8.950310396680420e+01
1.213100000000000e+11 2.219165617498871e+00 8.950283912484254e+01
1.216400000000000e+11 2.248297523145598e+00 8.950255358164488e+01
1.219700000000000e+11 2.277385276428637e+00 8.950224770081265e+01
1.223000000000000e+11 2.306429502139927e+00 8.950192109978933e+01
1.226300000000000e+11 2.335430798709051e+00 8.950157284655312e+01
1.229600000000000e+11 2.364389731232771e+00 8.950120171973343e+01
1.232900000000000e+11 2.393306828337847e+00 8.950080649746641e+01
1.236200000000000e+11 2.422182583369407e+00 8.950038623677173e+01
1.239500000000000e+11 2.451017459814713e+00 8.949994050681110e+01
1.242800000000000e+11 2.479811900292308e+00 8.949946954580636e+01
1.246100000000000e+11 2.508566337940886e+00 8.949897432176151e+01
1.249400000000000e+11 2.537281208696662e+00 8.949845649005417e+01
1.252700000000000e+11 2.565956962805219e+00 8.949791825471711e+01
1.256000000000000e+11 2.594594073992925e+00 8.949736215295968e+01
1.259300000000000e+11 2.623193045019680e+00 8.949679079254801e+01
1.262600000000000e+11 2.651754408808800e+00 8.949620657770804e+01
1.265900000000000e+11 2.680278724941840e+00 8.949561146049481e+01
1.269200000000000e+11 2.708766571935260e+00 8.949500675093014e+01
1.272500000000000e+11 2.737218536297866e+00 8.949439301114617e+01
1.275800000000000e+11 2.765635199822472e+00 8.949377004741883e+01
1.279100000000000e+11 2.794017126828159e+00 8.949313700080943e+01
1.282400000000000e+11 2.822364853102522e+00 8.949249252395636e+01
1.285700000000000e+11 2.850678878087860e+00 8.949183502009851e+01
1.289000000000000e+11 2.878959661436355e+00 8.949116291220572e+01
1.292300000000000e+11 2.907207624480270e+00 8.949047490619117e+01
1.295600000000000e+11 2.935423156501000e+00 8.948977021313381e+01
1.298900000000000e+11 2.963606625024374e+00 8.948904870103803e+01
1.302200000000000e+11 2.991758388808692e+00 8.948831095620953e+01
1.305500000000000e+11 3.019878811804207e+00 8.948755824646659e+01
1.308800000000000e+11 3.047968276204895e+00 8.948679239158999e+01
1.312100000000000e+11 3.076027192807768e+00 8.948601555878184e+01
1.315400000000000e+11 3.104056007237111e+00 8.948523001091196e+01
1.318700000000000e+11 3.132055201132592e+00 8.948443784153045e+01
1.322000000000000e+11 3.160025288075286e+00 8.948364073231619e+01
1.325300000000000e+11 3.187966804740455e+00 8.948283976549610e+01
1.328600000000000e+11 3.215880298425980e+00 8.948203531629454e+01
1.331900000000000e+11 3.243766312617562e+00 8.948122703965649e+01
1.335200000000000e+11 3.271625372545386e+00 8.948041395276216e+01
1.338500000000000e+11 3.299457972717542e+00 8.947959460195666e+01
1.341800000000000e+11 3.327264568174042e+00 8.947876729135946e+01
1.345100000000000e+11 3.355045570722071e+00 8.947793034213343e+01
1.348400000000000e+11 3.382801350749077e+00 8.947708234729826e+01
1.351700000000000e+11 3.410532244452651e+00 8.947622238760287e+01
1.355000000000000e+11 3.438238565580408e+00 8.947535017925487e+01
1.358300000000000e+11 3.465920620136800e+00 8.947446613353993e+01
1.361600000000000e+11 3.493578722080957e+00 8.947357132028276e+01
1.364900000000000e+11 3.521213207869172e+00 8.947266734013763e+01
1.368200000000000e+11 3.548824447817962e+00 8.947175612305917e+01
1.371500000000000e+11 3.576412852666252e+00 8.947083968035669e+01
1.374800000000000e+11 3.603978874347016e+00 8.946991984408560e+01
1.378100000000000e+11 3.631523000759849e+00 8.946899802934595e+01
1.381400000000000e+11 3.659045745158030e+00 8.946807505204293e+01
1.384700000000000e+11 3.686547631518166e+00 8.946715102725014e+01
1.388000000000000e+11 3.714029177841014e+00 8.946622536244520e+01
1.391300000000000e+11 3.741490879655404e+00 8.946529684706000e+01
1.394600000000000e+11 3.768933196013897e+00 8.946436382668811e+01
1.397900000000000e+11 3.796356539972354e+00 8.946342443871919e+01
1.401200000000000e+11 3.823761274967560e+00 8.946247687768040e+01
1.404500000000000e+11 3.851147717723955e+00 8.946151965433502e+01
1.407800000000000e+11 3.878516147433624e+00 8.946055181321225e+01
1.411100000000000e+11 3.905866820084503e+00 8.945957307865010e+01
1.414400000000000e+11 3.933199986078152e+00 8.945858390895799e+01
1.417700000000000e+11 3.960515908786287e+00 8.945758545063862e+01
1.421000000000000e+11 3.987814881513447e+00 8.945657939814626e+01
1.424300000000000e+11 4.015097240499073e+00 8.945556777754274e+01
1.427600000000000e+11 4.042363372083473e+00 8.945455268291080e+01
1.430900000000000e+11 4.069613712924784e+00 8.945353600105700e+01
1.434200000000000e+11 4.096848743085342e+00 8.945251916193665e+01
1.437500000000000e+11 4.124068972783030e+00 8.945150294908463e+01
1.440800000000000e+11 4.151274924494096e+00 8.945048739649241e+01
1.444100000000000e+11 4.178467112772366e+00 8.944947178688057e+01
1.447400000000000e+11 4.205646024520424e+00 8.944845475266831e+01
1.450700000000000e+11 4.232812102451204e+00 8.944743446699189e+01
1.454000000000000e+11 4.259965734104685e+00 8.944640889973748e+01
1.457300000000000e+11 4.287107248079314e+00 8.944537610442725e+01
1.460600000000000e+11 4.314236918184430e+00 8.944433449721767e+01
1.463900000000000e+11 4.341354975150661e+00 8.944328308987080e+01
1.467200000000000e+11 4.368461624486147e+00 8.944222164436357e+01
1.470500000000000e+11 4.395557068187028e+00 8.944115072703873e+01
1.473800000000000e+11 4.422641527423660e+00 8.944007165356827e+01
1.477100000000000e+11 4.449715263116058e+00 8.943898633071223e+01
1.480400000000000e+11 4.476778591522069e+00 8.943789701494339e+01
1.483700000000000e+11 4.503831892572053e+00 8.943680601955577e+01
1.487000000000000e+11 4.530875609617898e+00 8.943571540929750e+01
1.490300000000000e+11 4.557910240407041e+00 8.943462672379296e+01
1.493600000000000e+11 4.584936320287564e+00 8.943354076770603e+01
1.496900000000000e+11 4.611954399742044e+00 8.943245749708038e+01
1.500200000000000e+11 4.638965019178213e+00 8.943137601869044e+01
1.503500000000000e+11 4.665968684357807e+00 8.943029470417306e+01
1.506800000000000e+11 4.692965845848154e+00 8.942921140518197e+01
1.510100000000000e+11 4.719956885419704e+00 8.942812374192614e+01
1.513400000000000e+11 4.746942111442405e+00 8.942702942709647e+01
1.516700000000000e+11 4.773921764156987e+00 8.942592658181518e+01
1.520000000000000e+11 4.800896030371422e+00 8.942481400065604e+01
1.523300000000000e+11 4.827865065831328e+00 8.942369132901503e+01
1.526600000000000e+11 4.854829022416176e+00 8.942255912739924e+01
1.529900000000000e+11 4.881788076575277e+00 8.942141881211539e+01
1.533200000000000e+11 4.908742455149239e+00 8.942027247840005e+01
1.536500000000000e+11 4.935692454972655e+00 8.941912262806557e+01
1.539800000000000e+11 4.962638453403374e+00 8.941797183702479e+01
1.543100000000000e+11 4.989580908084029e+00 8.941682240680797e+01
1.546400000000000e+11 5.016520345664073e+00 8.941567604711089e+01
1.549700000000000e+11 5.043457340714175e+00 8.941453363303512e+01
1.553000000000000e+11 5.070392487437997e+00 8.941339507134516e+01
1.556300000000000e+11 5.097326367849424e+00 8.941225929591916e+01
1.559600000000000e+11 5.124259520672014e+00 8.941112439544938e+01
1.562900000000000e+11 5.151192415245840e+00 8.940998785858739e+01
1.566200000000000e+11 5.178125434170077e+00 8.940884690554887e+01
1.569500000000000e+11 5.205058867328418e+00 8.940769886288315e+01
1.572800000000000e+11 5.231992918470197e+00 8.940654153142388e+01
1.576100000000000e+11 5.258927723841235e+00 8.940537349737109e+01
1.579400000000000e+11 5.285863380698296e+00 8.940419434314559e+01
1.582700000000000e+11 5.312799982124697e+00 8.940300472733931e+01
1.586000000000000e+11 5.339737653594315e+00 8.940180632016443e+01
1.589300000000000e+11 5.366676586349240e+00 8.940060160006867e+01
1.592600000000000e+11 5.393617062936181e+00 8.939939353607610e+01
1.595900000000000e+11 5.420559471167085e+00 8.939818519639586e+01
1.599200000000000e+11 5.447504304229769e+00 8.939697933468314e+01
1.602500000000000e+11 5.474452146487193e+00 8.939577800948682e+01
1.605800000000000e+11 5.501403646440746e+00 8.939458228916652e+01
1.609100000000000e+11 5.528359480129746e+00 8.939339208418478e+01
1.612400000000000e+11 5.555320309649957e+00 8.939220613242412e+01
1.615700000000000e+11 5.582286742293927e+00 8.939102214308593e+01
1.619000000000000e+11 5.609259295915700e+00 8.938983708343312e+01
1.622300000000000e+11 5.636238375462166e+00 8.938864757295666e+01
1.625600000000000e+11 5.663224264259904e+00 8.938745033418583e+01
1.628900000000000e+11 5.690217131760680e+00 8.938624264047309e+01
1.632200000000000e+11 5.717217057264143e+00 8.938502270002719e+01
1.635500000000000e+11 5.744224066945216e+00 8.938378992256922e+01
1.638800000000000e+11 5.771238179607815e+00 8.938254502948938e+01
1.642100000000000e+11 5.798259455236686e+00 8.938128998852706e+01
1.645400000000000e+11 5.825288039825935e+00 8.938002777720178e+01
1.648700000000000e+11 5.852324200235121e+00 8.937876200246923e+01
1.652000000000000e+11 5.879368343951881e+00 8.937749642422737e+01
1.655300000000000e+11 5.906421020506697e+00 8.937623444458248e+01
1.658600000000000e+11 5.933482903658383e+00 8.937497863111575e+01
1.661900000000000e+11 5.960554756053919e+00 8.937373033973030e+01
1.665200000000000e+11 5.987637380512404e+00 8.937248949108729e+01
1.668500000000000e+11 6.014731564062243e+00 8.937125453548546e+01
1.671800000000000e+11 6.041838022086246e+00 8.937002261664722e+01
1.675100000000000e+11 6.068957350201721e+00 8.936878991835067e+01
1.678400000000000e+11 6.096089990758583e+00 8.936755215270772e+01
1.681700000000000e+11 6.123236219129072e+00 8.936630512851598e+01
1.685000000000000e+11 6.150396152487602e+00 8.936504532538711e+01
1.688300000000000e+11 6.177569780839421e+00 8.936377039621678e+01
1.691600000000000e+11 6.204757017029142e+00 8.936247952770205e+01
1.694900000000000e+11 6.231957759751754e+00 8.936117360541571e+01
1.698200000000000e+11 6.259171961573011e+00 8.935985515445230e+01
1.701500000000000e+11 6.286399692946966e+00 8.935852805584678e+01
1.704800000000000e+11 6.313641193368090e+00 8.935719706909461e+01
1.708100000000000e+11 6.340896902148615e+00 8.935586721817452e+01
1.711400000000000e+11 6.368167463731493e+00 8.935454311880545e+01
1.714700000000000e+11 6.395453705660350e+00 8.935322833531971e+01
1.718000000000000e+11 6.422756590932100e+00 8.935192485475606e+01
1.721300000000000e+11 6.450077149991222e+00 8.935063275330191e+01
1.724600000000000e+11 6.477416400609502e+00 8.934935010726872e+01
1.727900000000000e+11 6.504775265910979e+00 8.934807317005148e+01
1.731200000000000e+11 6.532154501534556e+00 8.934679680181026e+01
1.734500000000000e+11 6.559554642220132e+00 8.934551510434251e+01
1.737800000000000e+11 6.586975975990838e+00 8.934422218438105e+01
1.741100000000000e+11 6.614418550794167e+00 8.934291294838016e+01
1.744400000000000e+11 6.641882214352525e+00 8.934158382375814e+01
1.747700000000000e+11 6.669366683560010e+00 8.934023330708084e+01
1.751000000000000e+11 6.696871635624658e+00 8.933886225857458e+01
1.754300000000000e+11 6.724396809854220e+00 8.933747389268201e+01
1.757600000000000e+11 6.751942106994451e+00 8.933607345257785e+01
1.760900000000000e+11 6.779507672681726e+00 8.933466759792820e+01
1.764200000000000e+11 6.807093952986870e+00 8.933326357439962e+01
1.767500000000000e+11 6.834701713111086e+00 8.933186826531153e+01
1.770800000000000e+11 6.862332014716838e+00 8.933048724586207e+01
1.774100000000000e+11 6.889986152627922e+00 8.932912396547486e+01
1.777400000000000e+11 6.917665557062197e+00 8.932777917269705e+01
1.780700000000000e+11 6.945371672467280e+00 8.932645067047976e+01
1.784000000000000e+11 6.973105827740495e+00 8.932513345039494e+01
1.787300000000000e+11 7.000869114586173e+00 8.932382020690430e+01
1.790600000000000e+11 7.028662290642036e+00 8.932250218303358e+01
1.793900000000000e+11 7.056485721699147e+00 8.932117025301611e+01
1.797200000000000e+11 7.084339373028440e+00 8.931981611179663e+01
1.800500000000000e+11 7.112222853963306e+00 8.931843342080268e+01
1.803800000000000e+11 7.140135513149010e+00 8.931701875740968e+01
1.807100000000000e+11 7.168076575080707e+00 8.931557223320448e+01
1.810400000000000e+11 7.196045302585479e+00 8.931409768211270e+01
1.813700000000000e+11 7.224041165577961e+00 8.931260236996059e+01
1.817000000000000e+11 7.252063994381772e+00 8.931109623634548e+01
1.820300000000000e+11 7.280114096547550e+00 8.930959074062724e+01
1.823600000000000e+11 7.308192319491975e+00 8.930809743882452e+01
1.826900000000000e+11 7.336300047150476e+00 8.930662645986031e+01
1.830200000000000e+11 7.364439126580517e+00 8.930518507211769e+01
1.833500000000000e+11 7.392611729203357e+00 8.930377653075220e+01
1.836800000000000e+11 7.420820160078706e+00 8.930239937156591e+01
1.840100000000000e+11 7.449066636172152e+00 8.930104727031522e+01
1.843400000000000e+11 7.477353059975798e+00 8.929970952173478e+01
1.846700000000000e+11 7.505680817267844e+00 8.929837211747582e+01
1.850000000000000e+11 7.534050626759689e+00 8.929701932528465e+01
1.853300000000000e+11 7.562462464790202e+00 8.929563560257377e+01
1.856600000000000e+11 7.590915580435502e+00 8.929420762499088e+01
1.859900000000000e+11 7.619408606168025e+00 8.929272618208645e+01
1.863200000000000e+11 7.647939757629138e+00 8.929118769251502e+01
1.866500000000000e+11 7.676507104508202e+00 8.928959512192864e+01
1.869800000000000e+11 7.705108884359317e+00 8.928795814579402e+01
1.873100000000000e+11 7.733743823757619e+00 8.928629248118435e+01
1.876400000000000e+11 7.762411427569259e+00 8.928461840764949e+01
1.879700000000000e+11 7.791112197962985e+00 8.928295859686649e+01
1.883000000000000e+11 7.819847750307633e+00 8.928133546233718e+01
1.886300000000000e+11 7.848620802929433e+00 8.927976831272585e+01
1.889600000000000e+11 7.877435030964267e+00 8.927827063594832e+01
1.892900000000000e+11 7.906294789904274e+00 8.927684784917803e+01
1.896200000000000e+11 7.935204730257315e+00 8.927549581952961e+01
1.899500000000000e+11 7.964169339209751e+00 8.927420039260218e+01
1.902800000000000e+11 7.993192456559994e+00 8.927293806691209e+01
1.906100000000000e+11 8.022276818971468e+00 8.927167783093491e+01
1.909400000000000e+11 8.051423687714104e+00 8.927038404853562e+01
1.912700000000000e+11 8.080632610037226e+00 8.926902015212654e+01
1.916000000000000e+11 8.109901353324835e+00 8.926755279541261e+01
1.919300000000000e+11 8.139226035079949e+00 8.926595604196909e+01
1.922600000000000e+11 8.168601452044646e+00 8.926421513219032e+01
1.925900000000000e+11 8.198021590326167e+00 8.926232938508690e+01
1.929200000000000e+11 8.227480277496653e+00 8.926031385379245e+01
1.932500000000000e+11 8.256971919533164e+00 8.925819945995549e+01
1.935800000000000e+11 8.286492252224136e+00 8.925603147310579e+01
1.939100000000000e+11 8.316039029932423e+00 8.925386636312994e+01
1.942400000000000e+11 8.345612575384569e+00 8.925176722111829e+01
1.945700000000000e+11 8.375216122757632e+00 8.924979809869352e+01
1.949000000000000e+11 8.404855902296134e+00 8.924801774175178e+01
1.952300000000000e+11 8.434540936909249e+00 8.924647327671951e+01
1.955600000000000e+11 8.464282548083485e+00 8.924519443542327e+01
1.958900000000000e+11 8.494093598242111e+00 8.924418887459264e+01
1.962200000000000e+11 8.523987527600967e+00 8.924343906468000e+01
1.965500000000000e+11 8.553977273273555e+00 8.924290111334967e+01
1.968800000000000e+11 8.584074181680986e+00 8.924250579214286e+01
1.972100000000000e+11 8.614287030210237e+00 8.924216198213485e+01
1.975400000000000e+11 8.644621242744984e+00 8.924176268794807e+01
1.978700000000000e+11 8.675078314722999e+00 8.924119346806921e+01
1.982000000000000e+11 8.705655410187626e+00 8.924034240242351e+01
1.985300000000000e+11 8.736345140043591e+00 8.923910993983472e+01
1.988600000000000e+11 8.767135654452323e+00 8.923741704107086e+01
1.991900000000000e+11 8.798011213959349e+00 8.923521109996740e+01
1.995200000000000e+11 8.828953263496539e+00 8.923247002297271e+01
1.998500000000000e+11 8.859941862981367e+00 8.922920475789057e+01
2.001800000000000e+11 8.890957270354535e+00 8.922546003027905e+01
2.005100000000000e+11 8.921981507803643e+00 8.922131284743627e+01
2.008400000000000e+11 8.952999789534806e+00 8.921686855482531e+01
2.011700000000000e+11 8.984001716919286e+00 8.921225459431419e+01
2.015000000000000e+11 9.014982162405337e+00 8.920761241709012e+01
2.018300000000000e+11 9.045941780649709e+00 8.920308819835296e+01
2.021600000000000e+11 9.076887109118381e+00 8.919882310019321e+01
2.024900000000000e+11 9.107830249937352e+00 8.919494385251127e+01
2.028200000000000e+11 9.138788156731813e+00 8.919155438108048e+01
2.031500000000000e+11 9.169781581000633e+00 8.918872911493249e+01
2.034800000000000e+11 9.200833759109308e+00 8.918650846103928e+01
2.038100000000000e+11 9.231968940780410e+00 8.918489675447839e+01
2.041400000000000e+11 9.263210871299485e+00 8.918386279146169e+01
2.044700000000000e+11 9.294581341628660e+00 8.918334284730821e+01
2.048000000000000e+11 9.326098913186968e+00 8.918324588866625e+01
2.051300000000000e+11 9.357777908005273e+00 8.918346052502511e+01
2.054600000000000e+11 9.389627731848337e+00 8.918386312210821e+01
2.057900000000000e+11 9.421652569870259e+00 8.918432642848499e+01
2.061200000000000e+11 9.453851463973038e+00 8.918472805116662e+01
2.064500000000000e+11 9.486218750941406e+00 8.918495815534384e+01
2.067800000000000e+11 9.518744813165529e+00 8.918492585208286e+01
2.071100000000000e+11 9.551417071519749e+00 8.918456386582513e+01
2.074400000000000e+11 9.584221134350816e+00 8.918383122809733e+01
2.077700000000000e+11 9.617142008524699e+00 8.918271391052836e+01
2.081000000000000e+11 9.650165278331054e+00 8.918122347464394e+01
2.084300000000000e+11 9.683278165365447e+00 8.917939396472798e+01
2.087600000000000e+11 9.716470396303153e+00 8.917727739233075e+01
2.090900000000000e+11 9.749734824317981e+00 8.917493824872172e+01
2.094200000000000e+11 9.783067772030465e+00 8.917244752996011e+01
2.097500000000000e+11 9.816469087392857e+00 8.916987676688795e+01
2.100800000000000e+11 9.849941926917193e+00 8.916729252098374e+01
2.104100000000000e+11 9.883492301347649e+00 8.916475174126775e+01
2.107400000000000e+11 9.917128435733215e+00 8.916229828425639e+01
2.110700000000000e+11 9.950860007711022e+00 8.915996078706826e+01
2.114000000000000e+11 9.984697333920526e+00 8.915775196295677e+01
2.117300000000000e+11 1.001865057459113e+01 8.915566926891749e+01
2.120600000000000e+11 1.005272902073159e+01 8.915369678620125e+01
2.123900000000000e+11 1.008694051769969e+01 8.915180806495241e+01
2.127200000000000e+11 1.012129106436548e+01 8.914996962023837e+01
2.130500000000000e+11 1.015578460997323e+01 8.914814473250829e+01
2.133800000000000e+11 1.019042305272334e+01 8.914629720236790e+01
2.137100000000000e+11 1.022520642658718e+01 8.914439473618870e+01
2.140400000000000e+11 1.026013324739511e+01 8.914241169167749e+01
2.143700000000000e+11 1.029520097700860e+01 8.914033098534927e+01
2.147000000000000e+11 1.033040655630415e+01 8.913814504966568e+01
2.150300000000000e+11 1.036574695426246e+01 8.913585581848429e+01
2.153600000000000e+11 1.040121968178234e+01 8.913347380742395e+01
2.156900000000000e+11 1.043682322463857e+01 8.913101643338706e+01
2.160200000000000e+11 1.047255735960278e+01 8.912850577854273e+01
2.163500000000000e+11 1.050842333020963e+01 8.912596604392635e+01
2.166800000000000e+11 1.054442387277179e+01 8.912342095373278e+01
2.170100000000000e+11 1.058056309773454e+01 8.912089136280520e+01
2.173400000000000e+11 1.061684624498044e+01 8.911839328827106e+01
2.176700000000000e+11 1.065327934303245e+01 8.911593653536266e+01
2.180000000000000e+11 1.068986881024798e+01 8.911352402240941e+01
2.183300000000000e+11 1.072662104034024e+01 8.911115183730870e+01
2.186600000000000e+11 1.076354201458630e+01 8.910880998458191e+01
2.189900000000000e+11 1.080063697895967e+01 8.910648371543316e+01
2.193200000000000e+11 1.083791021664122e+01 8.910415527939341e+01
2.196500000000000e+11 1.087536493575973e+01 8.910180590006820e+01
2.199800000000000e+11 1.091300327988909e+01 8.909941776235972e+01
2.203100000000000e+11 1.095082645605239e+01 8.909697580526706e+01
2.206400000000000e+11 1.098883496304161e+01 8.909446914177441e+01
2.209700000000000e+11 1.102702889295606e+01 8.909189197215541e+01
2.213000000000000e+11 1.106540827195997e+01 8.908924391430119e+01
2.216300000000000e+11 1.110397340303643e+01 8.908652973827444e+01
2.219600000000000e+11 1.114272517424382e+01 8.908375855553760e+01
2.222900000000000e+11 1.118166530054631e+01 8.908094256962180e+01
2.226200000000000e+11 1.122079647516791e+01 8.907809553865270e+01
2.229500000000000e+11 1.126012241673844e+01 8.907523112669752e+01
2.232800000000000e+11 1.129964781014072e+01 8.907236132785567e+01
2.236100000000000e+11 1.133937815065235e+01 8.906949513387640e+01
2.239400000000000e+11 1.137931951143781e+01 8.906663758463905e+01
2.242700000000000e+11 1.141947826254003e+01 8.906378929473958e+01
2.246000000000000e+11 1.145986077437666e+01 8.906094649403862e+01
2.249300000000000e+11 1.150047313984487e+01 8.905810156158448e+01
2.252600000000000e+11 1.154132094639718e+01 8.905524397744112e+01
2.255900000000000e+11 1.158240912320969e+01 8.905236157170724e+01
2.259200000000000e+11 1.162374187956847e+01 8.904944191936546e+01
2.262500000000000e+11 1.166532273989417e+01 8.904647371677062e+01
2.265800000000000e+11 1.170715466964908e+01 8.904344798174759e+01
2.269100000000000e+11 1.174924027600639e+01 8.904035894337721e+01
2.272400000000000e+11 1.179158205878998e+01 8.903720452657971e+01
2.275700000000000e+11 1.183418268175921e+01 8.903398638580757e+01
2.279000000000000e+11 1.187704523242746e+01 8.903070949571772e+01
2.282300000000000e+11 1.192017344044724e+01 8.902738135832882e+01
2.285600000000000e+11 1.196357182994046e+01 8.902401092991033e+01
2.288900000000000e+11 1.200724578933849e+01 8.902060740168208e+01
2.292200000000000e+11 1.205120155234825e+01 8.901717898287180e+01
2.295500000000000e+11 1.209544609437257e+01 8.901373183129827e+01
2.298800000000000e+11 1.213998695879976e+01 8.901026925601829e+01
2.302100000000000e+11 1.218483203584598e+01 8.900679128142474e+01
2.305400000000000e+11 1.222998932208128e+01 8.900329461685679e+01
2.308700000000000e+11 1.227546669077443e+01 8.899977302593311e+01
2.312000000000000e+11 1.232127170151894e+01 8.899621804148612e+01
2.315300000000000e+11 1.236741147248758e+01 8.899261993102265e+01
2.318600000000000e+11 1.241389263074980e+01 8.898896878895232e+01
2.321900000000000e+11 1.246072134636529e+01 8.898525561868867e+01
2.325200000000000e+11 1.250790344563467e+01 8.898147327156909e+01
2.328500000000000e+11 1.255544458921822e+01 8.897761712962343e+01
2.331800000000000e+11 1.260335049300908e+01 8.897368545285497e+01
2.335100000000000e+11 1.265162716461289e+01 8.896967935459502e+01
2.338400000000000e+11 1.270028112665976e+01 8.896560241523322e+01
2.341700000000000e+11 1.274931960012647e+01 8.896145998939971e+01
2.345000000000000e+11 1.279875062613445e+01 8.895725829899820e+01
2.348300000000000e+11 1.284858311263317e+01 8.895300342974197e+01
2.351600000000000e+11 1.289882680198372e+01 8.894870035910579e+01
2.354900000000000e+11 1.294949216551580e+01 8.894435213764569e+01
2.358200000000000e+11 1.300059024036995e+01 8.893995932445993e+01
2.361500000000000e+11 1.305213243120524e+01 8.893551974390026e+01
2.364800000000000e+11 1.310413030371758e+01 8.893102858894576e+01
2.368100000000000e+11 1.315659539784754e+01 8.892647885220894e+01
2.371400000000000e+11 1.320953908593562e+01 8.892186202408770e+01
2.374700000000000e+11 1.326297249526148e+01 8.891716896429386e+01
2.378000000000000e+11 1.331690650612563e+01 8.891239083206719e+01
2.381300000000000e+11 1.337135182696695e+01 8.890751995432491e+01
2.384600000000000e+11 1.342631913819019e+01 8.890255052044824e+01
2.387900000000000e+11 1.348181928765938e+01 8.889747901598648e+01
2.391200000000000e+11 1.353786351431137e+01 8.889230434211935e+01
2.394500000000000e+11 1.359446367288271e+01 8.888702760874173e+01
2.397800000000000e+11 1.365163243276836e+01 8.888165163125051e+01
2.401100000000000e+11 1.370938342754358e+01 8.887618019902011e+01
2.404400000000000e+11 1.376773133822141e+01 8.887061721243349e+01
2.407700000000000e+11 1.382669190206662e+01 8.886496580141224e+01
2.411000000000000e+11 1.388628184859932e+01 8.885922753977097e+01
2.414300000000000e+11 1.394651877404512e+01 8.885340185623264e+01
2.417600000000000e+11 1.400742097366191e+01 8.884748571647108e+01
2.420900000000000e+11 1.406900725703779e+01 8.884147361456412e+01
2.424200000000000e+11 1.413129677385910e+01 8.883535787152506e+01
2.427500000000000e+11 1.419430887647670e+01 8.882912919841260e+01
2.430800000000000e+11 1.425806304099406e+01 8.882277744719941e+01
2.434100000000000e+11 1.432257886115791e+01 8.881629244850591e+01
2.437400000000000e+11 1.438787612002147e+01 8.880966482458133e+01
2.440700000000000e+11 1.445397493437936e+01 8.880288666985115e+01
2.444000000000000e+11 1.452089595764916e+01 8.879595200934457e+01
2.447300000000000e+11 1.458866061940920e+01 8.878885697492339e+01
2.450600000000000e+11 1.465729137518935e+01 8.878159967655158e+01
2.453900000000000e+11 1.472681193894962e+01 8.877417978594096e+01
2.457200000000000e+11 1.479724747315768e+01 8.876659788754338e+01
2.460500000000000e+11 1.486862471716950e+01 8.875885468213670e+01
2.463800000000000e+11 1.494097204301250e+01 8.875095014719442e+01
2.467100000000000e+11 1.501431943756038e+01 8.874288276343505e+01
2.470400000000000e+11 1.508869842020677e+01 8.873464890770929e+01
2.473700000000000e+11 1.516414191415354e+01 8.872624248998798e+01
2.477000000000000e+11 1.524068409613070e+01 8.871765487962060e+01
2.480300000000000e+11 1.531836025287630e+01 8.870887512757156e+01
2.483600000000000e+11 1.539720667252858e+01 8.869989045211571e+01
2.486900000000000e+11 1.547726059523223e+01 8.869068692066492e+01
2.490200000000000e+11 1.555856024023121e+01 8.868125023459190e+01
2.493500000000000e+11 1.564114491741456e+01 8.867156651048148e+01
2.496800000000000e+11 1.572505522093688e+01 8.866162295189542e+01
2.500100000000000e+11 1.581033329248998e+01 8.865140832031037e+01
2.503400000000000e+11 1.589702313340701e+01 8.864091314040111e+01
2.506700000000000e+11 1.598517093912750e+01 8.863012960973829e+01
2.510000000000000e+11 1.607482542741828e+01 8.861905122161596e+01
2.513300000000000e+11 1.616603813342196e+01 8.860767214705359e+01
2.516600000000000e+11 1.625886364991547e+01 8.859598645309502e+01
2.519900000000000e+11 1.635335979942541e+01 8.858398725533911e+01
2.523200000000000e+11 1.644958773501510e+01 8.857166591045771e+01
2.526500000000000e+11 1.654761197731781e+01 8.855901134832803e+01
2.529800000000000e+11 1.664750040533403e+01 8.854600962419171e+01
2.533100000000000e+11 1.674932422633783e+01 8.853264374155738e+01
2.536400000000000e+11 1.685315795493201e+01 8.851889376037940e+01
2.539700000000000e+11 1.695907943222653e+01 8.850473716719672e+01
2.543000000000000e+11 1.706716991319213e+01 8.849014944943758e+01
2.546300000000000e+11 1.717751424386144e+01 8.847510478948995e+01
2.549600000000000e+11 1.729020114108813e+01 8.845957677883975e+01
2.552900000000000e+11 1.740532357722870e+01 8.844353905041424e+01
2.556200000000000e+11 1.752297926179813e+01 8.842696573832794e+01
2.559500000000000e+11 1.764327120321248e+01 8.840983169679738e+01
2.562800000000000e+11 1.776630832739582e+01 8.839211244089378e+01
2.566100000000000e+11 1.789220612709851e+01 8.837378380679604e+01
2.569400000000000e+11 1.802108731666402e+01 8.835482136362576e+01
2.572700000000000e+11 1.815308247156296e+01 8.833519963829515e+01
2.576000000000000e+11 1.828833063970048e+01 8.831489123533939e+01
2.579300000000000e+11 1.842697992132031e+01 8.829386594299739e+01
2.582600000000000e+11 1.856918802501980e+01 8.827208991392229e+01
2.585900000000000e+11 1.871512281764790e+01 8.824952499460780e+01
2.589200000000000e+11 1.886496289443013e+01 8.822612825416857e+01
2.592500000000000e+11 1.901889820161376e+01 8.820185173396627e+01
2.595800000000000e+11 1.917713074668325e+01 8.817664240880366e+01
2.599100000000000e+11 1.933987543070620e+01 8.815044232217960e+01
2.602400000000000e+11 1.950736103403553e+01 8.812318883595002e+01
2.605700000000000e+11 1.967983138125559e+01 8.809481492121078e+01
2.609000000000000e+11 1.985754670503423e+01 8.806524941334419e+01
2.612300000000000e+11 2.004078522262215e+01 8.803441715954330e+01
2.615600000000000e+11 2.022984493429706e+01 8.800223899994572e+01
2.618900000000000e+11 2.042504565092308e+01 8.796863154096523e+01
2.622200000000000e+11 2.062673125851401e+01 8.793350669822684e+01
2.625500000000000e+11 2.083527223131463e+01 8.789677100353008e+01
2.628800000000000e+11 2.105106841113560e+01 8.785832468293383e+01
2.632100000000000e+11 2.127455207882820e+01 8.781806051994904e+01
2.635400000000000e+11 2.150619135312960e+01 8.777586251874803e+01
2.638700000000000e+11 2.174649396188315e+01 8.773160437837983e+01
2.642000000000000e+11 2.199601144041493e+01 8.768514778234169e+01
2.645300000000000e+11 2.225534382159312e+01 8.763634050113676e+01
2.648600000000000e+11 2.252514489240953e+01 8.758501430127173e+01
2.651900000000000e+11 2.280612810396216e+01 8.753098265431005e+01
2.655200000000000e+11 2.309907323729877e+01 8.747403824461881e+01
2.658500000000000e+11 2.340483394888109e+01 8.741395028310249e+01
2.661800000000000e+11 2.372434634887327e+01 8.735046164332209e+01
2.665100000000000e+11 2.405863880543317e+01 8.728328584122120e+01
2.668400000000000e+11 2.440884322071203e+01 8.721210387425118e+01
2.671700000000000e+11 2.477620809093048e+01 8.713656091381860e+01
2.675000000000000e+11 2.516211374463058e+01 8.705626280125486e+01
2.678300000000000e+11 2.556809025049911e+01 8.697077222835010e+01
2.681600000000000e+11 2.599583859932279e+01 8.687960438826687e+01
2.684900000000000e+11 2.644725589450387e+01 8.678222176425511e+01
2.688200000000000e+11 2.692446543434855e+01 8.667802758874137e+01
2.691500000000000e+11 2.742985274207931e+01 8.656635736406442e+01
2.694800000000000e+11 2.796610880566129e+01 8.644646770028713e+01
2.698100000000000e+11 2.853628204512911e+01 8.631752160678828e+01
2.701400000000000e+11 2.914384085527315e+01 8.617856928100797e+01
2.704700000000000e+11 2.979274901351090e+01 8.602852337105263e+01
2.708000000000000e+11 3.048755684981815e+01 8.586612763916960e+01
2.711300000000000e+11 3.123351192208103e+01 8.568991789561088e+01
2.714600000000000e+11 3.203669412937714e+01 8.549817396341597e+01
2.717900000000000e+11 3.290418187089664e+01 8.528886120700209e+01
2.721200000000000e+11 3.384425822116489e+01 8.505955971516339e+01
2.724500000000000e+11 3.486666943137969e+01 8.480737843844898e+01
2.727800000000000e+11 3.598295280232830e+01 8.452885025641021e+01
2.731100000000000e+11 3.720685773047225e+01 8.421980182971949e+01
2.734400000000000e+11 3.855489344838552e+01 8.387518879545496e+01
2.737700000000000e+11 4.004705111280184e+01 8.348888182219780e+01
2.741000000000000e+11 4.170776870131654e+01 8.305338137659741e+01
2.744300000000000e+11 4.356723825398483e+01 8.255942736610061e+01
2.747600000000000e+11 4.566320212798503e+01 8.199545181686362e+01
2.750900000000000e+11 4.804345758883554e+01 8.134679453395518e+01
2.754200000000000e+11 5.076940290371956e+01 8.059455649259280e+01
2.757500000000000e+11 5.392113921036670e+01 7.971389134121216e+01
2.760800000000000e+11 5.760493400580263e+01 7.867140932327068e+01
2.764100000000000e+11 6.196432350306767e+01 7.742114727508525e+01
2.767400000000000e+11 6.719688313303259e+01 7.589815951884422e+01
2.770700000000000e+11 7.357982739384622e+01 7.400804146613899e+01
2.774000000000000e+11 8.150898264690490e+01 7.160928153454327e+01
2.777300000000000e+11 9.155585781539325e+01 6.848262973519321e+01
2.780600000000000e+11 1.045389275472251e+02 6.427677569299229e+01
2.783900000000000e+11 1.215537904596119e+02 5.841301622724419e+01
2.787200000000000e+11 1.436754974997195e+02 4.993765500472204e+01
2.790500000000000e+11 1.702374364496862e+02 3.742447733172080e+01
2.793800000000000e+11 1.935956813695250e+02 1.958559662565969e+01
2.797100000000000e+11 1.964853133473630e+02 -2.181606447208785e+00
2.800400000000000e+11 1.734492914005677e+02 -2.256712101548257e+01
2.803700000000000e+11 1.415140081492094e+02 -3.781519982152792e+01
2.807000000000000e+11 1.136350894121828e+02 -4.822302105321917e+01
2.810300000000000e+11 9.226109660098257e+01 -5.531795839406403e+01
2.813600000000000e+11 7.622900476673144e+01 -6.030245723443574e+01
2.816900000000000e+11 6.405608596309675e+01 -6.392662125054901e+01
2.820200000000000e+11 5.461531964609048e+01 -6.664170339686390e+01
2.823500000000000e+11 4.713122578630369e+01 -6.872417701530303e+01
2.826800000000000e+11 4.107786112854768e+01 -7.034923724750409e+01
2.830100000000000e+11 3.609430093701170e+01 -7.163204461787650e+01
2.833400000000000e+11 3.192779908314193e+01 -7.265099838624482e+01
2.836700000000000e+11 2.839737941892253e+01 -7.346116227352165e+01
2.840000000000000e+11 2.537061128640038e+01 -7.410220515865500e+01
2.843300000000000e+11 2.274861930246622e+01 -7.460320872287772e+01
2.846600000000000e+11 2.045623321946956e+01 -7.498563814933961e+01
2.849900000000000e+11 1.843538394373083e+01 -7.526520878324708e+01
2.853200000000000e+11 1.664058350542550e+01 -7.545307276900408e+01
2.856500000000000e+11 1.503576723062028e+01 -7.555657437652464e+01
2.859800000000000e+11 1.359204289321246e+01 -7.557971900666435e+01
2.863100000000000e+11 1.228605500077459e+01 -7.552343601491710e+01
2.866400000000000e+11 1.109877414829564e+01 -7.538567155127282e+01
2.869700000000000e+11 1.001458587925701e+01 -7.516131397381156e+01
2.873000000000000e+11 9.020595075135839e+00 -7.484192376530089e+01
2.876300000000000e+11 8.106089147035515e+00 -7.441520573418831e+01
2.879600000000000e+11 7.262121488909053e+00 -7.386411564099285e+01
2.882900000000000e+11 6.481189104464707e+00 -7.316542407033424e+01
2.886200000000000e+11 5.756987285864533e+00 -7.228744633912640e+01
2.889500000000000e+11 5.084231418742101e+00 -7.118644984918340e+01
2.892800000000000e+11 4.458543080837380e+00 -6.980089583267404e+01
2.896100000000000e+11 3.876406832419165e+00 -6.804201713674333e+01
2.899400000000000e+11 3.335219451506896e+00 -6.577799704521027e+01
2.902700000000000e+11 2.833483123379400e+00 -6.280667600075777e+01
2.906000000000000e+11 2.371256401855547e+00 -5.880751302282018e+01
2.909300000000000e+11 1.951109338432905e+00 -5.325769258128254e+01
2.912600000000000e+11 1.580083495611970e+00 -4.530024750020416e+01
2.915900000000000e+11 1.273384254324338e+00 -3.363367512985738e+01
2.919200000000000e+11 1.058925721121761e+00 -1.691953312918870e+01
2.922500000000000e+11 9.721526064313734e-01 4.123074382413040e+00
2.925800000000000e+11 1.024321768088475e+00 2.484537784088819e+01
2.929100000000000e+11 1.181724816971762e+00 4.095718588503858e+01
2.932400000000000e+11 1.398096028548802e+00 5.213510162173225e+01
2.935700000000000e+11 1.641963740266874e+00 5.977986162154815e+01
2.939000000000000e+11 1.896430117030756e+00 6.514577688841067e+01
2.942300000000000e+11 2.152863579203096e+00 6.904566650550521e+01
2.945600000000000e+11 2.406813483874665e+00 7.197537331201045e+01
2.948900000000000e+11 2.655956478972690e+00 7.424047352060624e+01
2.952200000000000e+11 2.899095161750836e+00 7.603505686076292e+01
2.955500000000000e+11 3.135655157929782e+00 7.748665252939513e+01
2.958800000000000e+11 3.365420614025200e+00 7.868179355398267e+01
2.962100000000000e+11 3.588387969916512e+00 7.968090469588458e+01
2.965400000000000e+11 3.804680945537228e+00 8.052724408153705e+01
2.968700000000000e+11 4.014498605933453e+00 8.125244993315414e+01
2.972000000000000e+11 4.218082142163971e+00 8.188009184143891e+01
2.975300000000000e+11 4.415692825972047e+00 8.242801378019446e+01
2.978600000000000e+11 4.607597085779025e+00 8.290992373685509e+01
2.981900000000000e+11 4.794056471239122e+00 8.333649971014496e+01
2.985200000000000e+11 4.975321220575364e+00 8.371617598958797e+01
2.988500000000000e+11 5.151626622047250e+00 8.405571168464937e+01
2.991800000000000e+11 5.323191583551106e+00 8.436060649522069e+01
2.995100000000000e+11 5.490218914382084e+00 8.463540630628748e+01
2.998400000000000e+11 5.652896852749638e+00 8.488392745259964e+01
3.001700000000000e+11 5.811401385142225e+00 8.510941999139280e+01
3.005000000000000e+11 5.965898924212420e+00 8.531468497625944e+01
3.008300000000000e+11 6.116548953011971e+00 8.550215727532520e+01
3.011600000000000e+11 6.263506308603448e+00 8.567396313530122e+01
3.014900000000000e+11 6.406922864352732e+00 8.583195997349834e+01
3.018200000000000e+11 6.546948470385877e+00 8.597776448963829e+01
3.021500000000000e+11 6.683731116268512e+00 8.611277396279152e+01
3.024800000000000e+11 6.817416378754990e+00 8.623818445497434e+01
3.028100000000000e+11 6.948146300953225e+00 8.635500855648239e+01
3.031400000000000e+11 7.076057909755773e+00 8.646409428893223e+01
3.034700000000000e+11 7.201281610772892e+00 8.656614586050266e+01
3.038000000000000e+11 7.323939702288577e+00 8.666174618269041e+01
3.041300000000000e+11 7.444145223251936e+00 8.675138044642942e+01
3.044600000000000e+11 7.562001299459411e+00 8.683545964570062e+01
3.047900000000000e+11 7.677601083929356e+00 8.691434274170940e+01
3.051200000000000e+11 7.791028310769942e+00 8.698835617462967e+01
3.054500000000000e+11 7.902358406044002e+00 8.705780962798393e+01
3.057800000000000e+11 8.011660033146359e+00 8.712300729161186e+01
3.061100000000000e+11 8.118996901410336e+00 8.718425429963531e+01
3.064400000000000e+11 8.224429640051534e+00 8.724185848143736e+01
3.067700000000000e+11 8.328017537296414e+00 8.729612799934921e+01
3.071000000000000e+11 8.429819965885191e+00 8.734736580702979e+01
3.074300000000000e+11 8.529897357649128e+00 8.739586211018580e+01
3.077600000000000e+11 8.628311646012255e+00 8.744188612401129e+01
3.080900000000000e+11 8.725126159110358e+00 8.748567839327569e+01
3.084200000000000e+11 8.820405010233509e+00 8.752744478040246e+01
3.087500000000000e+11 8.914212089178823e+00 8.756735295663154e+01
3.090800000000000e+11 9.006609801559598e+00 8.760553188450076e+01
3.094100000000000e+11 9.097657728482204e+00 8.764207439642989e+01
3.097400000000000e+11 9.187411383749170e+00 8.767704259684095e+01
3.100700000000000e+11 9.275921229724812e+00 8.771047548509625e+01
3.104000000000000e+11 9.363232078438532e+00 8.774239794848441e+01
3.107300000000000e+11 9.449382955773540e+00 8.777283013354894e+01
3.110600000000000e+11 9.534407449629962e+00 8.780179618253842e+01
3.113900000000000e+11 9.618334504579167e+00 8.782933141804753e+01
3.117200000000000e+11 9.701189572593320e+00 8.785548725798365e+01
3.120500000000000e+11 9.782995988005839e+00 8.788033341858726e+01
3.123800000000000e+11 9.863776409539042e+00 8.790395728143965e+01
3.127100000000000e+11 9.943554165648049e+00 8.792646062377440e+01
3.130400000000000e+11 1.002235435201404e+01 8.794795420354986e+01
3.133700000000000e+11 1.010020456003032e+01 8.796855092003757e+01
3.137000000000000e+11 1.017713515889976e+01 8.798835841354050e+01
3.140300000000000e+11 1.025317910637351e+01 8.800747201071923e+01
3.143600000000000e+11 1.032837131818498e+01 8.802596886236735e+01
3.146900000000000e+11 1.040274767759215e+01 8.804390396678370e+01
3.150200000000000e+11 1.047634380829541e+01 8.806130854252609e+01
3.153500000000000e+11 1.054919376155602e+01 8.807819093567004e+01
3.156800000000000e+11 1.062132877840331e+01 8.809453995033427e+01
3.160100000000000e+11 1.069277627917732e+01 8.811033021068231e+01
3.163400000000000e+11 1.076355920622055e+01 8.812552892953669e+01
3.166700000000000e+11 1.083369580431001e+01 8.814010329938675e+01
3.170000000000000e+11 1.090319987214254e+01 8.815402765366601e+01
3.173300000000000e+11 1.097208146277442e+01 8.816728957679054e+01
3.176600000000000e+11 1.104034795779964e+01 8.817989426627700e+01
3.179900000000000e+11 1.110800539539151e+01 8.819186665423364e+01
3.183200000000000e+11 1.117505990130316e+01 8.820325105469655e+01
3.186500000000000e+11 1.124151905816834e+01 8.821410838794681e+01
3.189800000000000e+11 1.130739305360239e+01 8.822451131084897e+01
3.193100000000000e+11 1.137269547125202e+01 8.823453782241657e+01
3.196400000000000e+11 1.143744362853883e+01 8.824426408961162e+01
3.199700000000000e+11 1.150165841609938e+01 8.825375733034676e+01
3.203000000000000e+11 1.156536365118303e+01 8.826306958834159e+01
3.206300000000000e+11 1.162858501412115e+01 8.827223313757506e+01
3.209600000000000e+11 1.169134868693408e+01 8.828125807254210e+01
3.212900000000000e+11 1.175367985032383e+01 8.829013239375348e+01
3.216200000000000e+11 1.181560121514828e+01 8.829882461293406e+01
3.219500000000000e+11 1.187713176428107e+01 8.830728861103148e+01
3.222800000000000e+11 1.193828586009106e+01 8.831547021769374e+01
3.226100000000000e+11 1.199907283353556e+01 8.832331477410430e+01
3.229400000000000e+11 1.205949711720812e+01 8.833077481662190e+01
3.232700000000000e+11 1.211955892252356e+01 8.833781699197753e+01
3.236000000000000e+11 1.217925539759219e+01 8.834442739004758e+01
3.239300000000000e+11 1.223858214455691e+01 8.835061464997146e+01
3.242600000000000e+11 1.229753493002037e+01 8.835641044119707e+01
3.245900000000000e+11 1.235611139511109e+01 8.836186721586826e+01
3.249200000000000e+11 1.241431256624249e+01 8.836705344015942e+01
3.252500000000000e+11 1.247214398483336e+01 8.837204680503204e+01
3.255800000000000e+11 1.252961631283856e+01 8.837692615852725e+01
3.259100000000000e+11 1.258674532711410e+01 8.838176306430093e+01
3.262400000000000e+11 1.264355128358162e+01 8.838661395493597e+01
3.265700000000000e+11 1.270005770453847e+01 8.839151380417896e+01
3.269000000000000e+11 1.275628971118564e+01 8.839647209176468e+01
3.272300000000000e+11 1.281227208050514e+01 8.840147159181888e+01
3.275600000000000e+11 1.286802724404398e+01 8.840647020575508e+01
3.278900000000000e+11 1.292357346079155e+01 8.841140571636619e+01
3.282200000000000e+11 1.297892338462391e+01 8.841620299997722e+01
3.285500000000000e+11 1.303408320911772e+01 8.842078293729750e+01
3.288800000000000e+11 1.308905251236702e+01 8.842507204642197e+01
3.292100000000000e+11 1.314382484797297e+01 8.842901175044392e+01
3.295400000000000e+11 1.319838904389234e+01 8.843256620270417e+01
3.298700000000000e+11 1.325273108777806e+01 8.843572772643601e+01
3.302000000000000e+11 1.330683640533779e+01 8.843851916995902e+01
3.305300000000000e+11 1.336069228560818e+01 8.844099280846984e+01
3.308600000000000e+11 1.341429018045131e+01 8.844322580383984e+01
3.311900000000000e+11 1.346762760889434e+01 8.844531262364228e+01
3.315200000000000e+11 1.352070943083821e+01 8.844735517715033e+01
3.318500000000000e+11 1.357354831653435e+01 8.844945170924368e+01
3.321800000000000e+11 1.362616432228546e+01 8.845168566973709e+01
3.325100000000000e+11 1.367858358061548e+01 8.845411582264362e+01
3.328400000000000e+11 1.373083621432031e+01 8.845676876737603e+01
3.331700000000000e+11 1.378295367714201e+01 8.845963481670289e+01
3.335000000000000e+11 1.383496579839453e+01 8.846266783427507e+01
3.338300000000000e+11 1.388689785541898e+01 8.846578921138969e+01
3.341600000000000e+11 1.393876800970165e+01 8.846889570285292e+01
3.344900000000000e+11 1.399058541699338e+01 8.847187039591607e+01
3.348200000000000e+11 1.404234926014750e+01 8.847459570541820e+01
3.351500000000000e+11 1.409404886117032e+01 8.847696701771751e+01
3.354800000000000e+11 1.414566491535597e+01 8.847890547969651e+01
3.358100000000000e+11 1.419717176724237e+01 8.848036846518568e+01
3.361400000000000e+11 1.424854052873361e+01 8.848135644984499e+01
3.364700000000000e+11 1.429974273725170e+01 8.848191536899490e+01
3.368000000000000e+11 1.435075417785916e+01 8.848213398752682e+01
3.371300000000000e+11 1.440155845683407e+01 8.848213633109825e+01
3.374600000000000e+11 1.445214992041575e+01 8.848206976040616e+01
3.377900000000000e+11 1.450253556233783e+01 8.848208976042068e+01
3.381200000000000e+11 1.455273565384053e+01 8.848234291218640e+01
3.384500000000000e+11 1.460278295235462e+01 8.848294977227395e+01
3.387800000000000e+11 1.465272048849819e+01 8.848398947248154e+01
3.391100000000000e+11 1.470259808123931e+01 8.848548775412063e+01
3.394400000000000e+11 1.475246787241199e+01 8.848740986966948e+01
3.397700000000000e+11 1.480237928879417e+01 8.848965934157641e+01
3.401000000000000e+11 1.485237391911661e+01 8.849208300393977e+01
3.404300000000000e+11 1.490248082471748e+01 8.849448212322299e+01
3.407600000000000e+11 1.495271278102854e+01 8.849662876440290e+01
3.410900000000000e+11 1.500306387333079e+01 8.849828600666434e+01
3.414200000000000e+11 1.505350875067320e+01 8.849923017981536e+01
3.417500000000000e+11 1.510400368804873e+01 8.849927303731866e+01
3.420800000000000e+11 1.515448943419343e+01 8.849828173306204e+01
3.424100000000000e+11 1.520489564806650e+01 8.849619463280547e+01
3.427400000000000e+11 1.525514656864115e+01 8.849303135094884e+01
3.430700000000000e+11 1.530516743582679e+01 8.848889592219614e+01
3.434000000000000e+11 1.535489109766350e+01 8.848397264425164e+01
3.437300000000000e+11 1.540426420862588e+01 8.847851480131881e+01
3.440600000000000e+11 1.545325244924973e+01 8.847282713566398e+01
3.443900000000000e+11 1.550184427658471e+01 8.846724351545220e+01
3.447200000000000e+11 1.555005284146306e+01 8.846210169861052e+01
3.450500000000000e+11 1.559791587110576e+01 8.845771737309818e+01
3.453800000000000e+11 1.564549349942518e+01 8.845435973659933e+01
3.457100000000000e+11 1.569286421533300e+01 8.845223075312690e+01
3.460400000000000e+11 1.574011927331048e+01 8.845144989882245e+01
3.463700000000000e+11 1.578735605315257e+01 8.845204571188947e+01
3.467000000000000e+11 1.583467095256207e+01 8.845395483762982e+01
3.470300000000000e+11 1.588215243700066e+01 8.845702856886514e+01
3.473600000000000e+11 1.592987485152065e+01 8.846104619341868e+01
3.476900000000000e+11 1.597789352130094e+01 8.846573384381570e+01
3.480200000000000e+11 1.602624153968376e+01 8.847078706296088e+01
3.483500000000000e+11 1.607492847839650e+01 8.847589500130938e+01
3.486800000000000e+11 1.612394107170945e+01 8.848076407318831e+01
3.490100000000000e+11 1.617324574345438e+01 8.848513902570933e+01
3.493400000000000e+11 1.622279268133222e+01 8.848881969291592e+01
3.496700000000000e+11 1.627252103238023e+01 8.849167218024743e+01
3.500000000000000e+11 1.632236470829007e+01 8.849363379575887e+01
