2.000000000000000e+10 2.298395121600266e+01 -9.006209024158204e+01
2.033000000000000e+10 2.257789612458212e+01 -9.006309441472362e+01
2.066000000000000e+10 2.218427955710612e+01 -9.006409772940390e+01
2.099000000000000e+10 2.180251487304067e+01 -9.006510028938756e+01
2.132000000000000e+10 2.143205172287343e+01 -9.006610232341954e+01
2.165000000000000e+10 2.107237326996805e+01 -9.006710415132046e+01
2.198000000000000e+10 2.072299366758285e+01 -9.006810614218877e+01
2.231000000000000e+10 2.038345576510232e+01 -9.006910866937660e+01
2.264000000000000e+10 2.005332901999932e+01 -9.007011206701668e+01
2.297000000000000e+10 1.973220759424118e+01 -9.007111659248115e+01
2.330000000000000e+10 1.941970861585166e+01 -9.007212239835351e+01
2.363000000000000e+10 1.911547058820030e+01 -9.007312951637589e+01
2.396000000000000e+10 1.881915193137040e+01 -9.007413785450142e+01
2.429000000000000e+10 1.853042964165500e+01 -9.007514720681323e+01
2.462000000000000e+10 1.824899805686963e+01 -9.007615727476662e+01
2.495000000000000e+10 1.797456771672345e+01 -9.007716769713248e+01
2.528000000000000e+10 1.770686430895340e+01 -9.007817808523237e+01
2.561000000000000e+10 1.744562769325914e+01 -9.007918805965770e+01
2.594000000000000e+10 1.719061099626776e+01 -9.008019728465176e+01
2.627000000000000e+10 1.694157977178140e+01 -9.008120549672476e+01
2.660000000000000e+10 1.669831122140797e+01 -9.008221252477271e+01
2.693000000000000e+10 1.646059347133894e+01 -9.008321829994780e+01
2.726000000000000e+10 1.622822490152895e+01 -9.008422285462355e+01
2.759000000000000e+10 1.600101352386881e+01 -9.008522631094054e+01
2.792000000000000e+10 1.577877640613643e+01 -9.008622886046663e+01
2.825000000000000e+10 1.556133913861954e+01 -9.008723073735483e+01
2.858000000000000e+10 1.534853534032639e+01 -9.008823218798450e+01
2.891000000000000e+10 1.514020620170970e+01 -9.008923344032563e+01
2.924000000000000e+10 1.493620006082604e+01 -9.009023467619761e+01
2.957000000000000e+10 1.473637200988432e+01 -9.009123600921372e+01
2.990000000000000e+10 1.454058352921768e+01 -9.009223747051739e+01
3.023000000000000e+10 1.434870214585081e+01 -9.009323900357910e+01
3.056000000000000e+10 1.416060111404096e+01 -9.009424046834620e+01
3.089000000000000e+10 1.397615911543097e+01 -9.009524165407311e+01
3.122000000000000e+10 1.379525997676604e+01 -9.009624229928656e+01
3.155000000000000e+10 1.361779240345792e+01 -9.009724211664860e+01
3.188000000000000e+10 1.344364972762983e+01 -9.009824082002953e+01
3.221000000000000e+10 1.327272966959928e+01 -9.009923815094312e+01
3.254000000000000e+10 1.310493411205389e+01 -9.010023390162785e+01
3.287000000000000e+10 1.294016888641031e+01 -9.010122793245958e+01
3.320000000000000e+10 1.277834357102521e+01 -9.010222018201887e+01
3.353000000000000e+10 1.261937130102759e+01 -9.010321066891717e+01
3.386000000000000e+10 1.246316858957547e+01 -9.010419948535851e+01
3.419000000000000e+10 1.230965516031053e+01 -9.010518678324895e+01
3.452000000000000e+10 1.215875379070017e+01 -9.010617275442003e+01
3.485000000000000e+10 1.201039016584197e+01 -9.010715760710390e+01
3.518000000000000e+10 1.186449274216899e+01 -9.010814154113631e+01
3.551000000000000e+10 1.172099262036757e+01 -9.010912472445165e+01
3.584000000000000e+10 1.157982342670175e+01 -9.011010727325251e+01
3.617000000000000e+10 1.144092120186757e+01 -9.011108923782740e+01
3.650000000000000e+10 1.130422429646214e+01 -9.011207059536265e+01
3.683000000000000e+10 1.116967327217073e+01 -9.011305125037762e+01
3.716000000000000e+10 1.103721080783905e+01 -9.011403104260708e+01
3.749000000000000e+10 1.090678160970450e+01 -9.011500976141002e+01
3.782000000000000e+10 1.077833232520228e+01 -9.011598716512086e+01
3.815000000000000e+10 1.065181145992320e+01 -9.011696300329145e+01
3.848000000000000e+10 1.052716929746640e+01 -9.011793703949901e+01
3.881000000000000e+10 1.040435782209105e+01 -9.011890907237290e+01
3.914000000000000e+10 1.028333064420335e+01 -9.011987895271349e+01
3.947000000000000e+10 1.016404292882107e+01 -9.012084659499847e+01
3.980000000000000e+10 1.004645132721791e+01 -9.012181198216581e+01
4.013000000000000e+10 9.930513911967799e+00 -9.012277516327269e+01
4.046000000000000e+10 9.816190115585377e+00 -9.012373624434660e+01
4.079000000000000e+10 9.703440672896107e+00 -9.012469537344737e+01
4.112000000000000e+10 9.592227567178361e+00 -9.012565272152604e+01
4.145000000000000e+10 9.482513980013437e+00 -9.012660846109034e+01
4.178000000000000e+10 9.374264244662928e+00 -9.012756274486981e+01
4.211000000000000e+10 9.267443802690110e+00 -9.012851568666868e+01
4.244000000000000e+10 9.162019163453440e+00 -9.012946734633645e+01
4.277000000000000e+10 9.057957866039690e+00 -9.013041772035669e+01
4.310000000000000e+10 8.955228443180154e+00 -9.013136673896005e+01
4.343000000000000e+10 8.853800386699627e+00 -9.013231427000795e+01
4.376000000000000e+10 8.753644114094799e+00 -9.013326012918679e+01
4.409000000000000e+10 8.654730935909068e+00 -9.013420409542786e+01
4.442000000000000e+10 8.557033023666838e+00 -9.013514592993690e+01
4.475000000000000e+10 8.460523378237795e+00 -9.013608539686291e+01
4.508000000000000e+10 8.365175798609989e+00 -9.013702228348322e+01
4.541000000000000e+10 8.270964851150834e+00 -9.013795641784201e+01
4.574000000000000e+10 8.177865839517880e+00 -9.013888768204795e+01
4.607000000000000e+10 8.085854775438154e+00 -9.013981601988729e+01
4.640000000000000e+10 7.994908350601085e+00 -9.014074143799041e+01
4.673000000000000e+10 7.905003909908507e+00 -9.014166400044051e+01
4.706000000000000e+10 7.816119426288189e+00 -9.014258381738158e+01
4.739000000000000e+10 7.728233477221860e+00 -9.014350102878481e+01
4.772000000000000e+10 7.641325223058986e+00 -9.014441578501278e+01
4.805000000000000e+10 7.555374387102050e+00 -9.014532822614593e+01
4.838000000000000e+10 7.470361237360318e+00 -9.014623846214884e+01
4.871000000000000e+10 7.386266569790171e+00 -9.014714655586789e+01
4.904000000000000e+10 7.303071692775593e+00 -9.014805251056438e+01
4.937000000000000e+10 7.220758412562982e+00 -9.014895626322841e+01
4.970000000000000e+10 7.139309019346245e+00 -9.014985768433716e+01
5.003000000000000e+10 7.058706273712898e+00 -9.015075658408274e+01
5.036000000000000e+10 6.978933393195989e+00 -9.015165272443983e+01
5.069000000000000e+10 6.899974038736512e+00 -9.015254583587407e+01
5.102000000000000e+10 6.821812300933054e+00 -9.015343563702130e+01
5.135000000000000e+10 6.744432686036600e+00 -9.015432185538397e+01
5.168000000000000e+10 6.667820101728260e+00 -9.015520424698833e+01
5.201000000000000e+10 6.591959842790775e+00 -9.015608261305434e+01
5.234000000000000e+10 6.516837576840303e+00 -9.015695681202824e+01
5.267000000000000e+10 6.442439330323982e+00 -9.015782676579056e+01
5.300000000000000e+10 6.368751475001043e+00 -9.015869245942916e+01
5.333000000000000e+10 6.295760715117004e+00 -9.015955393460374e+01
5.366000000000000e+10 6.223454075447197e+00 -9.016041127715965e+01
5.399000000000000e+10 6.151818890336952e+00 -9.016126460021543e+01
5.432000000000000e+10 6.080842793801106e+00 -9.016211402438499e+01
5.465000000000000e+10 6.010513710677675e+00 -9.016295965708193e+01
5.498000000000000e+10 5.940819848760462e+00 -9.016380157292352e+01
5.531000000000000e+10 5.871749691775523e+00 -9.016463979714490e+01
5.564000000000000e+10 5.803291993017989e+00 -9.016547429362629e+01
5.597000000000000e+10 5.735435769436737e+00 -9.016630495866835e+01
5.630000000000000e+10 5.668170295944976e+00 -9.016713162108313e+01
5.663000000000000e+10 5.601485099746210e+00 -9.016795404853626e+01
5.696000000000000e+10 5.535369954496184e+00 -9.016877195945568e+01
5.729000000000000e+10 5.469814874168549e+00 -9.016958503927403e+01
5.762000000000000e+10 5.404810106548563e+00 -9.017039295933989e+01
5.795000000000000e+10 5.340346126342864e+00 -9.017119539658279e+01
5.828000000000000e+10 5.276413627953377e+00 -9.017199205193219e+01
5.861000000000000e+10 5.213003518019065e+00 -9.017278266563561e+01
5.894000000000000e+10 5.150106907868952e+00 -9.017356702792151e+01
5.927000000000000e+10 5.087715106056550e+00 -9.017434498393082e+01
5.960000000000000e+10 5.025819611153314e+00 -9.017511643240891e+01
5.993000000000000e+10 4.964412104966083e+00 -9.017588131827993e+01
6.026000000000000e+10 4.903484446316515e+00 -9.017663961983301e+01
6.059000000000000e+10 4.843028665478085e+00 -9.017739133179910e+01
6.092000000000000e+10 4.783036959314965e+00 -9.017813644600274e+01
6.125000000000000e+10 4.723501687111953e+00 -9.017887493152382e+01
6.158000000000000e+10 4.664415367031706e+00 -9.017960671635686e+01
6.191000000000000e+10 4.605770673088284e+00 -9.018033167240993e+01
6.224000000000000e+10 4.547560432491490e+00 -9.018104960535383e+01
6.257000000000000e+10 4.489777623195852e+00 -9.018176025035241e+01
6.290000000000000e+10 4.432415371484531e+00 -9.018246327411732e+01
6.323000000000000e+10 4.375466949430595e+00 -9.018315828309341e+01
6.356000000000000e+10 4.318925772106220e+00 -9.018384483696533e+01
6.389000000000000e+10 4.262785394449180e+00 -9.018452246612979e+01
6.422000000000000e+10 4.207039507744261e+00 -9.018519069137378e+01
6.455000000000000e+10 4.151681935726664e+00 -9.018584904375660e+01
6.488000000000000e+10 4.096706630363371e+00 -9.018649708265063e+01
6.521000000000000e+10 4.042107667409274e+00 -9.018713441006476e+01
6.554000000000000e+10 3.987879241866299e+00 -9.018776067971925e+01
6.587000000000000e+10 3.934015663490241e+00 -9.018837559984401e+01
6.620000000000000e+10 3.880511352492358e+00 -9.018897892928075e+01
6.653000000000000e+10 3.827360835569761e+00 -9.018957046712897e+01
6.686000000000000e+10 3.774558742372686e+00 -9.019015003680344e+01
6.719000000000000e+10 3.722099802479146e+00 -9.019071746593035e+01
6.752000000000000e+10 3.669978842905146e+00 -9.019127256392443e+01
6.785000000000000e+10 3.618190786131536e+00 -9.019181509932146e+01
6.818000000000000e+10 3.566730648586727e+00 -9.019234477897872e+01
6.851000000000000e+10 3.515593539486477e+00 -9.019286123106669e+01
6.884000000000000e+10 3.464774659906529e+00 -9.019336399342012e+01
6.917000000000000e+10 3.414269301949165e+00 -9.019385250826500e+01
6.950000000000000e+10 3.364072847865801e+00 -9.019432612371558e+01
6.983000000000000e+10 3.314180769010210e+00 -9.019478410174989e+01
7.016000000000000e+10 3.264588624523466e+00 -9.019522563169939e+01
7.049000000000000e+10 3.215292059686373e+00 -9.019564984773476e+01
7.082000000000000e+10 3.166286803915246e+00 -9.019605584838821e+01
7.115000000000000e+10 3.117568668419519e+00 -9.019644271592932e+01
7.148000000000000e+10 3.069133543578234e+00 -9.019680953337956e+01
7.181000000000000e+10 3.020977396125532e+00 -9.019715539717411e+01
7.214000000000000e+10 2.973096266257309e+00 -9.019747942385236e+01
7.247000000000000e+10 2.925486264782570e+00 -9.019778074976850e+01
7.280000000000000e+10 2.878143570440259e+00 -9.019805852345665e+01
7.313000000000000e+10 2.831064427488105e+00 -9.019831189103962e+01
7.346000000000000e+10 2.784245143644142e+00 -9.019853997574494e+01
7.379000000000000e+10 2.737682088428410e+00 -9.019874185319431e+01
7.412000000000000e+10 2.691371691913948e+00 -9.019891652456687e+01
7.445000000000000e+10 2.645310443857431e+00 -9.019906288994983e+01
7.478000000000000e+10 2.599494893144670e+00 -9.019917972418365e+01
7.511000000000000e+10 2.553921647457579e+00 -9.019926565724354e+01
7.544000000000000e+10 2.508587373050543e+00 -9.019931916072596e+01
7.577000000000000e+10 2.463488794517300e+00 -9.019933854134378e+01
7.610000000000000e+10 2.418622694434646e+00 -9.019932194155821e+01
7.643000000000000e+10 2.373985912786451e+00 -9.019926734665390e+01
7.676000000000000e+10 2.329575346098031e+00 -9.019917259677698e+01
7.709000000000000e+10 2.285387946245101e+00 -9.019903540177677e+01
7.742000000000000e+10 2.241420718939235e+00 -9.019885335622949e+01
7.775000000000000e+10 2.197670721928415e+00 -9.019862395174016e+01
7.808000000000000e+10 2.154135062985172e+00 -9.019834458367784e+01
7.841000000000000e+10 2.110810897779651e+00 -9.019801254976417e+01
7.874000000000000e+10 2.067695427751267e+00 -9.019762503850851e+01
7.907000000000000e+10 2.024785898095472e+00 -9.019717910620662e+01
7.940000000000000e+10 1.982079595974731e+00 -9.019667164212498e+01
7.973000000000000e+10 1.939573849042227e+00 -9.019609932240479e+01
8.006000000000000e+10 1.897266024338339e+00 -9.019545855409494e+01
8.039000000000000e+10 1.855153527584424e+00 -9.019474541146917e+01
8.072000000000000e+10 1.813233802860016e+00 -9.019395556725470e+01
8.105000000000000e+10 1.771504332612395e+00 -9.019308422162999e+01
8.138000000000000e+10 1.729962637915248e+00 -9.019212603169072e+01
8.171000000000000e+10 1.688606278869091e+00 -9.019107504359778e+01
8.204000000000000e+10 1.647432855022046e+00 -9.018992462878212e+01
8.237000000000000e+10 1.606440005689176e+00 -9.018866742446561e+01
8.270000000000000e+10 1.565625410058406e+00 -9.018729527741509e+01
8.303000000000000e+10 1.524986786994278e+00 -9.018579918837807e+01
8.336000000000000e+10 1.484521894481537e+00 -9.018416925316156e+01
8.369000000000000e+10 1.444228528688430e+00 -9.018239459488012e+01
8.402000000000000e+10 1.404104522668988e+00 -9.018046328065763e+01
8.435000000000000e+10 1.364147744762165e+00 -9.017836221499066e+01
8.468000000000000e+10 1.324356096777708e+00 -9.017607700119076e+01
8.501000000000000e+10 1.284727512083145e+00 -9.017359176171529e+01
8.534000000000000e+10 1.245259953718229e+00 -9.017088890774326e+01
8.567000000000000e+10 1.205951412663516e+00 -9.016794884791184e+01
8.600000000000000e+10 1.166799906376848e+00 -9.016474962548261e+01
8.633000000000000e+10 1.127803477687284e+00 -9.016126647214165e+01
8.666000000000000e+10 1.088960194102859e+00 -9.015747126475355e+01
8.699000000000000e+10 1.050268147548940e+00 -9.015333186834100e+01
8.732000000000000e+10 1.011725454513168e+00 -9.014881134378787e+01
8.765000000000000e+10 9.733302565334327e-01 -9.014386699158347e+01
8.798000000000000e+10 9.350807209330437e-01 -9.013844919254286e+01
8.831000000000000e+10 8.969750416832238e-01 -9.013249999160098e+01
8.864000000000000e+10 8.590114402620762e-01 -9.012595134987737e+01
8.897000000000000e+10 8.211881663809835e-01 -9.011872296079775e+01
8.930000000000000e+10 7.835034984646985e-01 -9.011071948454558e+01
8.963000000000000e+10 7.459557437991079e-01 -9.010182699587781e+01
8.996000000000000e+10 7.085432382979781e-01 -9.009190835470258e+01
9.029000000000000e+10 6.712643458842819e-01 -9.008079708272886e+01
9.062000000000000e+10 6.341174575293782e-01 -9.006828914021379e+01
9.095000000000000e+10 5.971009900404416e-01 -9.005413170625272e+01
9.128000000000000e+10 5.602133847314095e-01 -9.003800760916492e+01
9.161000000000000e+10 5.234531061544170e-01 -9.001951331633765e+01
9.194000000000000e+10 4.868186411086576e-01 -8.999812716882941e+01
9.227000000000000e+10 4.503084981920236e-01 -8.997316244871941e+01
9.260000000000000e+10 4.139212082332658e-01 -8.994369614376060e+01
9.293000000000000e+10 3.776553260790509e-01 -8.990845739102392e+01
9.326000000000000e+10 3.415094344911778e-01 -8.986564625105400e+01
9.359000000000000e+10 3.054821515173716e-01 -8.981262619806452e+01
9.392000000000000e+10 2.695721440765860e-01 -8.974537419877748e+01
9.425000000000000e+10 2.337781538162665e-01 -8.965743171398688e+01
9.458000000000000e+10 1.980990500105868e-01 -8.953773399019575e+01
9.491000000000000e+10 1.625339500633003e-01 -8.936561476528495e+01
9.524000000000000e+10 1.270825383375012e-01 -8.909751138869829e+01
9.557000000000000e+10 9.174611496758769e-02 -8.862312734941470e+01
9.590000000000000e+10 5.653254537519026e-02 -8.755850405554349e+01
9.623000000000000e+10 2.150956596152299e-02 -8.302299581731255e+01
9.656000000000000e+10 1.396184821270229e-02 7.835490475504420e+01
9.689000000000000e+10 4.868831490500894e-02 8.643858194247385e+01
9.722000000000000e+10 8.347298256116661e-02 8.778129347002793e+01
9.755000000000000e+10 1.181741030696367e-01 8.833210442826804e+01
9.788000000000000e+10 1.527799472884258e-01 8.863160621850930e+01
9.821000000000000e+10 1.872883580838944e-01 8.881958333844183e+01
9.854000000000000e+10 2.216992560509040e-01 8.894837226696281e+01
9.887000000000000e+10 2.560132273666146e-01 8.904199459188463e+01
9.920000000000000e+10 2.902311218244204e-01 8.911302386095346e+01
9.953000000000000e+10 3.243539079376200e-01 8.916867915028845e+01
9.986000000000000e+10 3.583826116280874e-01 8.921340084569648e+01
1.001900000000000e+11 3.923182868413624e-01 8.925006993223097e+01
1.005200000000000e+11 4.261619998231432e-01 8.928063699243891e+01
1.008500000000000e+11 4.599148197741265e-01 8.930646945183058e+01
1.011800000000000e+11 4.935778127343877e-01 8.932855411437251e+01
1.015100000000000e+11 5.271520372738634e-01 8.934762080241327e+01
1.018400000000000e+11 5.606385413419553e-01 8.936422079181857e+01
1.021700000000000e+11 5.940383599923704e-01 8.937877823173818e+01
1.025000000000000e+11 6.273525138659006e-01 8.939162482261837e+01
1.028300000000000e+11 6.605820083797566e-01 8.940302378466492e+01
1.031600000000000e+11 6.937278335833776e-01 8.941318678049601e+01
1.034900000000000e+11 7.267909646228008e-01 8.942228608484510e+01
1.038200000000000e+11 7.597723627249138e-01 8.943046347553329e+01
1.041500000000000e+11 7.926729765791596e-01 8.943783681738489e+01
1.044800000000000e+11 8.254937439661618e-01 8.944450499454267e+01
1.048100000000000e+11 8.582355934646142e-01 8.945055164324938e+01
1.051400000000000e+11 8.908994460648937e-01 8.945604800339184e+01
1.054700000000000e+11 9.234862165293612e-01 8.946105511740629e+01
1.058000000000000e+11 9.559968143670130e-01 8.946562554348763e+01
1.061300000000000e+11 9.884321443297857e-01 8.946980470679220e+01
1.064600000000000e+11 1.020793106387962e+00 8.947363198104132e+01
1.067900000000000e+11 1.053080595195122e+00 8.947714156979482e+01
1.071200000000000e+11 1.085295499106823e+00 8.948036323901449e+01
1.074500000000000e+11 1.117438698863741e+00 8.948332293883205e+01
1.077800000000000e+11 1.149511066085857e+00 8.948604334161244e+01
1.081100000000000e+11 1.181513461745659e+00 8.948854431486964e+01
1.084400000000000e+11 1.213446734792224e+00 8.949084334091269e+01
1.087700000000000e+11 1.245311721084685e+00 8.949295589008064e+01
1.091000000000000e+11 1.277109242763466e+00 8.949489575084336e+01
1.094300000000000e+11 1.308840108144275e+00 8.949667531777601e+01
1.097600000000000e+11 1.340505112166783e+00 8.949830583728514e+01
1.100900000000000e+11 1.372105037373036e+00 8.949979761084387e+01
1.104200000000000e+11 1.403640655335847e+00 8.950116015608573e+01
1.107500000000000e+11 1.435112728409121e+00 8.950240232732136e+01
1.110800000000000e+11 1.466522011637683e+00 8.950353239848566e+01
1.114100000000000e+11 1.497869254644531e+00 8.950455811312229e+01
1.117400000000000e+11 1.529155203313191e+00 8.950548670739840e+01
1.120700000000000e+11 1.560380601101132e+00 8.950632491322679e+01
1.124000000000000e+11 1.591546189855187e+00 8.950707894917986e+01
1.127300000000000e+11 1.622652710049349e+00 8.950775450690129e+01
1.130600000000000e+11 1.653700900423418e+00 8.950835674018192e+01
1.133900000000000e+11 1.684691497061710e+00 8.950889026274871e+01
1.137200000000000e+11 1.715625232009571e+00 8.950935915926298e+01
1.140500000000000e+11 1.746502831574257e+00 8.950976701213224e+01
1.143800000000000e+11 1.777325014491199e+00 8.951011694471163e+01
1.147100000000000e+11 1.808092490153401e+00 8.951041167947469e+01
1.150400000000000e+11 1.838805957098243e+00 8.951065360795842e+01
1.153700000000000e+11 1.869466101922376e+00 8.951084486788757e+01
1.157000000000000e+11 1.900073598753808e+00 8.951098742198978e+01
1.160300000000000e+11 1.930629109355151e+00 8.951108313268770e+01
1.163600000000000e+11 1.961133283867820e+00 8.951113382715270e+01
1.166900000000000e+11 1.991586762141052e+00 8.951114134801973e+01
1.170200000000000e+11 2.021990175528678e+00 8.951110758638526e+01
1.173500000000000e+11 2.052344148985727e+00 8.951103449535034e+01
1.176800000000000e+11 2.082649303263882e+00 8.951092408417954e+01
1.180100000000000e+11 2.112906256990892e+00 8.951077839493647e+01
1.183400000000000e+11 2.143115628427267e+00 8.951059946508221e+01
1.186700000000000e+11 2.173278036723697e+00 8.951038928076844e+01
1.190000000000000e+11 2.203394102551034e+00 8.951014972635754e+01
1.193300000000000e+11 2.233464448037043e+00 8.950988253595055e+01
1.196600000000000e+11 2.263489696014764e+00 8.950958925238217e+01
1.199900000000000e+11 2.293470468658764e+00 8.950927119829880e+01
1.203200000000000e+11 2.323407385649183e+00 8.950892946263708e+01
1.206500000000000e+11 2.353301062055848e+00 8.950856490421349e+01
1.209800000000000e+11 2.383152106165830e+00 8.950817817237362e+01
1.213100000000000e+11 2.412961117488465e+00 8.950776974290312e+01
1.216400000000000e+11 2.442728685156488e+00 8.950733996584987e+01
1.219700000000000e+11 2.472455386905579e+00 8.950688912071129e+01
1.223000000000000e+11 2.502141788757159e+00 8.950641747368256e+01
1.226300000000000e+11 2.531788445458307e+00 8.950592533146967e+01
1.229600000000000e+11 2.561395901655411e+00 8.950541308650615e+01
1.232900000000000e+11 2.590964693700729e+00 8.950488124928621e+01
1.236200000000000e+11 2.620495351923128e+00 8.950433046481378e+01
1.239500000000000e+11 2.649988403142938e+00 8.950376151176602e+01
1.242800000000000e+11 2.679444373180184e+00 8.950317528469822e+01
1.246100000000000e+11 2.708863789101771e+00 8.950257276132278e+01
1.249400000000000e+11 2.738247180974016e+00 8.950195495838190e+01
1.252700000000000e+11 2.767595082934275e+00 8.950132288078262e+01
1.256000000000000e+11 2.796908033461672e+00 8.950067746932022e+01
1.259300000000000e+11 2.826186574807821e+00 8.950001955247241e+01
1.262600000000000e+11 2.855431251634958e+00 8.949934980730623e+01
1.265900000000000e+11 2.884642608992279e+00 8.949866873363413e+01
1.269200000000000e+11 2.913821189832909e+00 8.949797664419947e+01
1.272500000000000e+11 2.942967532326302e+00 8.949727367205159e+01
1.275800000000000e+11 2.972082167247810e+00 8.949655979451953e+01
1.279100000000000e+11 3.001165615725418e+00 8.949583487150632e+01
1.282400000000000e+11 3.030218387593170e+00 8.949509869435201e+01
1.285700000000000e+11 3.059240980543047e+00 8.949435104042706e+01
1.289000000000000e+11 3.088233880189116e+00 8.949359172800985e+01
1.292300000000000e+11 3.117197561065238e+00 8.949282066594377e+01
1.295600000000000e+11 3.146132488481479e+00 8.949203789306317e+01
1.298900000000000e+11 3.175039121073128e+00 8.949124360340033e+01
1.302200000000000e+11 3.203917913801111e+00 8.949043815458360e+01
1.305500000000000e+11 3.232769321109155e+00 8.948962205854394e+01
1.308800000000000e+11 3.261593799920491e+00 8.948879595541439e+01
1.312100000000000e+11 3.290391812165771e+00 8.948796057323591e+01
1.315400000000000e+11 3.319163826574653e+00 8.948711667751208e+01
1.318700000000000e+11 3.347910319534121e+00 8.948626501573160e+01
1.322000000000000e+11 3.376631774907774e+00 8.948540626249790e+01
1.325300000000000e+11 3.405328682815932e+00 8.948454097089517e+01
1.328600000000000e+11 3.434001537483519e+00 8.948366953511267e+01
1.331900000000000e+11 3.462650834362138e+00 8.948279216824108e+01
1.335200000000000e+11 3.491277066812245e+00 8.948190889764510e+01
1.338500000000000e+11 3.519880722684498e+00 8.948101957853233e+01
1.341800000000000e+11 3.548462281156753e+00 8.948012392450920e+01
1.345100000000000e+11 3.577022210166177e+00 8.947922155216260e+01
1.348400000000000e+11 3.605560964721816e+00 8.947831203525789e+01
1.351700000000000e+11 3.634078986298729e+00 8.947739496313311e+01
1.355000000000000e+11 3.662576703407219e+00 8.947646999739034e+01
1.358300000000000e+11 3.691054533311620e+00 8.947553692110911e+01
1.361600000000000e+11 3.719512884752604e+00 8.947459567552633e+01
1.364900000000000e+11 3.747952161419633e+00 8.947364638034342e+01
1.368200000000000e+11 3.776372765836010e+00 8.947268933547937e+01
1.371500000000000e+11 3.804775103268038e+00 8.947172500393837e+01
1.374800000000000e+11 3.833159585257536e+00 8.947075397740541e+01
1.378100000000000e+11 3.861526632406143e+00 8.946977692794937e+01
1.381400000000000e+11 3.889876676108855e+00 8.946879455067641e+01
1.384700000000000e+11 3.918210159035239e+00 8.946780750314662e+01
1.388000000000000e+11 3.946527534282582e+00 8.946681634775452e+01
1.391300000000000e+11 3.974829263261612e+00 8.946582150304592e+01
1.394600000000000e+11 4.003115812508413e+00 8.946482320908169e+01
1.397900000000000e+11 4.031387649733737e+00 8.946382151058116e+01
1.401200000000000e+11 4.059645239508243e+00 8.946281625979130e+01
1.404500000000000e+11 4.087889039030537e+00 8.946180713902682e+01
1.407800000000000e+11 4.116119494428547e+00 8.946079370079838e+01
1.411100000000000e+11 4.144337038000549e+00 8.945977542161202e+01
1.414400000000000e+11 4.172542086715881e+00 8.945875176405971e+01
1.417700000000000e+11 4.200735042171877e+00 8.945772224089892e+01
1.421000000000000e+11 4.228916292056894e+00 8.945668647451333e+01
1.424300000000000e+11 4.257086213014014e+00 8.945564424554128e+01
1.427600000000000e+11 4.285245174649061e+00 8.945459552546542e+01
1.430900000000000e+11 4.313393544301010e+00 8.945354048954397e+01
1.434200000000000e+11 4.341531692100808e+00 8.945247950842213e+01
1.437500000000000e+11 4.369659995800600e+00 8.945141311894224e+01
1.440800000000000e+11 4.397778844864235e+00 8.945034197681609e+01
1.444100000000000e+11 4.425888643370635e+00 8.944926679574783e+01
1.447400000000000e+11 4.453989811392423e+00 8.944818827906413e+01
1.450700000000000e+11 4.482082784661148e+00 8.944710705079473e+01
1.454000000000000e+11 4.510168012502082e+00 8.944602359332860e+01
1.457300000000000e+11 4.538245954202940e+00 8.944493819822750e+01
1.460600000000000e+11 4.566317074147966e+00 8.944385093554945e+01
1.463900000000000e+11 4.594381836189467e+00 8.944276164523160e+01
1.467200000000000e+11 4.622440697821566e+00 8.944166995188746e+01
1.470500000000000e+11 4.650494104761775e+00 8.944057530198945e+01
1.473800000000000e+11 4.678542486521833e+00 8.943947702009203e+01
1.477100000000000e+11 4.706586253466040e+00 8.943837437872092e+01
1.480400000000000e+11 4.734625795716687e+00 8.943726667505540e+01
1.483700000000000e+11 4.762661484087553e+00 8.943615330667326e+01
1.487000000000000e+11 4.790693673019901e+00 8.943503383858544e+01
1.490300000000000e+11 4.818722705289291e+00 8.943390805449800e+01
1.493600000000000e+11 4.846748918058971e+00 8.943277598672371e+01
1.496900000000000e+11 4.874772649702892e+00 8.943163792122118e+01
1.500200000000000e+11 4.902794246722387e+00 8.943049437671739e+01
1.503500000000000e+11 4.930814070049278e+00 8.942934605949996e+01
1.506800000000000e+11 4.958832500067883e+00 8.942819379798019e+01
1.510100000000000e+11 4.986849939798438e+00 8.942703846329641e+01
1.513400000000000e+11 5.014866815858145e+00 8.942588088377637e+01
1.516700000000000e+11 5.042883577030853e+00 8.942472176188298e+01
1.520000000000000e+11 5.070900690519911e+00 8.942356160219289e+01
1.523300000000000e+11 5.098918636199865e+00 8.942240065802187e+01
1.526600000000000e+11 5.126937899400632e+00 8.942123890255725e+01
1.529900000000000e+11 5.154958962926651e+00 8.942007602799201e+01
1.533200000000000e+11 5.182982299116611e+00 8.941891147335657e+01
1.536500000000000e+11 5.211008362771614e+00 8.941774447882534e+01
1.539800000000000e+11 5.239037585717647e+00 8.941657416151472e+01
1.543100000000000e+11 5.267070373624530e+00 8.941539960547632e+01
1.546400000000000e+11 5.295107105491249e+00 8.941421995696703e+01
1.549700000000000e+11 5.323148135945091e+00 8.941303451533381e+01
1.553000000000000e+11 5.351193800215142e+00 8.941184281008013e+01
1.556300000000000e+11 5.379244421360234e+00 8.941064465587257e+01
1.559600000000000e+11 5.407300319081514e+00 8.940944017932176e+01
1.562900000000000e+11 5.435361819264330e+00 8.940822981411598e+01
1.566200000000000e+11 5.463429263287461e+00 8.940701426425827e+01
1.569500000000000e+11 5.491503016128615e+00 8.940579443841909e+01
1.572800000000000e+11 5.519583472386714e+00 8.940457136146820e+01
1.576100000000000e+11 5.547671059525231e+00 8.940334607173281e+01
1.579400000000000e+11 5.575766237905378e+00 8.940211951422135e+01
1.582700000000000e+11 5.603869497495706e+00 8.940089244072013e+01
1.586000000000000e+11 5.631981351485251e+00 8.939966532724843e+01
1.589300000000000e+11 5.660102327357968e+00 8.939843831784096e+01
1.592600000000000e+11 5.688232956269539e+00 8.939721120115891e+01
1.595900000000000e+11 5.716373761776167e+00 8.939598342322074e+01
1.599200000000000e+11 5.744525249070606e+00 8.939475413591680e+01
1.602500000000000e+11 5.772687895871603e+00 8.939352227727905e+01
1.605800000000000e+11 5.800862145984971e+00 8.939228667609240e+01
1.609100000000000e+11 5.829048406314390e+00 8.939104617072121e+01
1.612400000000000e+11 5.857247047773069e+00 8.938979973027229e+01
1.615700000000000e+11 5.885458410157201e+00 8.938854656563680e+01
1.619000000000000e+11 5.913682810634452e+00 8.938728621863035e+01
1.622300000000000e+11 5.941920555109920e+00 8.938601861936860e+01
1.625600000000000e+11 5.970171951403966e+00 8.938474410499229e+01
1.628900000000000e+11 5.998437322945843e+00 8.938346339663624e+01
1.632200000000000e+11 6.026717021580046e+00 8.938217753574627e+01
1.635500000000000e+11 6.055011438119709e+00 8.938088778507665e+01
1.638800000000000e+11 6.083321009457839e+00 8.937959550350315e+01
1.642100000000000e+11 6.111646221358447e+00 8.937830200677971e+01
1.645400000000000e+11 6.139987606461449e+00 8.937700842819886e+01
1.648700000000000e+11 6.168345737514353e+00 8.937571559357599e+01
1.652000000000000e+11 6.196721216341193e+00 8.937442392396876e+01
1.655300000000000e+11 6.225114659524043e+00 8.937313337711977e+01
1.658600000000000e+11 6.253526682157252e+00 8.937184343498387e+01
1.661900000000000e+11 6.281957881292907e+00 8.937055314018900e+01
1.665200000000000e+11 6.310408820799448e+00 8.936926117932836e+01
1.668500000000000e+11 6.338880019283353e+00 8.936796600607163e+01
1.671800000000000e+11 6.367371942477740e+00 8.936666599272998e+01
1.675100000000000e+11 6.395885001099811e+00 8.936535959557183e+01
1.678400000000000e+11 6.424419554653652e+00 8.936404551724267e+01
1.681700000000000e+11 6.452975921058306e+00 8.936272284934230e+01
1.685000000000000e+11 6.481554391367840e+00 8.936139117964876e+01
1.688300000000000e+11 6.510155248287216e+00 8.936005065155878e+01
1.691600000000000e+11 6.538778786730585e+00 8.935870196779079e+01
1.694900000000000e+11 6.567425334375169e+00 8.935734633585552e+01
1.698200000000000e+11 6.596095270066722e+00 8.935598535872687e+01
1.701500000000000e+11 6.624789038054869e+00 8.935462087993875e+01
1.704800000000000e+11 6.653507156373280e+00 8.935325479740567e+01
1.708100000000000e+11 6.682250218208970e+00 8.935188886406570e+01
1.711400000000000e+11 6.711018885779647e+00 8.935052449552929e+01
1.714700000000000e+11 6.739813876993582e+00 8.934916260500418e+01
1.718000000000000e+11 6.768635945935964e+00 8.934780348378443e+01
1.721300000000000e+11 6.797485858919366e+00 8.934644674162809e+01
1.724600000000000e+11 6.826364368389361e+00 8.934509131575241e+01
1.727900000000000e+11 6.855272187317091e+00 8.934373555045472e+01
1.731200000000000e+11 6.884209966796199e+00 8.934237734212516e+01
1.734500000000000e+11 6.913178279371276e+00 8.934101433744516e+01
1.737800000000000e+11 6.942177610158444e+00 8.933964416649803e+01
1.741100000000000e+11 6.971208357118850e+00 8.933826468810783e+01
1.744400000000000e+11 7.000270840961178e+00 8.933687422242019e+01
1.747700000000000e+11 7.029365324172822e+00 8.933547174592795e+01
1.751000000000000e+11 7.058492037697513e+00 8.933405702688350e+01
1.754300000000000e+11 7.087651212897996e+00 8.933263068418140e+01
1.757600000000000e+11 7.116843115756783e+00 8.933119415992537e+01
1.760900000000000e+11 7.146068079863046e+00 8.932974960436049e+01
1.764200000000000e+11 7.175326534661601e+00 8.932829968087044e+01
1.767500000000000e+11 7.204619025731438e+00 8.932684730739838e+01
1.770800000000000e+11 7.233946224503978e+00 8.932539535805552e+01
1.774100000000000e+11 7.263308925782279e+00 8.932394635400300e+01
1.777400000000000e+11 7.292708032597892e+00 8.932250217529727e+01
1.780700000000000e+11 7.322144529238247e+00 8.932106382485591e+01
1.784000000000000e+11 7.351619444564185e+00 8.931963127192563e+01
1.787300000000000e+11 7.381133808883612e+00 8.931820339565749e+01
1.790600000000000e+11 7.410688608525922e+00 8.931677804011098e+01
1.793900000000000e+11 7.440284742762544e+00 8.931535218106151e+01
1.797200000000000e+11 7.469922987773479e+00 8.931392219341610e+01
1.800500000000000e+11 7.499603971924143e+00 8.931248419695061e+01
1.803800000000000e+11 7.529328165713963e+00 8.931103444869854e+01
1.807100000000000e+11 7.559095888445087e+00 8.930956974363650e+01
1.810400000000000e+11 7.588907332046092e+00 8.930808778221478e+01
1.813700000000000e+11 7.618762600719010e+00 8.930658746426975e+01
1.817000000000000e+11 7.648661763329549e+00 8.930506907407124e+01
1.820300000000000e+11 7.678604913910875e+00 8.930353433043359e+01
1.823600000000000e+11 7.708592234475240e+00 8.930198628823285e+01
1.826900000000000e+11 7.738624053672418e+00 8.930042909227875e+01
1.830200000000000e+11 7.768700894802119e+00 8.929886759991342e+01
1.833500000000000e+11 7.798823507329747e+00 8.929730690343570e+01
1.836800000000000e+11 7.828992877352574e+00 8.929575179592764e+01
1.840100000000000e+11 7.859210214331270e+00 8.929420623287663e+01
1.843400000000000e+11 7.889476913691329e+00 8.929267284597769e+01
1.846700000000000e+11 7.919794497405550e+00 8.929115256395951e+01
1.850000000000000e+11 7.950164537151982e+00 8.928964438796147e+01
1.853300000000000e+11 7.980588566842926e+00 8.928814535623842e+01
1.856600000000000e+11 8.011067992992114e+00 8.928665071571973e+01
1.859900000000000e+11 8.041604012312090e+00 8.928515429760832e+01
1.863200000000000e+11 8.072197545959533e+00 8.928364907263234e+01
1.866500000000000e+11 8.102849198886448e+00 8.928212784089600e+01
1.869800000000000e+11 8.133559250838800e+00 8.928058399362997e+01
1.873100000000000e+11 8.164327682768892e+00 8.927901227163886e+01
1.876400000000000e+11 8.195154239021182e+00 8.927740943948817e+01
1.879700000000000e+11 8.226038521891487e+00 8.927577479665322e+01
1.883000000000000e+11 8.256980111414762e+00 8.927411045736157e+01
1.886300000000000e+11 8.287978699882524e+00 8.927242134934856e+01
1.889600000000000e+11 8.319034228017031e+00 8.927071490699139e+01
1.892900000000000e+11 8.350147008268884e+00 8.926900046432711e+01
1.896200000000000e+11 8.381317820623419e+00 8.926728838566476e+01
1.899500000000000e+11 8.412547967738741e+00 8.926558900277369e+01
1.902800000000000e+11 8.443839279212030e+00 8.926391145474831e+01
1.906100000000000e+11 8.475194059126922e+00 8.926226254640132e+01
1.909400000000000e+11 8.506614976484460e+00 8.926064575073235e+01
1.912700000000000e+11 8.538104904217821e+00 8.925906047861412e+01
1.916000000000000e+11 8.569666718684978e+00 8.925750172333318e+01
1.919300000000000e+11 8.601303077201523e+00 8.925596015916224e+01
1.922600000000000e+11 8.633016195664759e+00 8.925442273320948e+01
1.925900000000000e+11 8.664807651030099e+00 8.925287374112698e+01
1.929200000000000e+11 8.696678233820860e+00 8.925129632383803e+01
1.932500000000000e+11 8.728627873643291e+00 8.924967426910781e+01
1.935800000000000e+11 8.760655655714030e+00 8.924799395404112e+01
1.939100000000000e+11 8.792759938813537e+00 8.924624622804991e+01
1.942400000000000e+11 8.824938575268053e+00 8.924442801574381e+01
1.945700000000000e+11 8.857189222219572e+00 8.924254341997080e+01
1.949000000000000e+11 8.889509721516474e+00 8.924060412979529e+01
1.952300000000000e+11 8.921898514201686e+00 8.923862898771107e+01
1.955600000000000e+11 8.954355046097900e+00 8.923664264365136e+01
1.958900000000000e+11 8.986880114736680e+00 8.923467331676353e+01
1.962200000000000e+11 9.019476106149268e+00 8.923274979311843e+01
1.965500000000000e+11 9.052147073927999e+00 8.923089789960738e+01
1.968800000000000e+11 9.084898623241306e+00 8.922913679985662e+01
1.972100000000000e+11 9.117737579402887e+00 8.922747554373373e+01
1.975400000000000e+11 9.150671443733355e+00 8.922591035334750e+01
1.978700000000000e+11 9.183707667548214e+00 8.922442313071080e+01
1.982000000000000e+11 9.216852805876739e+00 8.922298161240643e+01
1.985300000000000e+11 9.250111642596966e+00 8.922154146550061e+01
1.988600000000000e+11 9.283486403598408e+00 8.922005041424870e+01
1.991900000000000e+11 9.316976189057501e+00 8.921845421667381e+01
1.995200000000000e+11 9.350576754298517e+00 8.921670399526216e+01
1.998500000000000e+11 9.384280745992962e+00 8.921476410425325e+01
2.001800000000000e+11 9.418078453576319e+00 8.921261944081738e+01
2.005100000000000e+11 9.451959065318306e+00 8.921028094441681e+01
2.008400000000000e+11 9.485912330391676e+00 8.920778804565508e+01
2.011700000000000e+11 9.519930434788844e+00 8.920520707677311e+01
2.015000000000000e+11 9.554009818268685e+00 8.920262515962450e+01
2.018300000000000e+11 9.588152613291172e+00 8.920013980706143e+01
2.021600000000000e+11 9.622367395135505e+00 8.919784530667552e+01
2.024900000000000e+11 9.656669006858248e+00 8.919581773733297e+01
2.028200000000000e+11 9.691077360533226e+00 8.919410100400910e+01
2.031500000000000e+11 9.725615296460830e+00 8.919269639163551e+01
2.034800000000000e+11 9.760305768167214e+00 8.919155774174226e+01
2.038100000000000e+11 9.795168769221528e+00 8.919059348027426e+01
2.041400000000000e+11 9.830218489856048e+00 8.918967553843180e+01
2.044700000000000e+11 9.865461166561918e+00 8.918865397297756e+01
2.048000000000000e+11 9.900893970670595e+00 8.918737509028935e+01
2.051300000000000e+11 9.936505100454491e+00 8.918570032780129e+01
2.054600000000000e+11 9.972275038127751e+00 8.918352314144600e+01
2.057900000000000e+11 1.000817875245225e+01 8.918078164218447e+01
2.061200000000000e+11 1.004418850316831e+01 8.917746556164516e+01
2.064500000000000e+11 1.008027685141652e+01 8.917361709602237e+01
2.067800000000000e+11 1.011641949870644e+01 8.916932607679917e+01
2.071100000000000e+11 1.015259764984867e+01 8.916472059867209e+01
2.074400000000000e+11 1.018879969932164e+01 8.915995462600432e+01
2.077700000000000e+11 1.022502215186023e+01 8.915519419800246e+01
2.081000000000000e+11 1.026126978699542e+01 8.915060371266847e+01
2.084300000000000e+11 1.029755515127218e+01 8.914633347385774e+01
2.087600000000000e+11 1.033389750616873e+01 8.914250932485723e+01
2.090900000000000e+11 1.037032137650831e+01 8.913922484402441e+01
2.094200000000000e+11 1.040685484058969e+01 8.913653629618436e+01
2.097500000000000e+11 1.044352768889385e+01 8.913446033930909e+01
2.100800000000000e+11 1.048036956209579e+01 8.913297437110310e+01
2.104100000000000e+11 1.051740816731263e+01 8.913201933456823e+01
2.107400000000000e+11 1.055466766578226e+01 8.913150474760791e+01
2.110700000000000e+11 1.059216732289672e+01 8.913131564844861e+01
2.114000000000000e+11 1.062992050733294e+01 8.913132104371904e+01
2.117300000000000e+11 1.066793411415526e+01 8.913138331948522e+01
2.120600000000000e+11 1.070620846347683e+01 8.913136795542307e+01
2.123900000000000e+11 1.074473769138377e+01 8.913115280395292e+01
2.127200000000000e+11 1.078351060692009e+01 8.913063618961112e+01
2.130500000000000e+11 1.082251194423513e+01 8.912974316430537e+01
2.133800000000000e+11 1.086172389962588e+01 8.912842941751812e+01
2.137100000000000e+11 1.090112781533880e+01 8.912668256615989e+01
2.140400000000000e+11 1.094070585960071e+01 8.912452080499752e+01
2.143700000000000e+11 1.098044255663886e+01 8.912198915069123e+01
2.147000000000000e+11 1.102032604008871e+01 8.911915372938549e+01
2.150300000000000e+11 1.106034893486859e+01 8.911609471664346e+01
2.153600000000000e+11 1.110050881191550e+01 8.911289862649637e+01
2.156900000000000e+11 1.114080820236149e+01 8.910965066061397e+01
2.160200000000000e+11 1.118125419829505e+01 8.910642777458159e+01
2.163500000000000e+11 1.122185770242469e+01 8.910329300767796e+01
2.166800000000000e+11 1.126263241593173e+01 8.910029147102523e+01
2.170100000000000e+11 1.130359367080546e+01 8.909744821402003e+01
2.173400000000000e+11 1.134475721931515e+01 8.909476800818416e+01
2.176700000000000e+11 1.138613808928101e+01 8.909223691728707e+01
2.180000000000000e+11 1.142774960060937e+01 8.908982537667558e+01
2.183300000000000e+11 1.146960261796704e+01 8.908749239379493e+01
2.186600000000000e+11 1.151170508878648e+01 8.908519041275093e+01
2.189900000000000e+11 1.155406188754690e+01 8.908287036123889e+01
2.193200000000000e+11 1.159667495905608e+01 8.908048641716042e+01
2.196500000000000e+11 1.163954372764656e+01 8.907800009006114e+01
2.199800000000000e+11 1.168266571786185e+01 8.907538330156520e+01
2.203100000000000e+11 1.172603731688342e+01 8.907262025952761e+01
2.206400000000000e+11 1.176965460059978e+01 8.906970804176984e+01
2.209700000000000e+11 1.181351414417525e+01 8.906665592595621e+01
2.213000000000000e+11 1.185761374392852e+01 8.906348361202231e+01
2.216300000000000e+11 1.190195298941209e+01 8.906021857378785e+01
2.219600000000000e+11 1.194653364143990e+01 8.905689284032418e+01
2.222900000000000e+11 1.199135979175239e+01 8.905353954122509e+01
2.226200000000000e+11 1.203643780115467e+01 8.905018955190786e+01
2.229500000000000e+11 1.208177603340149e+01 8.904686854690200e+01
2.232800000000000e+11 1.212738442006637e+01 8.904359471477017e+01
2.236100000000000e+11 1.217327390562342e+01 8.904037731390044e+01
2.239400000000000e+11 1.221945583090182e+01 8.903721616146487e+01
2.242700000000000e+11 1.226594131633914e+01 8.903410205665666e+01
2.246000000000000e+11 1.231274070397265e+01 8.903101805228926e+01
2.249300000000000e+11 1.235986310930279e+01 8.902794141362480e+01
2.252600000000000e+11 1.240731612193319e+01 8.902484604622535e+01
2.255900000000000e+11 1.245510567850025e+01 8.902170514016021e+01
2.259200000000000e+11 1.250323611436229e+01 8.901849376828604e+01
2.262500000000000e+11 1.255171038343876e+01 8.901519119148961e+01
2.265800000000000e+11 1.260053042004253e+01 8.901178266136098e+01
2.269100000000000e+11 1.264969760391690e+01 8.900826056649039e+01
2.272400000000000e+11 1.269921328105838e+01 8.900462483662153e+01
2.275700000000000e+11 1.274907928896159e+01 8.900088259251942e+01
2.279000000000000e+11 1.279929843590833e+01 8.899704710163493e+01
2.282300000000000e+11 1.284987488962869e+01 8.899313616379276e+01
2.285600000000000e+11 1.290081444044338e+01 8.898917010151651e+01
2.288900000000000e+11 1.295212461685091e+01 8.898516956195988e+01
2.292200000000000e+11 1.300381464619118e+01 8.898115334924587e+01
2.295500000000000e+11 1.305589526808452e+01 8.897713649680315e+01
2.298800000000000e+11 1.310837842238615e+01 8.897312876042328e+01
2.302100000000000e+11 1.316127684511880e+01 8.896913366748821e+01
2.305400000000000e+11 1.321460361416559e+01 8.896514820075319e+01
2.308700000000000e+11 1.326837169069958e+01 8.896116313188313e+01
2.312000000000000e+11 1.332259350205436e+01 8.895716395676045e+01
2.315300000000000e+11 1.337728060708575e+01 8.895313232738758e+01
2.318600000000000e+11 1.343244347654384e+01 8.894904782931538e+01
2.321900000000000e+11 1.348809140942249e+01 8.894488992310660e+01
2.325200000000000e+11 1.354423259282025e+01 8.894063985598065e+01
2.328500000000000e+11 1.360087429883258e+01 8.893628235634462e+01
2.331800000000000e+11 1.365802319874761e+01 8.893180694842064e+01
2.335100000000000e+11 1.371568576359269e+01 8.892720876398342e+01
2.338400000000000e+11 1.377386871194211e+01 8.892248877924385e+01
2.341700000000000e+11 1.383257946159538e+01 8.891765346211149e+01
2.345000000000000e+11 1.389182654166702e+01 8.891271387284370e+01
2.348300000000000e+11 1.395161992577765e+01 8.890768431389873e+01
2.351600000000000e+11 1.401197125497840e+01 8.890258066767218e+01
2.354900000000000e+11 1.407289393001220e+01 8.889741858968010e+01
2.358200000000000e+11 1.413440306544459e+01 8.889221173705955e+01
2.361500000000000e+11 1.419651531183476e+01 8.888697020697121e+01
2.364800000000000e+11 1.425924856515307e+01 8.888169933725148e+01
2.368100000000000e+11 1.432262159381471e+01 8.887639898477838e+01
2.371400000000000e+11 1.438665362191296e+01 8.887106334915597e+01
2.374700000000000e+11 1.445136391169688e+01 8.886568135516400e+01
2.378000000000000e+11 1.451677138860426e+01 8.886023755230369e+01
2.381300000000000e+11 1.458289434818776e+01 8.885471343899778e+01
2.384600000000000e+11 1.464975027644519e+01 8.884908907754503e+01
2.387900000000000e+11 1.471735580410754e+01 8.884334483775879e+01
2.391200000000000e+11 1.478572680242119e+01 8.883746309504002e+01
2.394500000000000e+11 1.485487861412893e+01 8.883142971359089e+01
2.397800000000000e+11 1.492482640004898e+01 8.882523516704427e+01
2.401100000000000e+11 1.499558557018061e+01 8.881887518480210e+01
2.404400000000000e+11 1.506717225975274e+01 8.881235085935209e+01
2.407700000000000e+11 1.513960380593781e+01 8.880566820313092e+01
2.411000000000000e+11 1.521289918057582e+01 8.879883719795802e+01
2.414300000000000e+11 1.528707933826865e+01 8.879187043035257e+01
2.417600000000000e+11 1.536216744727784e+01 8.878478144725081e+01
2.420900000000000e+11 1.543818898204840e+01 8.877758299473717e+01
2.424200000000000e+11 1.551517166982246e+01 8.877028531457194e+01
2.427500000000000e+11 1.559314529838560e+01 8.876289466830835e+01
2.430800000000000e+11 1.567214140611354e+01 8.875541223703453e+01
2.434100000000000e+11 1.575219288773746e+01 8.874783350827218e+01
2.437400000000000e+11 1.583333355842237e+01 8.874014821381289e+01
2.440700000000000e+11 1.591559772388072e+01 8.873234082786426e+01
2.444000000000000e+11 1.599901980476055e+01 8.872439157912930e+01
2.447300000000000e+11 1.608363405932585e+01 8.871627787879549e+01
2.450600000000000e+11 1.616947443980392e+01 8.870797602403668e+01
2.453900000000000e+11 1.625657460548981e+01 8.869946300772804e+01
2.457200000000000e+11 1.634496810090053e+01 8.869071825269428e+01
2.460500000000000e+11 1.643468869136454e+01 8.868172509427151e+01
2.463800000000000e+11 1.652577083296652e+01 8.867247185796175e+01
2.467100000000000e+11 1.661825024025748e+01 8.866295241740342e+01
2.470400000000000e+11 1.671216450497172e+01 8.865316616816558e+01
2.473700000000000e+11 1.680755371323971e+01 8.864311741020124e+01
2.477000000000000e+11 1.690446100812005e+01 8.863281419060942e+01
2.480300000000000e+11 1.700293304890145e+01 8.862226671289528e+01
2.483600000000000e+11 1.710302032821891e+01 8.861148546375243e+01
2.486900000000000e+11 1.720477732180257e+01 8.860047923895806e+01
2.490200000000000e+11 1.730826246237256e+01 8.858925326301743e+01
2.493500000000000e+11 1.741353794728040e+01 8.857780759114969e+01
2.496800000000000e+11 1.752066940722133e+01 8.856613595728294e+01
2.500100000000000e+11 1.762972547896144e+01 8.855422519007008e+01
2.503400000000000e+11 1.774077733694030e+01 8.854205526428589e+01
2.506700000000000e+11 1.785389824553535e+01 8.852959999249882e+01
2.510000000000000e+11 1.796916319488053e+01 8.851682829762139e+01
2.513300000000000e+11 1.808664867812450e+01 8.850370594716439e+01
2.516600000000000e+11 1.820643265718831e+01 8.849019758077969e+01
2.519900000000000e+11 1.832859474832839e+01 8.847626882906366e+01
2.523200000000000e+11 1.845321663949903e+01 8.846188830731052e+01
2.526500000000000e+11 1.858038273043816e+01 8.844702927479217e+01
2.529800000000000e+11 1.871018096558230e+01 8.843167077802264e+01
2.533100000000000e+11 1.884270381141236e+01 8.841579814308213e+01
2.536400000000000e+11 1.897804931556984e+01 8.839940274329298e+01
2.539700000000000e+11 1.911632217664097e+01 8.838248103867811e+01
2.543000000000000e+11 1.925763475196371e+01 8.836503295601683e+01
2.546300000000000e+11 1.940210793663385e+01 8.834705974585535e+01
2.549600000000000e+11 1.954987185983999e+01 8.832856150873820e+01
2.552900000000000e+11 1.970106636380284e+01 8.830953462133972e+01
2.556200000000000e+11 1.985584125438335e+01 8.828996930976416e+01
2.559500000000000e+11 2.001435633874128e+01 8.826984760971570e+01
2.562800000000000e+11 2.017678129189266e+01 8.824914192147226e+01
2.566100000000000e+11 2.034329541804293e+01 8.822781431394684e+01
2.569400000000000e+11 2.051408739179562e+01 8.820581666113971e+01
2.572700000000000e+11 2.068935507666204e+01 8.818309161236951e+01
2.576000000000000e+11 2.086930552227160e+01 8.815957431253781e+01
2.579300000000000e+11 2.105415523657906e+01 8.813519470861485e+01
2.582600000000000e+11 2.124413081528451e+01 8.810988021162129e+01
2.585900000000000e+11 2.143946998866596e+01 8.808355843669837e+01
2.589200000000000e+11 2.164042311787354e+01 8.805615972275876e+01
2.592500000000000e+11 2.184725514099758e+01 8.802761914069782e+01
2.595800000000000e+11 2.206024793691545e+01 8.799787773557699e+01
2.599100000000000e+11 2.227970304529925e+01 8.796688281107100e+01
2.602400000000000e+11 2.250594465746720e+01 8.793458714867661e+01
2.605700000000000e+11 2.273932277780716e+01 8.790094715227494e+01
2.609000000000000e+11 2.298021645158639e+01 8.786592001157916e+01
2.612300000000000e+11 2.322903696343187e+01 8.782946007585672e+01
2.615600000000000e+11 2.348623093198244e+01 8.779151471221617e+01
2.618900000000000e+11 2.375228325941950e+01 8.775201998181480e+01
2.622200000000000e+11 2.402771993788719e+01 8.771089649550257e+01
2.625500000000000e+11 2.431311076538620e+01 8.766804580329281e+01
2.628800000000000e+11 2.460907207793878e+01 8.762334762832975e+01
2.632100000000000e+11 2.491626965862912e+01 8.757665817789099e+01
2.635400000000000e+11 2.523542203339008e+01 8.752780965701986e+01
2.638700000000000e+11 2.556730440436188e+01 8.747661098317894e+01
2.642000000000000e+11 2.591275350126194e+01 8.742284956391545e+01
2.645300000000000e+11 2.627267364759849e+01 8.736629386621674e+01
2.648600000000000e+11 2.664804434129308e+01 8.730669638874471e+01
2.651900000000000e+11 2.703992963955056e+01 8.724379655812581e+01
2.655200000000000e+11 2.744948961860569e+01 8.717732301752483e+01
2.658500000000000e+11 2.787799415496553e+01 8.710699476623621e+01
2.661800000000000e+11 2.832683925229554e+01 8.703252064541454e+01
2.665100000000000e+11 2.879756612485876e+01 8.695359674535781e+01
2.668400000000000e+11 2.929188325332106e+01 8.686990142745299e+01
2.671700000000000e+11 2.981169166147878e+01 8.678108779823766e+01
2.675000000000000e+11 3.035911373342714e+01 8.668677362965450e+01
2.678300000000000e+11 3.093652601065929e+01 8.658652887135301e+01
2.681600000000000e+11 3.154659658885878e+01 8.647986102915283e+01
2.684900000000000e+11 3.219232798677152e+01 8.636619876937317e+01
2.688200000000000e+11 3.287710669798029e+01 8.624487413358547e+01
2.691500000000000e+11 3.360476107682057e+01 8.611510369619371e+01
2.694800000000000e+11 3.437962977280474e+01 8.597596885487414e+01
2.698100000000000e+11 3.520664364214272e+01 8.582639520115441e+01
2.701400000000000e+11 3.609142497059402e+01 8.566513056803987e+01
2.704700000000000e+11 3.704040899755814e+01 8.549072088775836e+01
2.708000000000000e+11 3.806099422306275e+01 8.530148240856160e+01
2.711300000000000e+11 3.916172993381488e+01 8.509546810294921e+01
2.714600000000000e+11 4.035255198883599e+01 8.487042522691124e+01
2.717900000000000e+11 4.164508143632548e+01 8.462373991653368e+01
2.721200000000000e+11 4.305300540355547e+01 8.435236335571585e+01
2.724500000000000e+11 4.459256652903297e+01 8.405271228379044e+01
2.727800000000000e+11 4.628319692752975e+01 8.372053421495740e+01
2.731100000000000e+11 4.814834673013451e+01 8.335072435655172e+01
2.734400000000000e+11 5.021657785548137e+01 8.293707626243619e+01
2.737700000000000e+11 5.252302436535013e+01 8.247194079807674e+01
2.741000000000000e+11 5.511136717452975e+01 8.194575646281605e+01
2.744300000000000e+11 5.803654218207895e+01 8.134639587733159e+01
2.747600000000000e+11 6.136851216553276e+01 8.065824375582147e+01
2.750900000000000e+11 6.519760919195618e+01 7.986087291433174e+01
2.754200000000000e+11 6.964223801437345e+01 7.892710226102147e+01
2.757500000000000e+11 7.486019211538590e+01 7.782007715536210e+01
2.760800000000000e+11 8.106558546444501e+01 7.648875614317305e+01
2.764100000000000e+11 8.855460608066875e+01 7.486071726247086e+01
2.767400000000000e+11 9.774509421507729e+01 7.283030974430574e+01
2.770700000000000e+11 1.092370186768393e+02 7.023847405259808e+01
2.774000000000000e+11 1.239003604710165e+02 6.683730538069939e+01
2.777300000000000e+11 1.429787611727947e+02 6.222673249807275e+01
2.780600000000000e+11 1.680946094480948e+02 5.574431521892365e+01
2.783900000000000e+11 2.005910152246828e+02 4.630673262449994e+01
2.787200000000000e+11 2.382106471161316e+02 3.238742369719262e+01
2.790500000000000e+11 2.667166803418506e+02 1.305098164471556e+01
2.793800000000000e+11 2.621342369558816e+02 -9.108880932761808e+00
2.797100000000000e+11 2.261405781940170e+02 -2.844228025060055e+01
2.800400000000000e+11 1.839306664912089e+02 -4.235641856483238e+01
2.803700000000000e+11 1.488615779851917e+02 -5.178672362012547e+01
2.807000000000000e+11 1.222726061468000e+02 -5.825911439110629e+01
2.810300000000000e+11 1.023025419378706e+02 -6.285612937675208e+01
2.813600000000000e+11 8.706706327397360e+01 -6.623945329927815e+01
2.816900000000000e+11 7.518840132069006e+01 -6.880847690489914e+01
2.820200000000000e+11 6.572470311306971e+01 -7.081051881591981e+01
2.823500000000000e+11 5.803547982802584e+01 -7.240415087970770e+01
2.826800000000000e+11 5.167891976953867e+01 -7.369462623094998e+01
2.830100000000000e+11 4.634402073511661e+01 -7.475404153368254e+01
2.833400000000000e+11 4.180714627232456e+01 -7.563316244428002e+01
2.836700000000000e+11 3.790415844766319e+01 -7.636859307111828e+01
2.840000000000000e+11 3.451228255172643e+01 -7.698726620586440e+01
2.843300000000000e+11 3.153808070446963e+01 -7.750934248293960e+01
2.846600000000000e+11 2.890931596420933e+01 -7.795013474911856e+01
2.849900000000000e+11 2.656933962794730e+01 -7.832141677895819e+01
2.853200000000000e+11 2.447314682337457e+01 -7.863233143934229e+01
2.856500000000000e+11 2.258455647761059e+01 -7.889003056491551e+01
2.859800000000000e+11 2.087416316275231e+01 -7.910012997352848e+01
2.863100000000000e+11 1.931782810637752e+01 -7.926703360667722e+01
2.866400000000000e+11 1.789555293338064e+01 -7.939416264042752e+01
2.869700000000000e+11 1.659062913068299e+01 -7.948411398367951e+01
2.873000000000000e+11 1.538898880454904e+01 -7.953876518016024e+01
2.876300000000000e+11 1.427870413705164e+01 -7.955933774875173e+01
2.879600000000000e+11 1.324959782906428e+01 -7.954642744068782e+01
2.882900000000000e+11 1.229293712555931e+01 -7.950000712979694e+01
2.886200000000000e+11 1.140119127801299e+01 -7.941940566294294e+01
2.889500000000000e+11 1.056783749464318e+01 -7.930326368063864e+01
2.892800000000000e+11 9.787204208735535e+00 -7.914946492454143e+01
2.896100000000000e+11 9.054343287459309e+00 -7.895503862923496e+01
2.899400000000000e+11 8.364924896604704e+00 -7.871602494093041e+01
2.902700000000000e+11 7.715150327346905e+00 -7.842729047058533e+01
2.906000000000000e+11 7.101679317110674e+00 -7.808227438150350e+01
2.909300000000000e+11 6.521569358377507e+00 -7.767263571057819e+01
2.912600000000000e+11 5.972225265988000e+00 -7.718775806445527e+01
2.915900000000000e+11 5.451357936193578e+00 -7.661404525305539e+01
2.919200000000000e+11 4.956951856013476e+00 -7.593390533304641e+01
2.922500000000000e+11 4.487241610800258e+00 -7.512426118311325e+01
2.925800000000000e+11 4.040698550594117e+00 -7.415432537745822e+01
2.929100000000000e+11 3.616030193983001e+00 -7.298220266425164e+01
2.932400000000000e+11 3.212197413306351e+00 -7.154957161298732e+01
2.935700000000000e+11 2.828459059346181e+00 -6.977312531515619e+01
2.939000000000000e+11 2.464462796114640e+00 -6.753038105369585e+01
2.942300000000000e+11 2.120419709967578e+00 -6.463545670814150e+01
2.945600000000000e+11 1.797440317725981e+00 -6.079677646341030e+01
2.948900000000000e+11 1.498195602019124e+00 -5.554330202868118e+01
2.952200000000000e+11 1.228237631452181e+00 -4.810566094058462e+01
2.955500000000000e+11 9.985225037998623e-01 -3.729252020209132e+01
2.958800000000000e+11 8.290098604452740e-01 -2.171919407786758e+01
2.962100000000000e+11 7.476379501328337e-01 -1.455893389234308e+00
2.965400000000000e+11 7.708039204719974e-01 1.963173340731215e+01
2.968700000000000e+11 8.813008686629017e-01 3.677923414205335e+01
2.972000000000000e+11 1.045088477756164e+00 4.890447831074056e+01
2.975300000000000e+11 1.236025214511002e+00 5.722245814264358e+01
2.978600000000000e+11 1.439337969374889e+00 6.304582236296719e+01
2.981900000000000e+11 1.647275092592551e+00 6.726303054505553e+01
2.985200000000000e+11 1.855730375234263e+00 7.042141568194681e+01
2.988500000000000e+11 2.062467683749534e+00 7.285791352490337e+01
2.991800000000000e+11 2.266244574025847e+00 7.478552454505208e+01
2.995100000000000e+11 2.466371208316448e+00 7.634342244487860e+01
2.998400000000000e+11 2.662478781491030e+00 7.762554424792971e+01
3.001700000000000e+11 2.854392118267936e+00 7.869720156759989e+01
3.005000000000000e+11 3.042056282263876e+00 7.960501149610702e+01
3.008300000000000e+11 3.225492390704573e+00 8.038301973128813e+01
3.011600000000000e+11 3.404769865049411e+00 8.105659173522756e+01
3.014900000000000e+11 3.579988299669271e+00 8.164495714705075e+01
3.018200000000000e+11 3.751265195286855e+00 8.216291846854986e+01
3.021500000000000e+11 3.918727439338669e+00 8.262202715231862e+01
3.024800000000000e+11 4.082505312812457e+00 8.303141158152582e+01
3.028100000000000e+11 4.242728303559318e+00 8.339837191571307e+01
3.031400000000000e+11 4.399522285210266e+00 8.372881503571861e+01
3.034700000000000e+11 4.553007773180488e+00 8.402757720167678e+01
3.038000000000000e+11 4.703299048174756e+00 8.429866601509408e+01
3.041300000000000e+11 4.850503974724750e+00 8.454544309771902e+01
3.044600000000000e+11 4.994724357167603e+00 8.477076235246190e+01
3.047900000000000e+11 5.136056680606001e+00 8.497707441546810e+01
3.051200000000000e+11 5.274593087788807e+00 8.516650511258857e+01
3.054500000000000e+11 5.410422449435998e+00 8.534091387136394e+01
3.057800000000000e+11 5.543631397951521e+00 8.550193677092001e+01
3.061100000000000e+11 5.674305213614111e+00 8.565101801470665e+01
3.064400000000000e+11 5.802528477741909e+00 8.578943293926373e+01
3.067700000000000e+11 5.928385437499006e+00 8.591830513207620e+01
3.071000000000000e+11 6.051960059759203e+00 8.603861976448110e+01
3.074300000000000e+11 6.173335784188241e+00 8.615123481779176e+01
3.077600000000000e+11 6.292595015779422e+00 8.625689147627807e+01
3.080900000000000e+11 6.409818422014692e+00 8.635622457578661e+01
3.084200000000000e+11 6.525084117600226e+00 8.644977363625236e+01
3.087500000000000e+11 6.638466828965998e+00 8.653799467984447e+01
3.090800000000000e+11 6.750037130820557e+00 8.662127275565538e+01
3.094100000000000e+11 6.859860838257653e+00 8.669993486808471e+01
3.097400000000000e+11 6.967998621256987e+00 8.677426284828695e+01
3.100700000000000e+11 7.074505885671189e+00 8.684450562130843e+01
3.104000000000000e+11 7.179432938221071e+00 8.691089030596834e+01
3.107300000000000e+11 7.282825425231319e+00 8.697363163517613e+01
3.110600000000000e+11 7.384725008485878e+00 8.703293929133665e+01
3.113900000000000e+11 7.485170219127316e+00 8.708902290090826e+01
3.117200000000000e+11 7.584197414024669e+00 8.714209460737825e+01
3.120500000000000e+11 7.681841749934745e+00 8.719236932500846e+01
3.123800000000000e+11 7.778138089830597e+00 8.724006294901771e+01
3.127100000000000e+11 7.873121762926733e+00 8.728538894553350e+01
3.130400000000000e+11 7.966829114423407e+00 8.732855385374293e+01
3.133700000000000e+11 8.059297801367624e+00 8.736975229421152e+01
3.137000000000000e+11 8.150566815325780e+00 8.740916208679363e+01
3.140300000000000e+11 8.240676238462273e+00 8.744694003912228e+01
3.143600000000000e+11 8.329666764688303e+00 8.748321887702159e+01
3.146900000000000e+11 8.417579039437568e+00 8.751810566011572e+01
3.150200000000000e+11 8.504452888306282e+00 8.755168187133921e+01
3.153500000000000e+11 8.590326514725426e+00 8.758400520216296e+01
3.156800000000000e+11 8.675235749111113e+00 8.761511289117979e+01
3.160100000000000e+11 8.759213426384656e+00 8.764502632685266e+01
3.163400000000000e+11 8.842288955931323e+00 8.767375650864717e+01
3.166700000000000e+11 8.924488129213653e+00 8.770130988438551e+01
3.170000000000000e+11 9.005833187182585e+00 8.772769405166473e+01
3.173300000000000e+11 9.086343144534194e+00 8.775292282939711e+01
3.176600000000000e+11 9.166034343119748e+00 8.777702026934105e+01
3.179900000000000e+11 9.244921184765339e+00 8.780002328014913e+01
3.183200000000000e+11 9.323016976462066e+00 8.782198266781774e+01
3.186500000000000e+11 9.400334809968850e+00 8.784296254393601e+01
3.189800000000000e+11 9.476888394336708e+00 8.786303820303375e+01
3.193100000000000e+11 9.552692764049116e+00 8.788229270895795e+01
3.196400000000000e+11 9.627764796982104e+00 8.790081254512020e+01
3.199700000000000e+11 9.702123494157270e+00 8.791868276458989e+01
3.203000000000000e+11 9.775789995642915e+00 8.793598211640678e+01
3.206300000000000e+11 9.848787331869497e+00 8.795277862089793e+01
3.209600000000000e+11 9.921139934749561e+00 8.796912601993117e+01
3.212900000000000e+11 9.992872955966714e+00 8.798506144242950e+01
3.216200000000000e+11 1.006401145845141e+01 8.800060450912083e+01
3.219500000000000e+11 1.013457955960855e+01 8.801575796414581e+01
3.222800000000000e+11 1.020459961006949e+01 8.803050977732815e+01
3.226100000000000e+11 1.027409148905480e+01 8.804483652288309e+01
3.229400000000000e+11 1.034307208704602e+01 8.805870772080517e+01
3.232700000000000e+11 1.041155502927170e+01 8.807209073712865e+01
3.236000000000000e+11 1.047955067108510e+01 8.808495578699133e+01
3.239300000000000e+11 1.054706637070849e+01 8.809728057470797e+01
3.242600000000000e+11 1.061410701840708e+01 8.810905413864967e+01
3.245900000000000e+11 1.068067577642858e+01 8.812027954246969e+01
3.249200000000000e+11 1.074677496330998e+01 8.813097516118928e+01
3.252500000000000e+11 1.081240700141514e+01 8.814117444098014e+01
3.255800000000000e+11 1.087757533926270e+01 8.815092415318294e+01
3.259100000000000e+11 1.094228526110647e+01 8.816028130322709e+01
3.262400000000000e+11 1.100654450538102e+01 8.816930898091834e+01
3.265700000000000e+11 1.107036363028231e+01 8.817807153856035e+01
3.269000000000000e+11 1.113375608750480e+01 8.818662954842804e+01
3.272300000000000e+11 1.119673799198119e+01 8.819503501508859e+01
3.275600000000000e+11 1.125932760396496e+01 8.820332729854047e+01
3.278900000000000e+11 1.132154456732477e+01 8.821153014244884e+01
3.282200000000000e+11 1.138340897192028e+01 8.821965010311433e+01
3.285500000000000e+11 1.144494032607668e+01 8.822767654776484e+01
3.288800000000000e+11 1.150615653566252e+01 8.823558324657296e+01
3.292100000000000e+11 1.156707298795358e+01 8.824333143449513e+01
3.295400000000000e+11 1.162770183098494e+01 8.825087408014859e+01
3.298700000000000e+11 1.168805152294460e+01 8.825816098241980e+01
3.302000000000000e+11 1.174812670265577e+01 8.826514423235744e+01
3.305300000000000e+11 1.180792840333801e+01 8.827178353622864e+01
3.308600000000000e+11 1.186745460019138e+01 8.827805089978260e+01
3.311900000000000e+11 1.192670105075223e+01 8.828393422397293e+01
3.315200000000000e+11 1.198566235834715e+01 8.828943945464442e+01
3.318500000000000e+11 1.204433316601003e+01 8.829459105516356e+01
3.321800000000000e+11 1.210270937316687e+01 8.829943072070996e+01
3.325100000000000e+11 1.216078926182137e+01 8.830401441282029e+01
3.328400000000000e+11 1.221857442364522e+01 8.830840794863707e+01
3.331700000000000e+11 1.227607039416709e+01 8.831268151724278e+01
3.335000000000000e+11 1.233328692412727e+01 8.831690360282516e+01
3.338300000000000e+11 1.239023784913478e+01 8.832113486112185e+01
3.341600000000000e+11 1.244694055446476e+01 8.832542251477975e+01
3.344900000000000e+11 1.250341506908780e+01 8.832979580207827e+01
3.348200000000000e+11 1.255968285851530e+01 8.833426293338981e+01
3.351500000000000e+11 1.261576541651473e+01 8.833880988649926e+01
3.354800000000000e+11 1.267168277825922e+01 8.834340121529306e+01
3.358100000000000e+11 1.272745208972354e+01 8.834798286930733e+01
3.361400000000000e+11 1.278308636865829e+01 8.835248683943169e+01
3.364700000000000e+11 1.283859358080033e+01 8.835683727379632e+01
3.368000000000000e+11 1.289397613174026e+01 8.836095756313009e+01
3.371300000000000e+11 1.294923084173089e+01 8.836477779021618e+01
3.374600000000000e+11 1.300434943028104e+01 8.836824188381638e+01
3.377900000000000e+11 1.305931949294933e+01 8.837131381961458e+01
3.381200000000000e+11 1.311412590807427e+01 8.837398227049954e+01
3.384500000000000e+11 1.316875257012435e+01 8.837626322205698e+01
3.387800000000000e+11 1.322318431258237e+01 8.837820022797688e+01
3.391100000000000e+11 1.327740885993367e+01 8.837986217179615e+01
3.394400000000000e+11 1.333141863777752e+01 8.838133861066616e+01
3.397700000000000e+11 1.338521227367561e+01 8.838273298671336e+01
3.401000000000000e+11 1.343879563933999e+01 8.838415418470768e+01
3.404300000000000e+11 1.349218231618859e+01 8.838570707489009e+01
3.407600000000000e+11 1.354539340907889e+01 8.838748279280750e+01
3.410900000000000e+11 1.359845668405021e+01 8.838954956314099e+01
3.414200000000000e+11 1.365140506125609e+01 8.839194486528972e+01
3.417500000000000e+11 1.370427454950958e+01 8.839466966334386e+01
3.420800000000000e+11 1.375710175939371e+01 8.839768528579779e+01
3.424100000000000e+11 1.380992117332020e+01 8.840091334992364e+01
3.427400000000000e+11 1.386276237946444e+01 8.840423889596212e+01
3.430700000000000e+11 1.391564748933198e+01 8.840751664487159e+01
3.434000000000000e+11 1.396858895423619e+01 8.841058004042245e+01
3.437300000000000e+11 1.402158797400873e+01 8.841325250288574e+01
3.440600000000000e+11 1.407463365310883e+01 8.841536012718893e+01
3.443900000000000e+11 1.412770300761500e+01 8.841674492001562e+01
3.447200000000000e+11 1.418076186518006e+01 8.841727760016610e+01
3.450500000000000e+11 1.423376663357442e+01 8.841686899105758e+01
3.453800000000000e+11 1.428666684702825e+01 8.841547911391109e+01
3.457100000000000e+11 1.433940833834648e+01 8.841312323904251e+01
3.460400000000000e+11 1.439193683346979e+01 8.840987435954585e+01
3.463700000000000e+11 1.444420172781189e+01 8.840586180090241e+01
3.467000000000000e+11 1.449615978333575e+01 8.840126595316931e+01
3.470300000000000e+11 1.454777848370455e+01 8.839630938952756e+01
3.473600000000000e+11 1.459903880241445e+01 8.839124489615044e+01
3.476900000000000e+11 1.464993717462687e+01 8.838634116513366e+01
3.480200000000000e+11 1.470048651522121e+01 8.838186707836670e+01
3.483500000000000e+11 1.475071618989697e+01 8.837807562302545e+01
3.486800000000000e+11 1.480067091852617e+01 8.837518852007875e+01
3.490100000000000e+11 1.485040866521012e+01 8.837338261181617e+01
3.493400000000000e+11 1.489999764209601e+01 8.837277894407016e+01
3.496700000000000e+11 1.494951261847150e+01 8.837343529994402e+01
3.500000000000000e+11 1.499903077795669e+01 8.837534270615768e+01
