2.000000000000000e+10 2.280473049833560e+01 -9.006204597611890e+01
2.033000000000000e+10 2.240070943548386e+01 -9.006305929472785e+01
2.066000000000000e+10 2.200904622661770e+01 -9.006407369876284e+01
2.099000000000000e+10 2.162915786018423e+01 -9.006508821908319e+01
2.132000000000000e+10 2.126049752522909e+01 -9.006610194414166e+01
2.165000000000000e+10 2.090255183860247e+01 -9.006711410105126e+01
2.198000000000000e+10 2.055483831411233e+01 -9.006812412104959e+01
2.231000000000000e+10 2.021690305078470e+01 -9.006913168366543e+01
2.264000000000000e+10 1.988831862050280e+01 -9.007013673602899e+01
2.297000000000000e+10 1.956868213775461e+01 -9.007113948616737e+01
2.330000000000000e+10 1.925761349609686e+01 -9.007214037161282e+01
2.363000000000000e+10 1.895475375734590e+01 -9.007314000693565e+01
2.396000000000000e+10 1.865976368052152e+01 -9.007413911572463e+01
2.429000000000000e+10 1.837232237831573e+01 -9.007513845387331e+01
2.462000000000000e+10 1.809212608942769e+01 -9.007613873171364e+01
2.495000000000000e+10 1.781888705559843e+01 -9.007714054246587e+01
2.528000000000000e+10 1.755233249266885e+01 -9.007814430371397e+01
2.561000000000000e+10 1.729220364554447e+01 -9.007915021723144e+01
2.594000000000000e+10 1.703825491760190e+01 -9.008015825060505e+01
2.627000000000000e+10 1.679025306585946e+01 -9.008116814195968e+01
2.660000000000000e+10 1.654797645412754e+01 -9.008217942682572e+01
2.693000000000000e+10 1.631121435735282e+01 -9.008319148410207e+01
2.726000000000000e+10 1.607976631142282e+01 -9.008420359627362e+01
2.759000000000000e+10 1.585344150376170e+01 -9.008521501777315e+01
2.792000000000000e+10 1.563205820106997e+01 -9.008622504469774e+01
2.825000000000000e+10 1.541544321148931e+01 -9.008723307908963e+01
2.858000000000000e+10 1.520343137926171e+01 -9.008823868164112e+01
2.891000000000000e+10 1.499586511056974e+01 -9.008924160790114e+01
2.924000000000000e+10 1.479259392966174e+01 -9.009024182476242e+01
2.957000000000000e+10 1.459347406459173e+01 -9.009123950596330e+01
2.990000000000000e+10 1.439836806193705e+01 -9.009223500740228e+01
3.023000000000000e+10 1.420714442972928e+01 -9.009322882501216e+01
3.056000000000000e+10 1.401967730758522e+01 -9.009422153960158e+01
3.089000000000000e+10 1.383584616269525e+01 -9.009521375426253e+01
3.122000000000000e+10 1.365553550997137e+01 -9.009620603059570e+01
3.155000000000000e+10 1.347863465432376e+01 -9.009719883001669e+01
3.188000000000000e+10 1.330503745276451e+01 -9.009819246583554e+01
3.221000000000000e+10 1.313464209386937e+01 -9.009918707065616e+01
3.254000000000000e+10 1.296735089208244e+01 -9.010018258209327e+01
3.287000000000000e+10 1.280307009443523e+01 -9.010117874796968e+01
3.320000000000000e+10 1.264170969746714e+01 -9.010217515023299e+01
3.353000000000000e+10 1.248318327246081e+01 -9.010317124501414e+01
3.386000000000000e+10 1.232740779751599e+01 -9.010416641469500e+01
3.419000000000000e+10 1.217430349544280e+01 -9.010516002672792e+01
3.452000000000000e+10 1.202379367692357e+01 -9.010615149334758e+01
3.485000000000000e+10 1.187580458882767e+01 -9.010714032629780e+01
3.518000000000000e+10 1.173026526793502e+01 -9.010812618124584e+01
3.551000000000000e+10 1.158710740060001e+01 -9.010910888762443e+01
3.584000000000000e+10 1.144626518904877e+01 -9.011008846112394e+01
3.617000000000000e+10 1.130767522504597e+01 -9.011106509777461e+01
3.650000000000000e+10 1.117127637158928e+01 -9.011203915038661e+01
3.683000000000000e+10 1.103700965311141e+01 -9.011301108983216e+01
3.716000000000000e+10 1.090481815441053e+01 -9.011398145512082e+01
3.749000000000000e+10 1.077464692822190e+01 -9.011495079727526e+01
3.782000000000000e+10 1.064644291102107e+01 -9.011591962258058e+01
3.815000000000000e+10 1.052015484634390e+01 -9.011688834078377e+01
3.848000000000000e+10 1.039573321465375e+01 -9.011785722328779e+01
3.881000000000000e+10 1.027313016860621e+01 -9.011882637534173e+01
3.914000000000000e+10 1.015229947247354e+01 -9.011979572483196e+01
3.947000000000000e+10 1.003319644449931e+01 -9.012076502860830e+01
3.980000000000000e+10 9.915777901063221e+00 -9.012173389554496e+01
4.013000000000000e+10 9.800002101725958e+00 -9.012270182390199e+01
4.046000000000000e+10 9.685828694481538e+00 -9.012366824914903e+01
4.079000000000000e+10 9.573218660840753e+00 -9.012463259742398e+01
4.112000000000000e+10 9.462134260676132e+00 -9.012559433927085e+01
4.145000000000000e+10 9.352538977048761e+00 -9.012655303832048e+01
4.178000000000000e+10 9.244397461480615e+00 -9.012750839011677e+01
4.211000000000000e+10 9.137675480314632e+00 -9.012846024730011e+01
4.244000000000000e+10 9.032339862902544e+00 -9.012940862873829e+01
4.277000000000000e+10 8.928358452369633e+00 -9.013035371180555e+01
4.310000000000000e+10 8.825700059632258e+00 -9.013129580868875e+01
4.343000000000000e+10 8.724334421193570e+00 -9.013223532917982e+01
4.376000000000000e+10 8.624232161036797e+00 -9.013317273375220e+01
4.409000000000000e+10 8.525364756692365e+00 -9.013410848166302e+01
4.442000000000000e+10 8.427704509305116e+00 -9.013504297930201e+01
4.475000000000000e+10 8.331224517288540e+00 -9.013597653396768e+01
4.508000000000000e+10 8.235898652957673e+00 -9.013690931768839e+01
4.541000000000000e+10 8.141701541388624e+00 -9.013784134470039e+01
4.574000000000000e+10 8.048608540684805e+00 -9.013877246482055e+01
4.607000000000000e+10 7.956595722832548e+00 -9.013970237336679e+01
4.640000000000000e+10 7.865639854409588e+00 -9.014063063662728e+01
4.673000000000000e+10 7.775718376551860e+00 -9.014155673032785e+01
4.706000000000000e+10 7.686809383777744e+00 -9.014248008725431e+01
4.739000000000000e+10 7.598891601491853e+00 -9.014340014927200e+01
4.772000000000000e+10 7.511944362219535e+00 -9.014431641853864e+01
4.805000000000000e+10 7.425947580839956e+00 -9.014522850278126e+01
4.838000000000000e+10 7.340881729264805e+00 -9.014613615008774e+01
4.871000000000000e+10 7.256727811138560e+00 -9.014703926969618e+01
4.904000000000000e+10 7.173467337201090e+00 -9.014793793664118e+01
4.937000000000000e+10 7.091082301950494e+00 -9.014883237971729e+01
4.970000000000000e+10 7.009555162175942e+00 -9.014972295386535e+01
5.003000000000000e+10 6.928868817802849e+00 -9.015061009963618e+01
5.036000000000000e+10 6.849006595323498e+00 -9.015149429367530e+01
5.069000000000000e+10 6.769952233888366e+00 -9.015237599506696e+01
5.102000000000000e+10 6.691689873930976e+00 -9.015325559281366e+01
5.135000000000000e+10 6.614204048009172e+00 -9.015413335963018e+01
5.168000000000000e+10 6.537479673388759e+00 -9.015500941662687e+01
5.201000000000000e+10 6.461502045784806e+00 -9.015588371241265e+01
5.234000000000000e+10 6.386256833621920e+00 -9.015675601873204e+01
5.267000000000000e+10 6.311730072183245e+00 -9.015762594314180e+01
5.300000000000000e+10 6.237908157084521e+00 -9.015849295755066e+01
5.333000000000000e+10 6.164777836627930e+00 -9.015935643988716e+01
5.366000000000000e+10 6.092326202749420e+00 -9.016021572484978e+01
5.399000000000000e+10 6.020540680453744e+00 -9.016107015879113e+01
5.432000000000000e+10 5.949409015819235e+00 -9.016191915335014e+01
5.465000000000000e+10 5.878919262826932e+00 -9.016276223254638e+01
5.498000000000000e+10 5.809059769413931e+00 -9.016359906866890e+01
5.531000000000000e+10 5.739819163251347e+00 -9.016442950336385e+01
5.564000000000000e+10 5.671186337796871e+00 -9.016525355176586e+01
5.597000000000000e+10 5.603150439165351e+00 -9.016607138916856e+01
5.630000000000000e+10 5.535700854299719e+00 -9.016688332144369e+01
5.663000000000000e+10 5.468827200816899e+00 -9.016768974201916e+01
5.696000000000000e+10 5.402519318759865e+00 -9.016849107957000e+01
5.729000000000000e+10 5.336767264321470e+00 -9.016928774150172e+01
5.762000000000000e+10 5.271561305437360e+00 -9.017008005876301e+01
5.795000000000000e+10 5.206891918986183e+00 -9.017086823741703e+01
5.828000000000000e+10 5.142749789206700e+00 -9.017165232177983e+01
5.861000000000000e+10 5.079125806849861e+00 -9.017243217282376e+01
5.894000000000000e+10 5.016011068540131e+00 -9.017320746406605e+01
5.927000000000000e+10 4.953396875830646e+00 -9.017397769546153e+01
5.960000000000000e+10 4.891274733491668e+00 -9.017474222403956e+01
5.993000000000000e+10 4.829636346675369e+00 -9.017550030837552e+01
6.026000000000000e+10 4.768473616732008e+00 -9.017625116258127e+01
6.059000000000000e+10 4.707778635605770e+00 -9.017699401453791e+01
6.092000000000000e+10 4.647543678895984e+00 -9.017772816260370e+01
6.125000000000000e+10 4.587761197813970e+00 -9.017845302513983e+01
6.158000000000000e+10 4.528423810386778e+00 -9.017916817782415e+01
6.191000000000000e+10 4.469524292341974e+00 -9.017987337488468e+01
6.224000000000000e+10 4.411055568147703e+00 -9.018056855190821e+01
6.257000000000000e+10 4.353010702672779e+00 -9.018125380967244e+01
6.290000000000000e+10 4.295382893879295e+00 -9.018192938029726e+01
6.323000000000000e+10 4.238165466864315e+00 -9.018259557877471e+01
6.356000000000000e+10 4.181351869444212e+00 -9.018325274439466e+01
6.389000000000000e+10 4.124935669332696e+00 -9.018390117764631e+01
6.422000000000000e+10 4.068910552818028e+00 -9.018454107867917e+01
6.455000000000000e+10 4.013270324710157e+00 -9.018517249334161e+01
6.488000000000000e+10 3.958008909217497e+00 -9.018579527214814e+01
6.521000000000000e+10 3.903120351335893e+00 -9.018640904633038e+01
6.554000000000000e+10 3.848598818297467e+00 -9.018701322351160e+01
6.587000000000000e+10 3.794438600635202e+00 -9.018760700365068e+01
6.620000000000000e+10 3.740634112471493e+00 -9.018818941392374e+01
6.653000000000000e+10 3.687179890727695e+00 -9.018875935932699e+01
6.686000000000000e+10 3.634070593069442e+00 -9.018931568419080e+01
6.719000000000000e+10 3.581300994535902e+00 -9.018985723864007e+01
6.752000000000000e+10 3.528865982938813e+00 -9.019038294344413e+01
6.785000000000000e+10 3.476760553243201e+00 -9.019089184673818e+01
6.818000000000000e+10 3.424979801247505e+00 -9.019138316677002e+01
6.851000000000000e+10 3.373518916951365e+00 -9.019185631607732e+01
6.884000000000000e+10 3.322373178033850e+00 -9.019231090421421e+01
6.917000000000000e+10 3.271537943855464e+00 -9.019274671818600e+01
6.950000000000000e+10 3.221008650348181e+00 -9.019316368187880e+01
6.983000000000000e+10 3.170780806073471e+00 -9.019356179784641e+01
7.016000000000000e+10 3.120849989616996e+00 -9.019394107656510e+01
7.049000000000000e+10 3.071211848361983e+00 -9.019430145958762e+01
7.082000000000000e+10 3.021862098553555e+00 -9.019464274371391e+01
7.115000000000000e+10 2.972796526446385e+00 -9.019496451332270e+01
7.148000000000000e+10 2.924010990229303e+00 -9.019526608733825e+01
7.181000000000000e+10 2.875501422352501e+00 -9.019554648597553e+01
7.214000000000000e+10 2.827263831852052e+00 -9.019580442057030e+01
7.247000000000000e+10 2.779294306275687e+00 -9.019603830757585e+01
7.280000000000000e+10 2.731589012860774e+00 -9.019624630544931e+01
7.313000000000000e+10 2.684144198697132e+00 -9.019642637083857e+01
7.346000000000000e+10 2.636956189713019e+00 -9.019657632847330e+01
7.379000000000000e+10 2.590021388444445e+00 -9.019669394763773e+01
7.412000000000000e+10 2.543336270671666e+00 -9.019677701723168e+01
7.445000000000000e+10 2.496897381121153e+00 -9.019682341129941e+01
7.478000000000000e+10 2.450701328525858e+00 -9.019683113754432e+01
7.511000000000000e+10 2.404744780400882e+00 -9.019679836274381e+01
7.544000000000000e+10 2.359024457920704e+00 -9.019672341095196e+01
7.577000000000000e+10 2.313537131274766e+00 -9.019660473283813e+01
7.610000000000000e+10 2.268279615831917e+00 -9.019644084713998e+01
7.643000000000000e+10 2.223248769365474e+00 -9.019623025783685e+01
7.676000000000000e+10 2.178441490487976e+00 -9.019597135297737e+01
7.709000000000000e+10 2.133854718326949e+00 -9.019566229289845e+01
7.742000000000000e+10 2.089485433354155e+00 -9.019530089667303e+01
7.775000000000000e+10 2.045330659169553e+00 -9.019488453587549e+01
7.808000000000000e+10 2.001387464951161e+00 -9.019441004411186e+01
7.841000000000000e+10 1.957652968220043e+00 -9.019387364927125e+01
7.874000000000000e+10 1.914124337542633e+00 -9.019327093316974e+01
7.907000000000000e+10 1.870798794802774e+00 -9.019259682046197e+01
7.940000000000000e+10 1.827673616721958e+00 -9.019184559551094e+01
7.973000000000000e+10 1.784746135383771e+00 -9.019101094271043e+01
8.006000000000000e+10 1.742013737619950e+00 -9.019008600278077e+01
8.039000000000000e+10 1.699473863229991e+00 -9.018906343510359e+01
8.072000000000000e+10 1.657124002123779e+00 -9.018793547443315e+01
8.105000000000000e+10 1.614961690584569e+00 -9.018669396953071e+01
8.138000000000000e+10 1.572984506938106e+00 -9.018533039142459e+01
8.171000000000000e+10 1.531190066973492e+00 -9.018383580016361e+01
8.204000000000000e+10 1.489576019487464e+00 -9.018220076093709e+01
8.237000000000000e+10 1.448140042312839e+00 -9.018041520309363e+01
8.270000000000000e+10 1.406879839145826e+00 -9.017846821862378e+01
8.303000000000000e+10 1.365793137409463e+00 -9.017634779970363e+01
8.336000000000000e+10 1.324877687290412e+00 -9.017404051759169e+01
8.369000000000000e+10 1.284131261972517e+00 -9.017153114706339e+01
8.402000000000000e+10 1.243551658974400e+00 -9.016880224136935e+01
8.435000000000000e+10 1.203136702392020e+00 -9.016583366199484e+01
8.468000000000000e+10 1.162884245759813e+00 -9.016260206503816e+01
8.501000000000000e+10 1.122792175185469e+00 -9.015908034155657e+01
8.534000000000000e+10 1.082858412388467e+00 -9.015523700260560e+01
8.567000000000000e+10 1.043080917284227e+00 -9.015103549058632e+01
8.600000000000000e+10 1.003457689802772e+00 -9.014643338688968e+01
8.633000000000000e+10 9.639867707082991e-01 -9.014138147105120e+01
8.666000000000000e+10 9.246662412871715e-01 -9.013582256822042e+01
8.699000000000000e+10 8.854942218855660e-01 -9.012969009837366e+01
8.732000000000000e+10 8.464688693947603e-01 -9.012290621055524e+01
8.765000000000000e+10 8.075883738886310e-01 -9.011537934516575e+01
8.798000000000000e+10 7.688509547060165e-01 -9.010700101185610e+01
8.831000000000000e+10 7.302548563302272e-01 -9.009764149153378e+01
8.864000000000000e+10 6.917983444445476e-01 -9.008714405492942e+01
8.897000000000000e+10 6.534797025340624e-01 -9.007531711499941e+01
8.930000000000000e+10 6.152972293626067e-01 -9.006192345968914e+01
8.963000000000000e+10 5.772492375845865e-01 -9.004666528260229e+01
8.996000000000000e+10 5.393340536667164e-01 -9.002916303285667e+01
9.029000000000000e+10 5.015500192065099e-01 -9.000892494445273e+01
9.062000000000000e+10 4.638954936651934e-01 -8.998530211049314e+01
9.095000000000000e+10 4.263688585085375e-01 -8.995742041972895e+01
9.128000000000000e+10 3.889685228164825e-01 -8.992407410739879e+01
9.161000000000000e+10 3.516929306617195e-01 -8.988355294608635e+01
9.194000000000000e+10 3.145405711425371e-01 -8.983334905227245e+01
9.227000000000000e+10 2.775099932969973e-01 -8.976963237635889e+01
9.260000000000000e+10 2.405998313127909e-01 -8.968624941517135e+01
9.293000000000000e+10 2.038088537095757e-01 -8.957264889257422e+01
9.326000000000000e+10 1.671360744677469e-01 -8.940910083389419e+01
9.359000000000000e+10 1.305810488984668e-01 -8.915394415023918e+01
9.392000000000000e+10 9.414485521166281e-02 -8.870139462004514e+01
9.425000000000000e+10 5.783476801701957e-02 -8.768113125460167e+01
9.458000000000000e+10 2.171560725026571e-02 -8.326309628679461e+01
9.491000000000000e+10 1.480463923547074e-02 7.927189813933481e+01
9.524000000000000e+10 5.063544180451063e-02 8.664284391176487e+01
9.557000000000000e+10 8.650195201198799e-02 8.789621022490692e+01
9.590000000000000e+10 1.222793911844691e-01 8.841294919923132e+01
9.623000000000000e+10 1.579573572535309e-01 8.869456675936874e+01
9.656000000000000e+10 1.935341024736386e-01 8.887156013420629e+01
9.689000000000000e+10 2.290097747558021e-01 8.899293991922609e+01
9.722000000000000e+10 2.643851322480586e-01 8.908124193971034e+01
9.755000000000000e+10 2.996611730598918e-01 8.914827502259570e+01
9.788000000000000e+10 3.348389987362855e-01 8.920082342663081e+01
9.821000000000000e+10 3.699197542388918e-01 8.924306133169183e+01
9.854000000000000e+10 4.049045977671816e-01 8.927769730157416e+01
9.887000000000000e+10 4.397946840834202e-01 8.930656534520939e+01
9.920000000000000e+10 4.745911549209682e-01 8.933095152742135e+01
9.953000000000000e+10 5.092951337078605e-01 8.935178460077952e+01
9.986000000000000e+10 5.439077232804124e-01 8.936975240743057e+01
1.001900000000000e+11 5.784300058379356e-01 8.938537568544091e+01
1.005200000000000e+11 6.128630446033410e-01 8.939905637526320e+01
1.008500000000000e+11 6.472078867148884e-01 8.941111009597837e+01
1.011800000000000e+11 6.814655668783810e-01 8.942178848204213e+01
1.015100000000000e+11 7.156371113056098e-01 8.943129484920108e+01
1.018400000000000e+11 7.497235414781693e-01 8.943979537162285e+01
1.021700000000000e+11 7.837258773185086e-01 8.944742718249805e+01
1.025000000000000e+11 8.176451394244455e-01 8.945430433577684e+01
1.028300000000000e+11 8.514823501266395e-01 8.946052226554745e+01
1.031600000000000e+11 8.852385332534988e-01 8.946616118290783e+01
1.034900000000000e+11 9.189147126222926e-01 8.947128871809635e+01
1.038200000000000e+11 9.525119094080706e-01 8.947596202445072e+01
1.041500000000000e+11 9.860311386594698e-01 8.948022949605922e+01
1.044800000000000e+11 1.019473405320913e+00 8.948413220422802e+01
1.048100000000000e+11 1.052839700176170e+00 8.948770512352915e+01
1.051400000000000e+11 1.086130996140810e+00 8.949097819309996e+01
1.054700000000000e+11 1.119348245301553e+00 8.949397724068395e+01
1.058000000000000e+11 1.152492377029428e+00 8.949672478437284e+01
1.061300000000000e+11 1.185564297388438e+00 8.949924071900229e+01
1.064600000000000e+11 1.218564889933336e+00 8.950154288990727e+01
1.067900000000000e+11 1.251495017849299e+00 8.950364755546312e+01
1.071200000000000e+11 1.284355527249835e+00 8.950556974088060e+01
1.074500000000000e+11 1.317147251328503e+00 8.950732348832747e+01
1.077800000000000e+11 1.349871014968795e+00 8.950892201199751e+01
1.081100000000000e+11 1.382527639363911e+00 8.951037777051762e+01
1.084400000000000e+11 1.415117946190105e+00 8.951170247254659e+01
1.087700000000000e+11 1.447642760915250e+00 8.951290703405630e+01
1.091000000000000e+11 1.480102914905134e+00 8.951400150722903e+01
1.094300000000000e+11 1.512499246106038e+00 8.951499500093418e+01
1.097600000000000e+11 1.544832598222571e+00 8.951589561131183e+01
1.100900000000000e+11 1.577103818460427e+00 8.951671037814823e+01
1.104200000000000e+11 1.609313754049564e+00 8.951744527874072e+01
1.107500000000000e+11 1.641463247890193e+00 8.951810526613798e+01
1.110800000000000e+11 1.673553133757807e+00 8.951869435342958e+01
1.114100000000000e+11 1.705584231555263e+00 8.951921574063560e+01
1.117400000000000e+11 1.737557343103180e+00 8.951967197611374e+01
1.120700000000000e+11 1.769473248913721e+00 8.952006514072438e+01
1.124000000000000e+11 1.801332706301352e+00 8.952039704053698e+01
1.127300000000000e+11 1.833136449055065e+00 8.952066939285795e+01
1.130600000000000e+11 1.864885188743676e+00 8.952088399085702e+01
1.133900000000000e+11 1.896579617562176e+00 8.952104283400675e+01
1.137200000000000e+11 1.928220412471548e+00 8.952114821470155e+01
1.140500000000000e+11 1.959808240249688e+00 8.952120275548182e+01
1.143800000000000e+11 1.991343762974302e+00 8.952120939586052e+01
1.147100000000000e+11 2.022827643407207e+00 8.952117133237110e+01
1.150400000000000e+11 2.054260549751568e+00 8.952109191970700e+01
1.153700000000000e+11 2.085643159308001e+00 8.952097454428352e+01
1.157000000000000e+11 2.116976160659433e+00 8.952082248391240e+01
1.160300000000000e+11 2.148260254156104e+00 8.952063876830982e+01
1.163600000000000e+11 2.179496150640153e+00 8.952042605479160e+01
1.166900000000000e+11 2.210684568524619e+00 8.952018653176619e+01
1.170200000000000e+11 2.241826229508999e+00 8.951992185972608e+01
1.173500000000000e+11 2.272921853354708e+00 8.951963315563007e+01
1.176800000000000e+11 2.303972152243980e+00 8.951932102222919e+01
1.180100000000000e+11 2.334977825295034e+00 8.951898561947991e+01
1.183400000000000e+11 2.365939553798826e+00 8.951862677106702e+01
1.186700000000000e+11 2.396857997676539e+00 8.951824409569683e+01
1.190000000000000e+11 2.427733793541523e+00 8.951783715047328e+01
1.193300000000000e+11 2.458567554591274e+00 8.951740557258680e+01
1.196600000000000e+11 2.489359872373018e+00 8.951694920582773e+01
1.199900000000000e+11 2.520111320276993e+00 8.951646820001163e+01
1.203200000000000e+11 2.550822458433623e+00 8.951596307416104e+01
1.206500000000000e+11 2.581493839543640e+00 8.951543473788898e+01
1.209800000000000e+11 2.612126015067942e+00 8.951488446958125e+01
1.213100000000000e+11 2.642719541159211e+00 8.951431385420976e+01
1.216400000000000e+11 2.673274983733752e+00 8.951372468755774e+01
1.219700000000000e+11 2.703792922161144e+00 8.951311885688577e+01
1.223000000000000e+11 2.734273951181639e+00 8.951249821030680e+01
1.226300000000000e+11 2.764718680836478e+00 8.951186442817460e+01
1.229600000000000e+11 2.795127734395635e+00 8.951121890948129e+01
1.232900000000000e+11 2.825501744472413e+00 8.951056268469210e+01
1.236200000000000e+11 2.855841347702594e+00 8.950989636374277e+01
1.239500000000000e+11 2.886147178519047e+00 8.950922012436938e+01
1.242800000000000e+11 2.916419862654639e+00 8.950853374188965e+01
1.246100000000000e+11 2.946660011044392e+00 8.950783665740246e+01
1.249400000000000e+11 2.976868214768690e+00 8.950712807753652e+01
1.252700000000000e+11 3.007045041583763e+00 8.950640709572977e+01
1.256000000000000e+11 3.037191034432164e+00 8.950567282289106e+01
1.259300000000000e+11 3.067306712129642e+00 8.950492451436016e+01
1.262600000000000e+11 3.097392572204845e+00 8.950416168047745e+01
1.265900000000000e+11 3.127449095646344e+00 8.950338416971165e+01
1.269200000000000e+11 3.157476753110683e+00 8.950259221606765e+01
1.272500000000000e+11 3.187476011986651e+00 8.950178644606399e+01
1.275800000000000e+11 3.217447343610612e+00 8.950096784463838e+01
1.279100000000000e+11 3.247391229899236e+00 8.950013768346203e+01
1.282400000000000e+11 3.277308168710563e+00 8.949929741892470e+01
1.285700000000000e+11 3.307198677362018e+00 8.949844857011594e+01
1.289000000000000e+11 3.337063293912015e+00 8.949759258915159e+01
1.292300000000000e+11 3.366902576033899e+00 8.949673073700245e+01
1.295600000000000e+11 3.396717097555178e+00 8.949586397743865e+01
1.298900000000000e+11 3.426507442977172e+00 8.949499289993202e+01
1.302200000000000e+11 3.456274200504327e+00 8.949411767945409e+01
1.305500000000000e+11 3.486017954277020e+00 8.949323807741813e+01
1.308800000000000e+11 3.515739276598914e+00 8.949235348386891e+01
1.312100000000000e+11 3.545438720966206e+00 8.949146299686142e+01
1.315400000000000e+11 3.575116816642413e+00 8.949056553118866e+01
1.318700000000000e+11 3.604774065377595e+00 8.948965994561121e+01
1.322000000000000e+11 3.634410940664534e+00 8.948874517581406e+01
1.325300000000000e+11 3.664027889670648e+00 8.948782035967034e+01
1.328600000000000e+11 3.693625337712425e+00 8.948688494207754e+01
1.331900000000000e+11 3.723203694874134e+00 8.948593874863417e+01
1.335200000000000e+11 3.752763364142593e+00 8.948498202049444e+01
1.338500000000000e+11 3.782304750259784e+00 8.948401540662768e+01
1.341800000000000e+11 3.811828268402473e+00 8.948303991397934e+01
1.345100000000000e+11 3.841334351796105e+00 8.948205682030084e+01
1.348400000000000e+11 3.870823457458654e+00 8.948106755822667e+01
1.351700000000000e+11 3.900296069444434e+00 8.948007358214929e+01
1.355000000000000e+11 3.929752699200533e+00 8.947907623127412e+01
1.358300000000000e+11 3.959193882936210e+00 8.947807660272491e+01
1.361600000000000e+11 3.988620176210877e+00 8.947707544767592e+01
1.364900000000000e+11 4.018032146236817e+00 8.947607310125110e+01
1.368200000000000e+11 4.047430362639624e+00 8.947506945361214e+01
1.371500000000000e+11 4.076815387595169e+00 8.947406396554503e+01
1.374800000000000e+11 4.106187766347411e+00 8.947305572738290e+01
1.378100000000000e+11 4.135548019095927e+00 8.947204355569698e+01
1.381400000000000e+11 4.164896635124114e+00 8.947102611831477e+01
1.384700000000000e+11 4.194234069829113e+00 8.947000207527050e+01
1.388000000000000e+11 4.223560745031873e+00 8.946897022155677e+01
1.391300000000000e+11 4.252877052616793e+00 8.946792961723742e+01
1.394600000000000e+11 4.282183361209618e+00 8.946687969162383e+01
1.397900000000000e+11 4.311480025282791e+00 8.946582031071705e+01
1.401200000000000e+11 4.340767395813448e+00 8.946475180074488e+01
1.404500000000000e+11 4.370045831439032e+00 8.946367492500222e+01
1.407800000000000e+11 4.399315708979455e+00 8.946259081591786e+01
1.411100000000000e+11 4.428577432233624e+00 8.946150086883428e+01
1.414400000000000e+11 4.457831438110421e+00 8.946040660794014e+01
1.417700000000000e+11 4.487078199406094e+00 8.945930953773478e+01
1.421000000000000e+11 4.516318223869708e+00 8.945821099500701e+01
1.424300000000000e+11 4.545552049573522e+00 8.945711201642197e+01
1.427600000000000e+11 4.574780236984640e+00 8.945601323537161e+01
1.430900000000000e+11 4.604003358486337e+00 8.945491481892206e+01
1.434200000000000e+11 4.633221986377333e+00 8.945381645171153e+01
1.437500000000000e+11 4.662436680559563e+00 8.945271736895016e+01
1.440800000000000e+11 4.691647977186679e+00 8.945161643567961e+01
1.444100000000000e+11 4.720856379476722e+00 8.945051226469970e+01
1.447400000000000e+11 4.750062351698260e+00 8.944940336152503e+01
1.450700000000000e+11 4.779266317035408e+00 8.944828828183189e+01
1.454000000000000e+11 4.808468659653365e+00 8.944716578540320e+01
1.457300000000000e+11 4.837669730858894e+00 8.944603497073207e+01
1.460600000000000e+11 4.866869858823016e+00 8.944489537623001e+01
1.463900000000000e+11 4.896069360951497e+00 8.944374703721373e+01
1.467200000000000e+11 4.925268557689423e+00 8.944259049223960e+01
1.470500000000000e+11 4.954467786367662e+00 8.944142673745512e+01
1.473800000000000e+11 4.983667413657898e+00 8.944025713294769e+01
1.477100000000000e+11 5.012867845309960e+00 8.943908327004957e+01
1.480400000000000e+11 5.042069532092349e+00 8.943790681269152e+01
1.483700000000000e+11 5.071272971222433e+00 8.943672932874894e+01
1.487000000000000e+11 5.100478703021589e+00 8.943555212858986e+01
1.490300000000000e+11 5.129687303018821e+00 8.943437612755081e+01
1.493600000000000e+11 5.158899370205918e+00 8.943320174686873e+01
1.496900000000000e+11 5.188115512564097e+00 8.943202886387304e+01
1.500200000000000e+11 5.217336331297328e+00 8.943085681735361e+01
1.503500000000000e+11 5.246562405381011e+00 8.942968446844765e+01
1.506800000000000e+11 5.275794278045378e+00 8.942851031169246e+01
1.510100000000000e+11 5.305032446658345e+00 8.942733262564848e+01
1.513400000000000e+11 5.334277357160120e+00 8.942614964825617e+01
1.516700000000000e+11 5.363529403760896e+00 8.942495975930427e+01
1.520000000000000e+11 5.392788934088267e+00 8.942376165134938e+01
1.523300000000000e+11 5.422056259408698e+00 8.942255447130712e+01
1.526600000000000e+11 5.451331669011643e+00 8.942133791763226e+01
1.529900000000000e+11 5.480615447386374e+00 8.942011228230973e+01
1.533200000000000e+11 5.509907892492278e+00 8.941887843236533e+01
1.536500000000000e+11 5.539209333262185e+00 8.941763773171915e+01
1.539800000000000e+11 5.568520144503943e+00 8.941639191035702e+01
1.543100000000000e+11 5.597840757582300e+00 8.941514289333341e+01
1.546400000000000e+11 5.627171665655821e+00 8.941389260647426e+01
1.549700000000000e+11 5.656513422771653e+00 8.941264277835424e+01
1.553000000000000e+11 5.685866636739778e+00 8.941139475886342e+01
1.556300000000000e+11 5.715231956350793e+00 8.941014937335240e+01
1.559600000000000e+11 5.744610054106295e+00 8.940890682803855e+01
1.562900000000000e+11 5.774001606130510e+00 8.940766667737819e+01
1.566200000000000e+11 5.803407271273406e+00 8.940642785793651e+01
1.569500000000000e+11 5.832827671560372e+00 8.940518878653057e+01
1.572800000000000e+11 5.862263376065536e+00 8.940394751375811e+01
1.576100000000000e+11 5.891714889992949e+00 8.940270191815362e+01
1.579400000000000e+11 5.921182650261585e+00 8.940144992173806e+01
1.582700000000000e+11 5.950667028252164e+00 8.940018970514866e+01
1.586000000000000e+11 5.980168339649954e+00 8.939891990014753e+01
1.589300000000000e+11 6.009686860576855e+00 8.939763973919612e+01
1.592600000000000e+11 6.039222848528426e+00 8.939634914580485e+01
1.595900000000000e+11 6.068776566086596e+00 8.939504875514174e+01
1.599200000000000e+11 6.098348305028160e+00 8.939373986136617e+01
1.602500000000000e+11 6.127938408336004e+00 8.939242429563890e+01
1.605800000000000e+11 6.157547287761528e+00 8.939110424599572e+01
1.609100000000000e+11 6.187175434977727e+00 8.938978203650491e+01
1.612400000000000e+11 6.216823424970221e+00 8.938845988770009e+01
1.615700000000000e+11 6.246491911078793e+00 8.938713968267629e+01
1.619000000000000e+11 6.276181611954894e+00 8.938582276317689e+01
1.622300000000000e+11 6.305893291551139e+00 8.938450977742099e+01
1.625600000000000e+11 6.335627734019663e+00 8.938320059654659e+01
1.628900000000000e+11 6.365385715988135e+00 8.938189430981645e+01
1.632200000000000e+11 6.395167979031460e+00 8.938058930081503e+01
1.635500000000000e+11 6.424975205229894e+00 8.937928339852773e+01
1.638800000000000e+11 6.454807998471842e+00 8.937797408931289e+01
1.642100000000000e+11 6.484666873647655e+00 8.937665876914731e+01
1.645400000000000e+11 6.514552255125110e+00 8.937533501089445e+01
1.648700000000000e+11 6.544464484973868e+00 8.937400081919770e+01
1.652000000000000e+11 6.574403840402867e+00 8.937265484625870e+01
1.655300000000000e+11 6.604370558894836e+00 8.937129654518192e+01
1.658600000000000e+11 6.634364868667878e+00 8.936992624349644e+01
1.661900000000000e+11 6.664387021458834e+00 8.936854512732879e+01
1.665200000000000e+11 6.694437324280789e+00 8.936715513573736e+01
1.668500000000000e+11 6.724516166801800e+00 8.936575877403470e+01
1.671800000000000e+11 6.754624041337956e+00 8.936435886353473e+01
1.675100000000000e+11 6.784761553124015e+00 8.936295825220417e+01
1.678400000000000e+11 6.814929419463647e+00 8.936155951534961e+01
1.681700000000000e+11 6.845128457476164e+00 8.936016467724986e+01
1.685000000000000e+11 6.875359561341814e+00 8.935877498323786e+01
1.688300000000000e+11 6.905623671078244e+00 8.935739074725772e+01
1.691600000000000e+11 6.935921735837819e+00 8.935601129271556e+01
1.694900000000000e+11 6.966254675395231e+00 8.935463499521023e+01
1.698200000000000e+11 6.996623343813164e+00 8.935325942536238e+01
1.701500000000000e+11 7.027028499187042e+00 8.935188157950036e+01
1.704800000000000e+11 7.057470782871018e+00 8.935049817649852e+01
1.708100000000000e+11 7.087950710717521e+00 8.934910599159890e+01
1.711400000000000e+11 7.118468677692254e+00 8.934770219340888e+01
1.714700000000000e+11 7.149024975875655e+00 8.934628464902110e+01
1.718000000000000e+11 7.179619824458640e+00 8.934485216455538e+01
1.721300000000000e+11 7.210253409032306e+00 8.934340463424176e+01
1.724600000000000e+11 7.240925926398218e+00 8.934194307993779e+01
1.727900000000000e+11 7.271637630408883e+00 8.934046957387233e+01
1.731200000000000e+11 7.302388874073656e+00 8.933898704935935e+01
1.734500000000000e+11 7.333180143379899e+00 8.933749901602094e+01
1.737800000000000e+11 7.364012078979187e+00 8.933600920648632e+01
1.741100000000000e+11 7.394885483016250e+00 8.933452118942571e+01
1.744400000000000e+11 7.425801309834231e+00 8.933303798831685e+01
1.747700000000000e+11 7.456760640934890e+00 8.933156174587747e+01
1.751000000000000e+11 7.487764646237482e+00 8.933009347052192e+01
1.754300000000000e+11 7.518814535197741e+00 8.932863289372339e+01
1.757600000000000e+11 7.549911502548535e+00 8.932717845646184e+01
1.760900000000000e+11 7.581056674172221e+00 8.932572743001991e+01
1.764200000000000e+11 7.612251058814373e+00 8.932427616253040e+01
1.767500000000000e+11 7.643495510956027e+00 8.932282042930557e+01
1.770800000000000e+11 7.674790709197482e+00 8.932135585345785e+01
1.774100000000000e+11 7.706137153045053e+00 8.931987835497391e+01
1.777400000000000e+11 7.737535179173558e+00 8.931838458212057e+01
1.780700000000000e+11 7.768984996229238e+00 8.931687227948623e+01
1.784000000000000e+11 7.800486735251329e+00 8.931534055214209e+01
1.787300000000000e+11 7.832040511029812e+00 8.931378999499617e+01
1.790600000000000e+11 7.863646488377399e+00 8.931222266952084e+01
1.793900000000000e+11 7.895304946532063e+00 8.931064192542988e+01
1.797200000000000e+11 7.927016334827951e+00 8.930905208102867e+01
1.800500000000000e+11 7.958781313410165e+00 8.930745799120027e+01
1.803800000000000e+11 7.990600774089288e+00 8.930586454470998e+01
1.807100000000000e+11 8.022475838320652e+00 8.930427614130899e+01
1.810400000000000e+11 8.054407831581484e+00 8.930269620292725e+01
1.813700000000000e+11 8.086398235878185e+00 8.930112677152275e+01
1.817000000000000e+11 8.118448624498829e+00 8.929956823887468e+01
1.820300000000000e+11 8.150560585177887e+00 8.929801924133886e+01
1.823600000000000e+11 8.182735639331417e+00 8.929647673642793e+01
1.826900000000000e+11 8.214975165769205e+00 8.929493625960068e+01
1.830200000000000e+11 8.247280337188961e+00 8.929339234065897e+01
1.833500000000000e+11 8.279652076772434e+00 8.929183904164961e+01
1.836800000000000e+11 8.312091040407390e+00 8.929027056403014e+01
1.840100000000000e+11 8.344597627598505e+00 8.928868186364799e+01
1.843400000000000e+11 8.377172021236898e+00 8.928706920900366e+01
1.846700000000000e+11 8.409814253355849e+00 8.928543062180107e+01
1.850000000000000e+11 8.442524291123080e+00 8.928376614885768e+01
1.853300000000000e+11 8.475302134913802e+00 8.928207793021906e+01
1.856600000000000e+11 8.508147918654920e+00 8.928037004837165e+01
1.859900000000000e+11 8.541062001927852e+00 8.927864816585006e+01
1.863200000000000e+11 8.574045043693134e+00 8.927691898103321e+01
1.866500000000000e+11 8.607098048958331e+00 8.927518955219965e+01
1.869800000000000e+11 8.640222382151970e+00 8.927346655572667e+01
1.873100000000000e+11 8.673419744183528e+00 8.927175555390214e+01
1.876400000000000e+11 8.706692113857814e+00 8.927006034987804e+01
1.879700000000000e+11 8.740041658110759e+00 8.926838250132722e+01
1.883000000000000e+11 8.773470619049355e+00 8.926672105068498e+01
1.886300000000000e+11 8.806981188624667e+00 8.926507250953834e+01
1.889600000000000e+11 8.840575383618690e+00 8.926343110963980e+01
1.892900000000000e+11 8.874254934231802e+00 8.926178930556105e+01
1.896200000000000e+11 8.908021198797584e+00 8.926013848696948e+01
1.899500000000000e+11 8.941875115036510e+00 8.925846983468044e+01
1.902800000000000e+11 8.975817194939319e+00 8.925677523671185e+01
1.906100000000000e+11 9.009847566136663e+00 8.925504817059121e+01
1.909400000000000e+11 9.043966057859034e+00 8.925328445757062e+01
1.912700000000000e+11 9.078172324789518e+00 8.925148280363724e+01
1.916000000000000e+11 9.112465997765991e+00 8.924964506071694e+01
1.919300000000000e+11 9.146846846871934e+00 8.924777616777401e+01
1.922600000000000e+11 9.181314940375280e+00 8.924588376317416e+01
1.925900000000000e+11 9.215870782518442e+00 8.924397749368404e+01
1.929200000000000e+11 9.250515414463866e+00 8.924206807840125e+01
1.932500000000000e+11 9.285250465715134e+00 8.924016621427205e+01
1.935800000000000e+11 9.320078147844640e+00 8.923828143052461e+01
1.939100000000000e+11 9.355001187971215e+00 8.923642100983170e+01
1.942400000000000e+11 9.390022705626114e+00 8.923458909273570e+01
1.945700000000000e+11 9.425146042804895e+00 8.923278606841266e+01
1.949000000000000e+11 9.460374562484587e+00 8.923100833002118e+01
1.952300000000000e+11 9.495711435081231e+00 8.922924843869043e+01
1.955600000000000e+11 9.531159434722813e+00 8.922749569974205e+01
1.958900000000000e+11 9.566720767461421e+00 8.922573711188519e+01
1.962200000000000e+11 9.602396951505916e+00 8.922395860919470e+01
1.965500000000000e+11 9.638188765293449e+00 8.922214648100994e+01
1.968800000000000e+11 9.674096273057282e+00 8.922028883036579e+01
1.972100000000000e+11 9.710118930016748e+00 8.921837692023561e+01
1.975400000000000e+11 9.746255761111520e+00 8.921640626054881e+01
1.978700000000000e+11 9.782505599137250e+00 8.921437730802300e+01
1.982000000000000e+11 9.818867361055862e+00 8.921229568414006e+01
1.985300000000000e+11 9.855340335933901e+00 8.921017186141204e+01
1.988600000000000e+11 9.891924455066489e+00 8.920802032042803e+01
1.991900000000000e+11 9.928620514810417e+00 8.920585823510919e+01
1.995200000000000e+11 9.965430325660101e+00 8.920370379565644e+01
1.998500000000000e+11 1.000235676703236e+01 8.920157432241867e+01
2.001800000000000e+11 1.003940373565643e+01 8.919948435443722e+01
2.005100000000000e+11 1.007657598568971e+01 8.919744390992136e+01
2.008400000000000e+11 1.011387886977484e+01 8.919545711005341e+01
2.011700000000000e+11 1.015131800113139e+01 8.919352133181461e+01
2.015000000000000e+11 1.018889886633670e+01 8.919162701142231e+01
2.018300000000000e+11 1.022662642561686e+01 8.918975816087391e+01
2.021600000000000e+11 1.026450474137425e+01 8.918789359109604e+01
2.024900000000000e+11 1.030253667570886e+01 8.918600876267239e+01
2.028200000000000e+11 1.034072369359067e+01 8.918407811615036e+01
2.031500000000000e+11 1.037906580025452e+01 8.918207767563354e+01
2.034800000000000e+11 1.041756162986581e+01 8.917998767816434e+01
2.038100000000000e+11 1.045620868847315e+01 8.917779496238366e+01
2.041400000000000e+11 1.049500373894662e+01 8.917549485623680e+01
2.044700000000000e+11 1.053394330043151e+01 8.917309233589795e+01
2.048000000000000e+11 1.057302422132798e+01 8.917060228488594e+01
2.051300000000000e+11 1.061224427435759e+01 8.916804875939945e+01
2.054600000000000e+11 1.065160271612133e+01 8.916546325687632e+01
2.057900000000000e+11 1.069110075256411e+01 8.916288208173378e+01
2.061200000000000e+11 1.073074185636356e+01 8.916034299623456e+01
2.064500000000000e+11 1.077053189239363e+01 8.915788142633951e+01
2.067800000000000e+11 1.081047902245201e+01 8.915552655380267e+01
2.071100000000000e+11 1.085059337929547e+01 8.915329765964567e+01
2.074400000000000e+11 1.089088652113429e+01 8.915120108574058e+01
2.077700000000000e+11 1.093137069926676e+01 8.914922814850433e+01
2.081000000000000e+11 1.097205799146782e+01 8.914735427275573e+01
2.084300000000000e+11 1.101295937011880e+01 8.914553951890139e+01
2.087600000000000e+11 1.105408378511648e+01 8.914373056004459e+01
2.090900000000000e+11 1.109543734598771e+01 8.914186403706960e+01
2.094200000000000e+11 1.113702268455642e+01 8.913987109056440e+01
2.097500000000000e+11 1.117883856883407e+01 8.913768275056333e+01
2.100800000000000e+11 1.122087982109566e+01 8.913523576994446e+01
2.104100000000000e+11 1.126313756961553e+01 8.913247842464523e+01
2.107400000000000e+11 1.130559983610835e+01 8.912937578077880e+01
2.110700000000000e+11 1.134825243183136e+01 8.912591394889107e+01
2.114000000000000e+11 1.139108010707570e+01 8.912210290882020e+01
2.117300000000000e+11 1.143406787395557e+01 8.911797759082756e+01
2.120600000000000e+11 1.147720240332762e+01 8.911359703217619e+01
2.123900000000000e+11 1.152047338525911e+01 8.910904158253787e+01
2.127200000000000e+11 1.156387474003166e+01 8.910440829382951e+01
2.130500000000000e+11 1.160740557379841e+01 8.909980478664951e+01
2.133800000000000e+11 1.165107078949014e+01 8.909534202285020e+01
2.137100000000000e+11 1.169488128834023e+01 8.909112651964753e+01
2.140400000000000e+11 1.173885372867040e+01 8.908725260501001e+01
2.143700000000000e+11 1.178300984389588e+01 8.908379533006490e+01
2.147000000000000e+11 1.182737535817412e+01 8.908080461894963e+01
2.150300000000000e+11 1.187197857260238e+01 8.907830115127801e+01
2.153600000000000e+11 1.191684872430177e+01 8.907627434293452e+01
2.156900000000000e+11 1.196201424235490e+01 8.907468262712591e+01
2.160200000000000e+11 1.200750103625880e+01 8.907345605279924e+01
2.163500000000000e+11 1.205333095299562e+01 8.907250102735011e+01
2.166800000000000e+11 1.209952052767635e+01 8.907170685161579e+01
2.170100000000000e+11 1.214608013069669e+01 8.907095354353487e+01
2.173400000000000e+11 1.219301358316995e+01 8.907012033642587e+01
2.176700000000000e+11 1.224031827465243e+01 8.906909417888426e+01
2.180000000000000e+11 1.228798577606968e+01 8.906777756149297e+01
2.183300000000000e+11 1.233600289982792e+01 8.906609505129254e+01
2.186600000000000e+11 1.238435312192604e+01 8.906399802347887e+01
2.189900000000000e+11 1.243301825071621e+01 8.906146723150984e+01
2.193200000000000e+11 1.248198020644473e+01 8.905851303836511e+01
2.196500000000000e+11 1.253122276666137e+01 8.905517332726581e+01
2.199800000000000e+11 1.258073313583304e+01 8.905150930279720e+01
2.203100000000000e+11 1.263050321282205e+01 8.904759956662991e+01
2.206400000000000e+11 1.268053045600027e+01 8.904353299121306e+01
2.209700000000000e+11 1.273081828047819e+01 8.903940100824558e+01
2.213000000000000e+11 1.278137596224235e+01 8.903528996867936e+01
2.216300000000000e+11 1.283221806644081e+01 8.903127421425108e+01
2.219600000000000e+11 1.288336345791319e+01 8.902741042876436e+01
2.222900000000000e+11 1.293483398771551e+01 8.902373371690942e+01
2.226200000000000e+11 1.298665297664969e+01 8.902025570007018e+01
2.229500000000000e+11 1.303884363320668e+01 8.901696473642770e+01
2.232800000000000e+11 1.309142754736845e+01 8.901382818314389e+01
2.236100000000000e+11 1.314442339301188e+01 8.901079643862198e+01
2.239400000000000e+11 1.319784595103263e+01 8.900780834915301e+01
2.242700000000000e+11 1.325170553466537e+01 8.900479745052881e+01
2.246000000000000e+11 1.330600786068595e+01 8.900169845157042e+01
2.249300000000000e+11 1.336075436876483e+01 8.899845335830742e+01
2.252600000000000e+11 1.341594295004730e+01 8.899501668477662e+01
2.255900000000000e+11 1.347156900887796e+01 8.899135929385594e+01
2.259200000000000e+11 1.352762675187654e+01 8.898747054937628e+01
2.262500000000000e+11 1.358411057900026e+01 8.898335862541522e+01
2.265800000000000e+11 1.364101644353160e+01 8.897904899444907e+01
2.269100000000000e+11 1.369834305274042e+01 8.897458128639153e+01
2.272400000000000e+11 1.375609279774472e+01 8.897000485976963e+01
2.275700000000000e+11 1.381427232821392e+01 8.896537354087111e+01
2.279000000000000e+11 1.387289272241721e+01 8.896074005646373e+01
2.282300000000000e+11 1.393196924242786e+01 8.895615070475606e+01
2.285600000000000e+11 1.399152070431231e+01 8.895164077642295e+01
2.288900000000000e+11 1.405156853006733e+01 8.894723115641602e+01
2.292200000000000e+11 1.411213557839421e+01 8.894292641604032e+01
2.295500000000000e+11 1.417324487221155e+01 8.893871455530282e+01
2.298800000000000e+11 1.423491835010953e+01 8.893456839241620e+01
2.302100000000000e+11 1.429717576584067e+01 8.893044843640325e+01
2.305400000000000e+11 1.436003384474590e+01 8.892630693563800e+01
2.308700000000000e+11 1.442350578022017e+01 8.892209268369973e+01
2.312000000000000e+11 1.448760111946519e+01 8.891775609471672e+01
2.315300000000000e+11 1.455232604918628e+01 8.891325403989056e+01
2.318600000000000e+11 1.461768405235110e+01 8.890855396660179e+01
2.321900000000000e+11 1.468367687050375e+01 8.890363689801198e+01
2.325200000000000e+11 1.475030567601610e+01 8.889849902635194e+01
2.328500000000000e+11 1.481757233797394e+01 8.889315175545198e+01
2.331800000000000e+11 1.488548065618678e+01 8.888762020328625e+01
2.335100000000000e+11 1.495403744096503e+01 8.888194032809734e+01
2.338400000000000e+11 1.502325333155959e+01 8.887615497714957e+01
2.341700000000000e+11 1.509314327204550e+01 8.887030926220201e+01
2.345000000000000e+11 1.516372659746062e+01 8.886444573036228e+01
2.348300000000000e+11 1.523502672189032e+01 8.885859981686598e+01
2.351600000000000e+11 1.530707046010890e+01 8.885279603597030e+01
2.354900000000000e+11 1.537988705141624e+01 8.884704529053853e+01
2.358200000000000e+11 1.545350698473915e+01 8.884134356755223e+01
2.361500000000000e+11 1.552796074481757e+01 8.883567214690734e+01
2.364800000000000e+11 1.560327760820648e+01 8.882999929835381e+01
2.368100000000000e+11 1.567948461389179e+01 8.882428329153677e+01
2.371400000000000e+11 1.575660581682799e+01 8.881847641183984e+01
2.374700000000000e+11 1.583466190518697e+01 8.881252957340935e+01
2.378000000000000e+11 1.591367022622815e+01 8.880639706058433e+01
2.381300000000000e+11 1.599364522498067e+01 8.880004091599099e+01
2.384600000000000e+11 1.607459925840084e+01 8.879343452909573e+01
2.387900000000000e+11 1.615654370946538e+01 8.878656505942784e+01
2.391200000000000e+11 1.623949029464883e+01 8.877943444589910e+01
2.394500000000000e+11 1.632345243754756e+01 8.877205889594934e+01
2.397800000000000e+11 1.640844657326069e+01 8.876446690141955e+01
2.401100000000000e+11 1.649449325345594e+01 8.875669597693829e+01
2.404400000000000e+11 1.658161794052202e+01 8.874878844632775e+01
2.407700000000000e+11 1.666985140917122e+01 8.874078670023474e+01
2.411000000000000e+11 1.675922971252879e+01 8.873272840392872e+01
2.414300000000000e+11 1.684979371340540e+01 8.872464214222779e+01
2.417600000000000e+11 1.694158822582516e+01 8.871654394759233e+01
2.420900000000000e+11 1.703466085253682e+01 8.870843507124134e+01
2.424200000000000e+11 1.712906063700815e+01 8.870030123385580e+01
2.427500000000000e+11 1.722483666982757e+01 8.869211344410039e+01
2.430800000000000e+11 1.732203679714302e+01 8.868383031446179e+01
2.434100000000000e+11 1.742070657167356e+01 8.867540165081347e+01
2.437400000000000e+11 1.752088856539309e+01 8.866677296017909e+01
2.440700000000000e+11 1.762262212906171e+01 8.865789042406790e+01
2.444000000000000e+11 1.772594364057151e+01 8.864870583263182e+01
2.447300000000000e+11 1.783088723573850e+01 8.863918097347187e+01
2.450600000000000e+11 1.793748596646523e+01 8.862929101878024e+01
2.453900000000000e+11 1.804577328701627e+01 8.861902655103523e+01
2.457200000000000e+11 1.815578473397869e+01 8.860839400139879e+01
2.460500000000000e+11 1.826755964305903e+01 8.859741443318573e+01
2.463800000000000e+11 1.838114273871710e+01 8.858612076973567e+01
2.467100000000000e+11 1.849658544185099e+01 8.857455372514522e+01
2.470400000000000e+11 1.861394676583687e+01 8.856275683167776e+01
2.473700000000000e+11 1.873329371013277e+01 8.855077105542932e+01
2.477000000000000e+11 1.885470110989203e+01 8.853862954164100e+01
2.480300000000000e+11 1.897825095498645e+01 8.852635302710235e+01
2.483600000000000e+11 1.910403124718025e+01 8.851394639875136e+01
2.486900000000000e+11 1.923213451437202e+01 8.850139676960995e+01
2.490200000000000e+11 1.936265614062280e+01 8.848867329547113e+01
2.493500000000000e+11 1.949569269575949e+01 8.847572878236841e+01
2.496800000000000e+11 1.963134045569606e+01 8.846250295287444e+01
2.500100000000000e+11 1.976969429294743e+01 8.844892706703305e+01
2.503400000000000e+11 1.991084708670881e+01 8.843492944894371e+01
2.506700000000000e+11 2.005488975580347e+01 8.842044136799058e+01
2.510000000000000e+11 2.020191195990491e+01 8.840540267559116e+01
2.513300000000000e+11 2.035200345014472e+01 8.838976661002253e+01
2.516600000000000e+11 2.050525598576845e+01 8.837350325325490e+01
2.519900000000000e+11 2.066176567528301e+01 8.835660124870185e+01
2.523200000000000e+11 2.082163555459512e+01 8.833906755585761e+01
2.526500000000000e+11 2.098497818591601e+01 8.832092521110935e+01
2.529800000000000e+11 2.115191805325055e+01 8.830220926492291e+01
2.533100000000000e+11 2.132259354467241e+01 8.828296125435259e+01
2.536400000000000e+11 2.149715834788001e+01 8.826322272741372e+01
2.539700000000000e+11 2.167578214105926e+01 8.824302844585624e+01
2.543000000000000e+11 2.185865053127675e+01 8.822239994294374e+01
2.546300000000000e+11 2.204596427118980e+01 8.820134009620985e+01
2.549600000000000e+11 2.223793786439443e+01 8.817982929129639e+01
2.552900000000000e+11 2.243479774239557e+01 8.815782360811878e+01
2.556200000000000e+11 2.263678025441857e+01 8.813525526728134e+01
2.559500000000000e+11 2.284412974864832e+01 8.811203535083953e+01
2.562800000000000e+11 2.305709703534880e+01 8.808805857886809e+01
2.566100000000000e+11 2.327593850639326e+01 8.806320970519415e+01
2.569400000000000e+11 2.350091614246417e+01 8.803737091469442e+01
2.572700000000000e+11 2.373229857170154e+01 8.801042948015912e+01
2.576000000000000e+11 2.397036325758456e+01 8.798228488312519e+01
2.579300000000000e+11 2.421539979703383e+01 8.795285462765439e+01
2.582600000000000e+11 2.446771421120926e+01 8.792207807854336e+01
2.585900000000000e+11 2.472763402087200e+01 8.788991782801045e+01
2.589200000000000e+11 2.499551382484209e+01 8.785635832257051e+01
2.592500000000000e+11 2.527174105220285e+01 8.782140174405517e+01
2.595800000000000e+11 2.555674154277027e+01 8.778506141109429e+01
2.599100000000000e+11 2.585098462972815e+01 8.774735322371599e+01
2.602400000000000e+11 2.615498745389600e+01 8.770828588833456e+01
2.605700000000000e+11 2.646931832829200e+01 8.766785081052996e+01
2.609000000000000e+11 2.679459908855429e+01 8.762601261084373e+01
2.612300000000000e+11 2.713150650053523e+01 8.758270119363313e+01
2.615600000000000e+11 2.748077293975017e+01 8.753780617852975e+01
2.618900000000000e+11 2.784318669572419e+01 8.749117429531718e+01
2.622200000000000e+11 2.821959237483050e+01 8.744261006237146e+01
2.625500000000000e+11 2.861089196627046e+01 8.739187974067414e+01
2.628800000000000e+11 2.901804718817145e+01 8.733871821030493e+01
2.632100000000000e+11 2.944208373867797e+01 8.728283808787575e+01
2.635400000000000e+11 2.988409803901484e+01 8.722394012483097e+01
2.638700000000000e+11 3.034526697511587e+01 8.716172372722161e+01
2.642000000000000e+11 3.082686102940222e+01 8.709589633975517e+01
2.645300000000000e+11 3.133026105668015e+01 8.702618045358203e+01
2.648600000000000e+11 3.185697881320353e+01 8.695231713057163e+01
2.651900000000000e+11 3.240868121348212e+01 8.687406517813164e+01
2.655200000000000e+11 3.298721818455115e+01 8.679119543892774e+01
2.658500000000000e+11 3.359465393175093e+01 8.670348005147989e+01
2.661800000000000e+11 3.423330144260762e+01 8.661067695580493e+01
2.665100000000000e+11 3.490576015374613e+01 8.651251032376277e+01
2.668400000000000e+11 3.561495690511200e+01 8.640864794516128e+01
2.671700000000000e+11 3.636419061850504e+01 8.629867685746844e+01
2.675000000000000e+11 3.715718157266984e+01 8.618207863290030e+01
2.678300000000000e+11 3.799812671163387e+01 8.605820570291215e+01
2.681600000000000e+11 3.889176312231631e+01 8.592625988902628e+01
2.684900000000000e+11 3.984344265966353e+01 8.578527391588921e+01
2.688200000000000e+11 4.085922169781597e+01 8.563409611751511e+01
2.691500000000000e+11 4.194597117345057e+01 8.547137783362713e+01
2.694800000000000e+11 4.311151351521671e+01 8.529556216213915e+01
2.698100000000000e+11 4.436479480962662e+01 8.510487182088592e+01
2.701400000000000e+11 4.571610277905118e+01 8.489729290544778e+01
2.704700000000000e+11 4.717734405590053e+01 8.467055032248663e+01
2.708000000000000e+11 4.876239814927407e+01 8.442206961313039e+01
2.711300000000000e+11 5.048757089259509e+01 8.414891870013842e+01
2.714600000000000e+11 5.237217774246126e+01 8.384772167786709e+01
2.717900000000000e+11 5.443929813649032e+01 8.351453491166605e+01
2.721200000000000e+11 5.671675783580169e+01 8.314467309217095e+01
2.724500000000000e+11 5.923841928689232e+01 8.273246896919166e+01
2.727800000000000e+11 6.204589447909141e+01 8.227094441462081e+01
2.731100000000000e+11 6.519084682788954e+01 8.175136083608420e+01
2.734400000000000e+11 6.873812844035066e+01 8.116260145379269e+01
2.737700000000000e+11 7.277012338640718e+01 8.049031259761216e+01
2.741000000000000e+11 7.739286400406917e+01 7.971568906932355e+01
2.744300000000000e+11 8.274480219306230e+01 7.881371738124719e+01
2.747600000000000e+11 8.900962867402066e+01 7.775056757435880e+01
2.750900000000000e+11 9.643536706131843e+01 7.647960626409930e+01
2.754200000000000e+11 1.053633175928118e+02 7.493510685155026e+01
2.757500000000000e+11 1.162725040113274e+02 7.302199162930221e+01
2.760800000000000e+11 1.298479878872260e+02 7.059852592017086e+01
2.764100000000000e+11 1.470826158464004e+02 6.744617585655071e+01
2.767400000000000e+11 1.694094499322652e+02 6.321591749461131e+01
2.770700000000000e+11 1.987807337526957e+02 5.733347388123917e+01
2.774000000000000e+11 2.372291598504049e+02 4.885094632024304e+01
2.777300000000000e+11 2.840699609057418e+02 3.634150274354491e+01
2.780600000000000e+11 3.269529786164238e+02 1.848343805287575e+01
2.783900000000000e+11 3.361688156882925e+02 -3.400236007699533e+00
2.787200000000000e+11 3.003670023188363e+02 -2.398862949433255e+01
2.790500000000000e+11 2.477725672393956e+02 -3.942592632756468e+01
2.793800000000000e+11 2.011506365720726e+02 -4.997612524893380e+01
2.797100000000000e+11 1.652096104820762e+02 -5.718137626222139e+01
2.800400000000000e+11 1.381936499722015e+02 -6.226122682381783e+01
2.803700000000000e+11 1.176655102185444e+02 -6.597727152706858e+01
2.807000000000000e+11 1.017423573215971e+02 -6.878825670724027e+01
2.810300000000000e+11 8.911997512826244e+01 -7.097569573929981e+01
2.813600000000000e+11 7.891083634548991e+01 -7.271815751758088e+01
2.816900000000000e+11 7.050495912694305e+01 -7.413294038019464e+01
2.820200000000000e+11 6.347515585693212e+01 -7.529967092089102e+01
2.823500000000000e+11 5.751589477669671e+01 -7.627404425066230e+01
2.826800000000000e+11 5.240407496195204e+01 -7.709608666796153e+01
2.830100000000000e+11 4.797357711238835e+01 -7.779528392048687e+01
2.833400000000000e+11 4.409846300861842e+01 -7.839385710637981e+01
2.836700000000000e+11 4.068166974023892e+01 -7.890890832132105e+01
2.840000000000000e+11 3.764725491623781e+01 -7.935385540139302e+01
2.843300000000000e+11 3.493498001653019e+01 -7.973940688145100e+01
2.846600000000000e+11 3.249646242899112e+01 -8.007423225388906e+01
2.849900000000000e+11 3.029239902052796e+01 -8.036542636515526e+01
2.853200000000000e+11 2.829053399949277e+01 -8.061883300775048e+01
2.856500000000000e+11 2.646415169007599e+01 -8.083927192885254e+01
2.859800000000000e+11 2.479094454260173e+01 -8.103070020366926e+01
2.863100000000000e+11 2.325215256579902e+01 -8.119633010789202e+01
2.866400000000000e+11 2.183190109715740e+01 -8.133871945833454e+01
2.869700000000000e+11 2.051668479896681e+01 -8.145984582198594e+01
2.873000000000000e+11 1.929496034152188e+01 -8.156117242516933e+01
2.876300000000000e+11 1.815682053909621e+01 -8.164371070464553e+01
2.879600000000000e+11 1.709373010195809e+01 -8.170808207031666e+01
2.882900000000000e+11 1.609830854343868e+01 -8.175457952092539e+01
2.886200000000000e+11 1.516414971770946e+01 -8.178322823700549e+01
2.889500000000000e+11 1.428567035331979e+01 -8.179384315027099e+01
2.892800000000000e+11 1.345798205982662e+01 -8.178608073665487e+01
2.896100000000000e+11 1.267678281170563e+01 -8.175948187668486e+01
2.899400000000000e+11 1.193826499543789e+01 -8.171350254004356e+01
2.902700000000000e+11 1.123903784781975e+01 -8.164752924100040e+01
2.906000000000000e+11 1.057606259794330e+01 -8.156087662635169e+01
2.909300000000000e+11 9.946598917060376e+00 -8.145276513062572e+01
2.912600000000000e+11 9.348161433021479e+00 -8.132227727603829e+01
2.915900000000000e+11 8.778485124280472e+00 -8.116829179227815e+01
2.919200000000000e+11 8.235498411341601e+00 -8.098939514010559e+01
2.922500000000000e+11 7.717302744702542e+00 -8.078377006913882e+01
2.925800000000000e+11 7.222157476235335e+00 -8.054906031980178e+01
2.929100000000000e+11 6.748468818300268e+00 -8.028220925088441e+01
2.932400000000000e+11 6.294781757933536e+00 -7.997926774123115e+01
2.935700000000000e+11 5.859773911520974e+00 -7.963516278193879e+01
2.939000000000000e+11 5.442250481370090e+00 -7.924341216736642e+01
2.942300000000000e+11 5.041139707644198e+00 -7.879576169695522e+01
2.945600000000000e+11 4.655488493769677e+00 -7.828170779949254e+01
2.948900000000000e+11 4.284458220701842e+00 -7.768784789206487e+01
2.952200000000000e+11 3.927321166584055e+00 -7.699696855895317e+01
2.955500000000000e+11 3.583458448354985e+00 -7.618672973689598e+01
2.958800000000000e+11 3.252361081622649e+00 -7.522771695458509e+01
2.962100000000000e+11 2.933636784324057e+00 -7.408048635221543e+01
2.965400000000000e+11 2.627026875945197e+00 -7.269096781043046e+01
2.968700000000000e+11 2.332440766639837e+00 -7.098312230703573e+01
2.972000000000000e+11 2.050021616181347e+00 -6.884688220027942e+01
2.975300000000000e+11 1.780269103422163e+00 -6.611778582547309e+01
2.978600000000000e+11 1.524271268142224e+00 -6.254178383703805e+01
2.981900000000000e+11 1.284152962896217e+00 -5.771409358115201e+01
2.985200000000000e+11 1.063961675595935e+00 -5.097832758545837e+01
2.988500000000000e+11 8.713827247568978e-01 -4.130041948370838e+01
2.991800000000000e+11 7.205078646255924e-01 -2.732921946906999e+01
2.995100000000000e+11 6.330801474068576e-01 -8.469087156253073e+00
2.998400000000000e+11 6.281713737629514e-01 1.267932531545231e+01
3.001700000000000e+11 7.012764226842604e-01 3.116315462100814e+01
3.005000000000000e+11 8.272905485891736e-01 4.471956276636722e+01
3.008300000000000e+11 9.824657595925740e-01 5.409792248466358e+01
3.011600000000000e+11 1.152252795837344e+00 6.064131369053347e+01
3.014900000000000e+11 1.328799961255558e+00 6.534814227886271e+01
3.018200000000000e+11 1.507890711713712e+00 6.884844209252498e+01
3.021500000000000e+11 1.687184813382264e+00 7.153101212131597e+01
3.024800000000000e+11 1.865332664941584e+00 7.364053090249827e+01
3.028100000000000e+11 2.041530898686118e+00 7.533589493058838e+01
3.031400000000000e+11 2.215292247894715e+00 7.672376379835890e+01
3.034700000000000e+11 2.386321640831938e+00 7.787800230394069e+01
3.038000000000000e+11 2.554446870000318e+00 7.885122341450004e+01
3.041300000000000e+11 2.719578274553391e+00 7.968183955434972e+01
3.044600000000000e+11 2.881684247032474e+00 8.039849559905551e+01
3.047900000000000e+11 3.040775491996216e+00 8.102293410416026e+01
3.051200000000000e+11 3.196894135467658e+00 8.157189735386636e+01
3.054500000000000e+11 3.350105512152236e+00 8.205842365430797e+01
3.057800000000000e+11 3.500491444462534e+00 8.249275457532769e+01
3.061100000000000e+11 3.648144412877592e+00 8.288298744166838e+01
3.064400000000000e+11 3.793162370363806e+00 8.323555777055624e+01
3.067700000000000e+11 3.935644162053658e+00 8.355560571671234e+01
3.071000000000000e+11 4.075685622867699e+00 8.384726124577260e+01
3.074300000000000e+11 4.213376468674205e+00 8.411387035521668e+01
3.077600000000000e+11 4.348798090187556e+00 8.435817665935123e+01
3.080900000000000e+11 4.482022318205306e+00 8.458246752811942e+01
3.084200000000000e+11 4.613111167104331e+00 8.478869076960740e+01
3.087500000000000e+11 4.742117492642191e+00 8.497854595470990e+01
3.090800000000000e+11 4.869086430608899e+00 8.515355347517975e+01
3.094100000000000e+11 4.994057423652467e+00 8.531510399796633e+01
3.097400000000000e+11 5.117066601460465e+00 8.546449090219322e+01
3.100700000000000e+11 5.238149258818900e+00 8.560292838904778e+01
3.104000000000000e+11 5.357342178774014e+00 8.573155811174709e+01
3.107300000000000e+11 5.474685573618919e+00 8.585144729127852e+01
3.110600000000000e+11 5.590224461972868e+00 8.596358130302630e+01
3.113900000000000e+11 5.704009361236140e+00 8.606885360530956e+01
3.117200000000000e+11 5.816096245307189e+00 8.616805562099256e+01
3.120500000000000e+11 5.926545790958744e+00 8.626186878417246e+01
3.123800000000000e+11 6.035422005809990e+00 8.635086044745866e+01
3.127100000000000e+11 6.142790389943532e+00 8.643548474600804e+01
3.130400000000000e+11 6.248715826433751e+00 8.651608887570944e+01
3.133700000000000e+11 6.353260419425168e+00 8.659292461356141e+01
3.137000000000000e+11 6.456481499921291e+00 8.666616433788248e+01
3.140300000000000e+11 6.558429999234409e+00 8.673592034007685e+01
3.143600000000000e+11 6.659149350405534e+00 8.680226589483779e+01
3.146900000000000e+11 6.758675023034048e+00 8.686525639556223e+01
3.150200000000000e+11 6.857034732548302e+00 8.692494887425364e+01
3.153500000000000e+11 6.954249297548510e+00 8.698141840168704e+01
3.156800000000000e+11 7.050334055180879e+00 8.703477018006546e+01
3.160100000000000e+11 7.145300690740093e+00 8.708514656046655e+01
3.163400000000000e+11 7.239159298919257e+00 8.713272869655152e+01
3.166700000000000e+11 7.331920473802557e+00 8.717773303668802e+01
3.170000000000000e+11 7.423597224453389e+00 8.722040331264586e+01
3.173300000000000e+11 7.514206532462870e+00 8.726099906393539e+01
3.176600000000000e+11 7.603770404929135e+00 8.729978201085876e+01
3.179900000000000e+11 7.692316327244817e+00 8.733700173555401e+01
3.183200000000000e+11 7.779877079784256e+00 8.737288213951570e+01
3.186500000000000e+11 7.866489945281559e+00 8.740761002122203e+01
3.189800000000000e+11 7.952195393347600e+00 8.744132687286302e+01
3.193100000000000e+11 8.037035379411144e+00 8.747412465528880e+01
3.196400000000000e+11 8.121051432479808e+00 8.750604590784496e+01
3.199700000000000e+11 8.204282725890826e+00 8.753708812289672e+01
3.203000000000000e+11 8.286764325756881e+00 8.756721190388552e+01
3.206300000000000e+11 8.368525793097364e+00 8.759635206936620e+01
3.209600000000000e+11 8.449590279597457e+00 8.762443059688181e+01
3.212900000000000e+11 8.529974207210824e+00 8.765137014414506e+01
3.216200000000000e+11 8.609687563413448e+00 8.767710685380892e+01
3.219500000000000e+11 8.688734782682269e+00 8.770160124255088e+01
3.222800000000000e+11 8.767116126761502e+00 8.772484618323530e+01
3.226100000000000e+11 8.844829427197331e+00 8.774687128773458e+01
3.229400000000000e+11 8.921872018179560e+00 8.776774335660919e+01
3.232700000000000e+11 8.998242669302236e+00 8.778756294463234e+01
3.236000000000000e+11 9.073943328114352e+00 8.780645746135960e+01
3.239300000000000e+11 9.148980501165775e+00 8.782457154922285e+01
3.242600000000000e+11 9.223366137790503e+00 8.784205572893322e+01
3.245900000000000e+11 9.297117929670598e+00 8.785905445184805e+01
3.249200000000000e+11 9.370258996597448e+00 8.787569473907634e+01
3.252500000000000e+11 9.442816989280736e+00 8.789207651514336e+01
3.255800000000000e+11 9.514822697698184e+00 8.790826556772903e+01
3.259100000000000e+11 9.586308302710508e+00 8.792428980152093e+01
3.262400000000000e+11 9.657305444599100e+00 8.794013912880766e+01
3.265700000000000e+11 9.727843301193571e+00 8.795576898325375e+01
3.269000000000000e+11 9.797946868333566e+00 8.797110709058755e+01
3.272300000000000e+11 9.867635616412610e+00 8.798606281488510e+01
3.275600000000000e+11 9.936922660436151e+00 8.800053815226603e+01
3.278900000000000e+11 1.000581453090000e+01 8.801443928901173e+01
3.282200000000000e+11 1.007431157375304e+01 8.802768759294106e+01
3.285500000000000e+11 1.014240894555275e+01 8.804022896922604e+01
3.288800000000000e+11 1.021009811075298e+01 8.805204067753657e+01
3.292100000000000e+11 1.027736869769392e+01 8.806313495931494e+01
3.295400000000000e+11 1.034421053322880e+01 8.807355913679316e+01
3.298700000000000e+11 1.041061565663337e+01 8.808339218851856e+01
3.302000000000000e+11 1.047658011345603e+01 8.809273814673816e+01
3.305300000000000e+11 1.054210534940688e+01 8.810171696799691e+01
3.308600000000000e+11 1.060719906155933e+01 8.811045377128694e+01
3.311900000000000e+11 1.067187541565876e+01 8.811906749564932e+01
3.315200000000000e+11 1.073615459943993e+01 8.812766008666257e+01
3.318500000000000e+11 1.080006174678908e+01 8.813630727315321e+01
3.321800000000000e+11 1.086362533013721e+01 8.814505184568819e+01
3.325100000000000e+11 1.092687517251284e+01 8.815390011031292e+01
3.328400000000000e+11 1.098984027079175e+01 8.816282188634963e+01
3.331700000000000e+11 1.105254664366397e+01 8.817175407440062e+01
3.335000000000000e+11 1.111501541919821e+01 8.818060747264269e+01
3.338300000000000e+11 1.117726135711422e+01 8.818927619989138e+01
3.341600000000000e+11 1.123929196155914e+01 8.819764882421933e+01
3.344900000000000e+11 1.130110728486304e+01 8.820562012204110e+01
3.348200000000000e+11 1.136270045661648e+01 8.821310232210182e+01
3.351500000000000e+11 1.142405890175694e+01 8.822003472906027e+01
3.354800000000000e+11 1.148516614298934e+01 8.822639076877728e+01
3.358100000000000e+11 1.154600402342073e+01 8.823218173799083e+01
3.361400000000000e+11 1.160655514061447e+01 8.823745685198257e+01
3.364700000000000e+11 1.166680525784583e+01 8.824229953579943e+01
3.368000000000000e+11 1.172674545492206e+01 8.824682026481325e+01
3.371300000000000e+11 1.178637380026029e+01 8.825114659544590e+01
3.374600000000000e+11 1.184569636665162e+01 8.825541130569134e+01
3.377900000000000e+11 1.190472747196470e+01 8.825973976145121e+01
3.381200000000000e+11 1.196348909786671e+01 8.826423771943527e+01
3.384500000000000e+11 1.202200951805227e+01 8.826898075996891e+01
3.387800000000000e+11 1.208032124521830e+01 8.827400641271288e+01
3.391100000000000e+11 1.213845847568450e+01 8.827930980449253e+01
3.394400000000000e+11 1.219645426520692e+01 8.828484334037570e+01
3.397700000000000e+11 1.225433770344423e+01 8.829052055469857e+01
3.401000000000000e+11 1.231213136380055e+01 8.829622387200638e+01
3.404300000000000e+11 1.236984928833886e+01 8.830181563627765e+01
3.407600000000000e+11 1.242749572501041e+01 8.830715143728527e+01
3.410900000000000e+11 1.248506476992916e+01 8.831209451823153e+01
3.414200000000000e+11 1.254254098639466e+01 8.831652991384480e+01
3.417500000000000e+11 1.259990098206555e+01 8.832037695748834e+01
3.420800000000000e+11 1.265711583430898e+01 8.832359891217106e+01
3.424100000000000e+11 1.271415416973008e+01 8.832620871431294e+01
3.427400000000000e+11 1.277098563505430e+01 8.832827015056974e+01
3.430700000000000e+11 1.282758444950288e+01 8.832989418810809e+01
3.434000000000000e+11 1.288393270833684e+01 8.833123061282419e+01
3.437300000000000e+11 1.294002311592848e+01 8.833245556071424e+01
3.440600000000000e+11 1.299586086467877e+01 8.833375591772291e+01
3.443900000000000e+11 1.305146444099229e+01 8.833531187876162e+01
3.447200000000000e+11 1.310686522659859e+01 8.833727916843590e+01
3.450500000000000e+11 1.316210586595729e+01 8.833977251321832e+01
3.453800000000000e+11 1.321723747983448e+01 8.834285190566985e+01
3.457100000000000e+11 1.327231591192269e+01 8.834651301511281e+01
3.460400000000000e+11 1.332739728993199e+01 8.835068278688520e+01
3.463700000000000e+11 1.338253325588744e+01 8.835522085680535e+01
3.467000000000000e+11 1.343776626501293e+01 8.835992692210841e+01
3.470300000000000e+11 1.349312536352826e+01 8.836455369647904e+01
3.473600000000000e+11 1.354862283090990e+01 8.836882458083198e+01
3.476900000000000e+11 1.360425201294353e+01 8.837245474902326e+01
3.480200000000000e+11 1.365998658274960e+01 8.837517401936026e+01
3.483500000000000e+11 1.371578135523281e+01 8.837674968970870e+01
3.486800000000000e+11 1.377157465549282e+01 8.837700747429697e+01
3.490100000000000e+11 1.382729211419269e+01 8.837584879746397e+01
3.493400000000000e+11 1.388285164338708e+01 8.837326296263154e+01
3.496700000000000e+11 1.393816924474078e+01 8.836933310013097e+01
3.500000000000000e+11 1.399316522669551e+01 8.836423527215688e+01
